[gd_scene load_steps=5 format=2]

[ext_resource path="res://player/base_mesh.tscn" type="PackedScene" id=1]
[ext_resource path="res://ui/items/vis/coat.gd" type="Script" id=2]
[ext_resource path="res://ui/items/vis/jackie_preview.gd" type="Script" id=3]

[sub_resource type="AnimationNodeStateMachinePlayback" id=2]

[node name="jackie_preview" instance=ExtResource( 1 )]
script = ExtResource( 3 )

[node name="Armature" parent="." index="0"]
transform = Transform( 1, 0, 0, 0, 1, 0, 0, 0, 1, 0, -0.485731, 0 )

[node name="Skeleton" parent="Armature" index="0"]
bones/2/bound_children = [  ]
bones/3/bound_children = [  ]
bones/4/bound_children = [  ]
bones/6/bound_children = [  ]
bones/29/bound_children = [  ]
bones/48/bound_children = [  ]
bones/52/bound_children = [  ]
bones/58/bound_children = [  ]
bones/60/bound_children = [  ]
bones/62/bound_children = [  ]
bones/64/bound_children = [  ]

[node name="coat" parent="Armature/Skeleton" index="0"]
script = ExtResource( 2 )

[node name="footLeft" parent="Armature/Skeleton" index="4"]
transform = Transform( 0.0610292, 0.0446531, -0.997137, -0.761391, -0.643891, -0.0754347, -0.645415, 0.763814, -0.00529778, 0.118805, 0.108815, -0.00336724 )

[node name="footRight" parent="Armature/Skeleton" index="5"]
transform = Transform( 0.0608697, -0.0446781, 0.997145, 0.763713, -0.641144, -0.0753471, 0.642679, 0.76612, -0.0049049, -0.118678, 0.108781, -0.00167888 )

[node name="chest" parent="Armature/Skeleton" index="6"]
transform = Transform( 1, 3.07199e-06, -0.000222046, 3.092e-05, 0.988238, 0.152923, 0.000219904, -0.152923, 0.988238, 1.14434e-05, 1.01884, -0.00911283 )

[node name="head" parent="Armature/Skeleton" index="7"]
transform = Transform( 0.933262, -0.000418933, -0.000256083, -0.000167226, 0.186447, -0.914449, 0.000461647, 0.914449, 0.186447, 2.14122e-05, 1.20695, -0.00928591 )

[node name="hair" parent="Armature/Skeleton/head" index="2"]
player_velocity_influence = false

[node name="gun" parent="Armature/Skeleton" index="8"]
transform = Transform( 0.722954, -0.116922, 0.680931, -0.0516609, -0.991966, -0.115481, 0.688963, 0.0483098, -0.723186, 0.210088, 0.702826, 0.0215668 )
visible = false
script = null

[node name="handRight" parent="Armature/Skeleton" index="10"]
transform = Transform( 0.71901, 0.0740273, -0.691046, -0.0374265, -0.988744, -0.144858, -0.693992, 0.130018, -0.708147, -0.212631, 0.716787, 0.0344815 )

[node name="knee_left" parent="Armature/Skeleton" index="11"]
transform = Transform( -0.0382346, 0.0617108, -0.997362, -0.0601496, -0.996424, -0.0593468, -0.997457, 0.0577218, 0.0418096, 0.0866772, 0.775573, 0.0113146 )

[node name="knee_right" parent="Armature/Skeleton" index="12"]
transform = Transform( -0.0383038, -0.061444, 0.997375, 0.0621225, -0.996324, -0.0589933, 0.997333, 0.0596998, 0.0419801, -0.0866659, 0.775601, 0.0113068 )

[node name="coat_tails" parent="Armature/Skeleton" index="13"]
transform = Transform( -0.000165203, 0.000195326, -1, 0.000483096, -1, -0.000195395, -1, -0.000483155, 0.000165066, -0.00270772, 0.917718, 0.0212942 )

[node name="lumbar" parent="Armature/Skeleton" index="14"]
transform = Transform( 1, -4.14359e-05, -7.16658e-05, 1.53544e-05, 0.943531, -0.331283, 8.13459e-05, 0.331283, 0.943531, 1.59631e-05, 0.84083, -0.031185 )

[node name="backLower" parent="Armature/Skeleton" index="15"]
transform = Transform( 1, -5.9975e-06, -0.000152272, 2.30989e-05, 0.993645, 0.112559, 0.000150629, -0.112559, 0.993645, 1.19689e-05, 0.931781, 0.000748901 )

[node name="anim" parent="." index="1"]
autoplay = "Sitting_Floor-loop"
script = null

[node name="AnimationTree" parent="." index="2"]
parameters/WholeBody/playback = SubResource( 2 )

[node name="drop_shadow2" parent="." index="6"]
script = null

[node name="drop_shadow" parent="." index="7"]
script = null
