[gd_scene load_steps=7 format=2]

[ext_resource path="res://player/jackie.tscn" type="PackedScene" id=1]
[ext_resource path="res://ui/items/vis/coat.gd" type="Script" id=2]
[ext_resource path="res://material/env/ancient/metal_albedo.png" type="Texture" id=3]
[ext_resource path="res://material/triplanar_local_coords.shader" type="Shader" id=4]

[sub_resource type="ShaderMaterial" id=2]
resource_local_to_scene = true
shader = ExtResource( 4 )
shader_param/uv_scale = 0.5
shader_param/power = 5.0
shader_param/softness = 0.599
shader_param/specularity = 12.0
shader_param/light_bias = 0.14
shader_param/wall = ExtResource( 3 )
shader_param/ground = ExtResource( 3 )
shader_param/ceiling = ExtResource( 3 )

[sub_resource type="AnimationNodeStateMachinePlayback" id=1]

[node name="jackie" instance=ExtResource( 1 )]
script = null

[node name="Armature" parent="." index="0"]
transform = Transform( 1, 0, 0, 0, 1, 0, 0, 0, 1, 0, -0.285116, 0 )

[node name="coat" parent="Armature/Skeleton" index="0"]
script = ExtResource( 2 )

[node name="hover_board" parent="Armature/Skeleton" index="1"]
visible = false
material/0 = SubResource( 2 )

[node name="footLeft" parent="Armature/Skeleton" index="4"]
transform = Transform( 0.0493796, 0.0418425, -0.997903, -0.76259, -0.643634, -0.0647233, -0.644993, 0.764187, 0.00012617, 0.118776, 0.108887, -0.00203503 )
visible = false

[node name="footRight" parent="Armature/Skeleton" index="5"]
transform = Transform( 0.0493845, -0.0418424, 0.997904, 0.762589, -0.643637, -0.0647272, 0.644995, 0.764186, 0.000122761, -0.118776, 0.108887, -0.0020353 )
visible = false

[node name="chest" parent="Armature/Skeleton" index="6"]
transform = Transform( 1, -2.75335e-14, 2.38419e-07, -3.65585e-08, 0.988174, 0.153337, -2.35599e-07, -0.153337, 0.988174, 5.39062e-15, 1.01891, -0.00604913 )
visible = false

[node name="time_trail" parent="Armature/Skeleton/chest" index="0"]
script = null

[node name="head" parent="Armature/Skeleton" index="7"]
transform = Transform( 1, 4.26326e-14, -3.05533e-13, -3.41061e-13, 0.203954, -0.97898, 7.10543e-14, 0.97898, 0.203954, 1.49966e-15, 1.21111, -0.0060491 )

[node name="gun" parent="Armature/Skeleton" index="8"]
transform = Transform( 0.777109, 0.00107549, 0.629366, 0.0282345, -0.999052, -0.0331554, 0.628733, 0.0435355, -0.776402, 0.25739, 0.720046, 0.0177433 )
visible = false
script = null

[node name="base_reference" parent="Armature/Skeleton/gun" index="1"]
visible = false

[node name="reference" parent="Armature/Skeleton/gun" index="2"]
visible = false

[node name="laser" parent="Armature/Skeleton/gun/reference" index="0"]
visible = false

[node name="cast" parent="Armature/Skeleton/gun/reference/laser" index="1"]
script = null

[node name="target" parent="Armature/Skeleton/gun/gun_ik" index="0"]
visible = false

[node name="handRight" parent="Armature/Skeleton" index="12"]
transform = Transform( 0.777108, -0.00107619, -0.629367, -0.028236, -0.999051, -0.0331559, -0.628734, 0.0435363, -0.776401, -0.247847, 0.722929, 0.0260771 )
visible = false

[node name="ref" parent="Armature/Skeleton/handRight" index="0"]
visible = false

[node name="knee_left" parent="Armature/Skeleton" index="13"]
transform = Transform( -0.0255654, 0.0538723, -0.998221, -0.0492497, -0.997402, -0.0525668, -0.998459, 0.0478181, 0.0281522, 0.0866715, 0.809257, 0.014476 )

[node name="knee_right" parent="Armature/Skeleton" index="14"]
transform = Transform( -0.0255653, -0.0538732, 0.998221, 0.0492598, -0.997402, -0.0525674, 0.998459, 0.0478282, 0.0281526, -0.0866715, 0.809257, 0.014476 )

[node name="coat_tails" parent="Armature/Skeleton" index="15"]
transform = Transform( 1.92244e-07, -2.54188e-08, -1, -2.98023e-08, -1, 3.6704e-08, -1, 2.98023e-08, -2.3978e-07, -0.00271823, 0.9178, 0.0244011 )

[node name="lumbar" parent="Armature/Skeleton" index="16"]
transform = Transform( 1, 0, 2.38419e-07, 7.88893e-08, 0.943671, -0.330886, -2.24989e-07, 0.330886, 0.943671, 7.10085e-15, 0.84089, -0.0280461 )

[node name="AnimationTree" parent="." index="2"]
active = false
parameters/WholeBody/playback = SubResource( 1 )

[node name="audio" parent="." index="3"]
visible = false

[node name="dive_particles" parent="." index="4"]
visible = false

[node name="max_dive_particles" parent="." index="5"]
visible = false

[node name="AnimationPlayer" parent="." index="8"]
autoplay = "Sitting_Floor-loop"
