[gd_scene load_steps=4 format=2]

[ext_resource path="res://player/jackie.tscn" type="PackedScene" id=1]
[ext_resource path="res://ui/items/vis/coat.gd" type="Script" id=2]

[sub_resource type="AnimationNodeStateMachinePlayback" id=1]

[node name="jackie" instance=ExtResource( 1 )]
script = null

[node name="Skeleton" parent="Armature" index="0"]
bones/4/bound_children = [  ]
bones/6/bound_children = [  ]
bones/31/bound_children = [  ]
bones/50/bound_children = [  ]
bones/60/bound_children = [  ]
bones/64/bound_children = [  ]

[node name="coat" parent="Armature/Skeleton" index="0"]
script = ExtResource( 2 )

[node name="hover_board" parent="Armature/Skeleton" index="2"]
visible = false

[node name="footLeft" parent="Armature/Skeleton" index="4"]
transform = Transform( 0.286362, -0.140029, -0.947833, -0.205139, -0.975281, 0.0821068, -0.935902, 0.170925, -0.308009, 0.107989, 0.15481, 0.00767921 )
visible = false

[node name="footRight" parent="Armature/Skeleton" index="5"]
transform = Transform( -0.0304775, 0.137028, 0.990099, -0.0776657, -0.987889, 0.134332, 0.996513, -0.0728026, 0.0407511, -0.0331044, 0.231959, 0.0716732 )
visible = false

[node name="chest" parent="Armature/Skeleton" index="6"]
transform = Transform( 0.994738, -0.0384295, 0.0949647, 0.0571759, 0.977431, -0.203368, -0.0850062, 0.207728, 0.974486, 3.57259e-05, 1.02395, -0.0179289 )
visible = false

[node name="time_trail" parent="Armature/Skeleton/chest" index="0"]
script = null

[node name="head" parent="Armature/Skeleton" index="7"]
transform = Transform( 0.998465, 0.0139375, -0.0536024, -0.0414331, -0.454268, -0.889901, -0.0367529, 0.890756, -0.452994, -0.00446431, 1.2036, 0.0502432 )
visible = false

[node name="gun" parent="Armature/Skeleton" index="8"]
transform = Transform( 0.455509, 0.455767, 0.764715, 0.610672, -0.78501, 0.104111, 0.647759, 0.419566, -0.635903, 0.248096, 0.809966, 0.0633461 )
visible = false
script = null

[node name="base_reference" parent="Armature/Skeleton/gun" index="0"]
visible = false

[node name="reference" parent="Armature/Skeleton/gun" index="1"]
visible = false

[node name="laser" parent="Armature/Skeleton/gun/reference" index="0"]
visible = false

[node name="cast" parent="Armature/Skeleton/gun/reference/laser" index="0"]
script = null

[node name="target" parent="Armature/Skeleton/gun/gun_ik" index="0"]
visible = false

[node name="handRight" parent="Armature/Skeleton" index="10"]
transform = Transform( 0.581254, -0.608305, -0.540471, -0.639214, -0.752344, 0.159321, -0.503536, 0.252871, -0.82614, -0.256269, 0.784883, 0.0498467 )
visible = false

[node name="ref" parent="Armature/Skeleton/handRight" index="0"]
visible = false

[node name="AnimationPlayer" parent="." index="1"]
autoplay = "Sitting_Floor-loop"

[node name="AnimationTree" parent="." index="2"]
active = false
parameters/WholeBody/playback = SubResource( 1 )

[node name="audio" parent="." index="3"]
visible = false

[node name="dive_particles" parent="." index="4"]
visible = false

[node name="max_dive_particles" parent="." index="5"]
visible = false
