[gd_scene load_steps=5 format=2]

[ext_resource path="res://player/base_mesh.tscn" type="PackedScene" id=1]
[ext_resource path="res://ui/items/vis/coat.gd" type="Script" id=2]
[ext_resource path="res://ui/items/vis/jackie_preview.gd" type="Script" id=3]

[sub_resource type="AnimationNodeStateMachinePlayback" id=2]

[node name="jackie_preview" instance=ExtResource( 1 )]
script = ExtResource( 3 )

[node name="Armature" parent="." index="0"]
transform = Transform( 1, 0, 0, 0, 1, 0, 0, 0, 1, 0, -0.485731, 0 )

[node name="Skeleton" parent="Armature" index="0"]
bones/2/bound_children = [ NodePath("lumbar") ]
bones/3/bound_children = [ NodePath("backLower") ]
bones/4/bound_children = [ NodePath("chest") ]
bones/6/bound_children = [ NodePath("head") ]
bones/29/bound_children = [ NodePath("gun") ]
bones/48/bound_children = [ NodePath("handRight") ]
bones/52/bound_children = [ NodePath("coat_tails") ]
bones/58/bound_children = [ NodePath("knee_left") ]
bones/60/bound_children = [ NodePath("footLeft") ]
bones/62/bound_children = [ NodePath("knee_right") ]
bones/64/bound_children = [ NodePath("footRight") ]

[node name="coat" parent="Armature/Skeleton" index="0"]
script = ExtResource( 2 )

[node name="footLeft" parent="Armature/Skeleton" index="4"]
transform = Transform( 0.0504025, 0.0422576, -0.997835, -0.767071, -0.638184, -0.0657726, -0.639581, 0.768725, 0.000248352, 0.119191, 0.108707, 0.000805032 )

[node name="footRight" parent="Armature/Skeleton" index="5"]
transform = Transform( 0.049212, -0.0418195, 0.997912, 0.76227, -0.64403, -0.0645806, 0.645386, 0.763858, 0.0001837, -0.118611, 0.108784, -0.00261363 )

[node name="chest" parent="Armature/Skeleton" index="6"]
transform = Transform( 1, -3.24033e-06, 0.000215558, -2.97616e-05, 0.988238, 0.152923, -0.000213519, -0.152923, 0.988238, -1.03728e-05, 1.01881, -0.0269496 )

[node name="head" parent="Armature/Skeleton" index="7"]
transform = Transform( 0.999986, -0.00411118, -0.00329923, -0.00259049, 0.161822, -0.986816, 0.00459087, 0.986811, 0.161809, 0.000153285, 1.21029, -0.022778 )

[node name="hair" parent="Armature/Skeleton/head" index="2"]
player_velocity_influence = false

[node name="gun" parent="Armature/Skeleton" index="8"]
transform = Transform( 0.675765, -0.108865, 0.729034, 0.0281209, -0.984506, -0.173081, 0.736581, 0.137463, -0.662233, 0.212142, 0.708039, 0.037333 )
visible = false
script = null

[node name="handRight" parent="Armature/Skeleton" index="10"]
transform = Transform( 0.676157, 0.0893433, -0.731321, -0.0647541, -0.981572, -0.179785, -0.733907, 0.168919, -0.657912, -0.208114, 0.717591, 0.0420759 )

[node name="knee_left" parent="Armature/Skeleton" index="11"]
transform = Transform( -0.0252691, 0.0613384, -0.997797, -0.0927402, -0.993956, -0.0587536, -0.99537, 0.0910512, 0.0308047, 0.0866532, 0.775555, -0.00652635 )

[node name="knee_right" parent="Armature/Skeleton" index="12"]
transform = Transform( -0.0252192, -0.0609197, 0.997824, 0.0907597, -0.994159, -0.058402, 0.995554, 0.0890894, 0.030601, -0.0866899, 0.775566, -0.00652642 )

[node name="coat_tails" parent="Armature/Skeleton" index="13"]
transform = Transform( -9.23434e-05, -1.72912e-05, -1, 0.000318021, -1, 1.72722e-05, -1, -0.000318021, 9.23063e-05, -0.00272768, 0.917691, 0.00345794 )

[node name="lumbar" parent="Armature/Skeleton" index="14"]
transform = Transform( 1, 3.97154e-05, 6.96237e-05, -1.44075e-05, 0.943531, -0.331283, -7.88492e-05, 0.331283, 0.943531, -1.4687e-05, 0.840804, -0.0490218 )

[node name="backLower" parent="Armature/Skeleton" index="15"]
transform = Transform( 1, 5.54529e-06, 0.000147764, -2.21422e-05, 0.993645, 0.112559, -0.000146201, -0.112559, 0.993645, -1.08587e-05, 0.931755, -0.0170879 )

[node name="anim" parent="." index="1"]
autoplay = "Sitting_Floor-loop"
script = null

[node name="AnimationTree" parent="." index="2"]
parameters/WholeBody/playback = SubResource( 2 )

[node name="drop_shadow2" parent="." index="6"]
script = null

[node name="drop_shadow" parent="." index="7"]
script = null
