[gd_scene load_steps=4 format=2]

[ext_resource path="res://player/jackie.tscn" type="PackedScene" id=1]
[ext_resource path="res://ui/items/vis/coat.gd" type="Script" id=2]

[sub_resource type="AnimationNodeStateMachinePlayback" id=1]

[node name="jackie" instance=ExtResource( 1 )]
script = null

[node name="Armature" parent="." index="0"]
transform = Transform( 1, 0, 0, 0, 1, 0, 0, 0, 1, 0, -0.285116, 0 )

[node name="coat" parent="Armature/Skeleton" index="0"]
script = ExtResource( 2 )

[node name="footLeft" parent="Armature/Skeleton" index="4"]
transform = Transform( 0.0568267, -0.358492, -0.931801, -0.632937, -0.734724, 0.24407, -0.772114, 0.575902, -0.268655, -0.149438, 0.313943, 0.374184 )
visible = false

[node name="footRight" parent="Armature/Skeleton" index="5"]
transform = Transform( 0.317872, 0.285509, 0.904126, 0.762384, -0.643882, -0.0647103, 0.563674, 0.709861, -0.422339, -0.0115919, 0.108855, 0.323842 )
visible = false

[node name="chest" parent="Armature/Skeleton" index="6"]
transform = Transform( 0.998904, 0.0468072, 0.0003622, -0.0466323, 0.994442, 0.0943946, 0.00405816, -0.094308, 0.995535, -0.0218286, 0.732217, -0.0102119 )
visible = false

[node name="time_trail" parent="Armature/Skeleton/chest" index="0"]
script = null

[node name="head" parent="Armature/Skeleton" index="7"]
transform = Transform( 0.998904, -0.00369562, -0.0466625, -0.0466323, 0.00786306, -0.998881, 0.00405839, 0.999962, 0.00768214, -0.0129281, 0.923869, 0.0012162 )

[node name="gun" parent="Armature/Skeleton" index="8"]
transform = Transform( -0.285883, -0.787613, 0.545836, 0.9377, -0.347303, -0.0100181, 0.197461, 0.508966, 0.837832, -0.00328695, 0.679493, 0.246076 )
visible = false
script = null

[node name="base_reference" parent="Armature/Skeleton/gun" index="1"]
visible = false

[node name="reference" parent="Armature/Skeleton/gun" index="2"]
visible = false

[node name="laser" parent="Armature/Skeleton/gun/reference" index="0"]
visible = false

[node name="cast" parent="Armature/Skeleton/gun/reference/laser" index="1"]
script = null

[node name="target" parent="Armature/Skeleton/gun/gun_ik" index="0"]
visible = false

[node name="handRight" parent="Armature/Skeleton" index="12"]
transform = Transform( -0.347693, 0.516446, -0.782555, -0.917612, -0.358884, 0.170856, -0.192608, 0.777486, 0.598679, -0.0787467, 0.669821, 0.221357 )
visible = false

[node name="ref" parent="Armature/Skeleton/handRight" index="0"]
visible = false

[node name="knee_left" parent="Armature/Skeleton" index="13"]
transform = Transform( -0.214734, -0.458037, -0.862607, -0.898017, 0.439846, -0.0100056, 0.383997, 0.772487, -0.505775, 0.100134, 0.535292, 0.0106557 )

[node name="knee_right" parent="Armature/Skeleton" index="14"]
transform = Transform( 0.126148, 0.239762, 0.962601, 0.991997, -0.0251493, -0.123736, -0.0054583, 0.970506, -0.241015, -0.0710929, 0.509904, 0.0198607 )

[node name="coat_tails" parent="Armature/Skeleton" index="15"]
transform = Transform( -0.0101354, 0.163446, -0.9865, -0.0338276, -0.986042, -0.163022, -0.999376, 0.0317187, 0.0155228, -0.0076759, 0.633108, 0.0234685 )

[node name="lumbar" parent="Armature/Skeleton" index="16"]
transform = Transform( 0.9865, -0.150885, 0.0636467, 0.163022, 0.941692, -0.294345, -0.0155233, 0.300748, 0.953577, 0.00704465, 0.55594, -0.0265487 )

[node name="AnimationTree" parent="." index="2"]
active = false
parameters/WholeBody/playback = SubResource( 1 )

[node name="audio" parent="." index="3"]
visible = false

[node name="dive_particles" parent="." index="4"]
visible = false

[node name="max_dive_particles" parent="." index="5"]
visible = false

[node name="AnimationPlayer" parent="." index="8"]
autoplay = "Sitting_Floor-loop"
