[gd_scene load_steps=4 format=2]

[ext_resource path="res://player/base_mesh.tscn" type="PackedScene" id=1]
[ext_resource path="res://ui/items/vis/coat.gd" type="Script" id=2]

[sub_resource type="AnimationNodeStateMachinePlayback" id=2]

[node name="jackie_preview" instance=ExtResource( 1 )]
script = null

[node name="Armature" parent="." index="0"]
transform = Transform( 1, 0, 0, 0, 1, 0, 0, 0, 1, 0, -0.485731, 0 )

[node name="Skeleton" parent="Armature" index="0"]
bones/2/bound_children = [  ]
bones/3/bound_children = [  ]
bones/4/bound_children = [  ]
bones/6/bound_children = [  ]
bones/29/bound_children = [  ]
bones/48/bound_children = [  ]
bones/52/bound_children = [  ]
bones/58/bound_children = [  ]
bones/60/bound_children = [  ]
bones/62/bound_children = [  ]
bones/64/bound_children = [  ]

[node name="coat" parent="Armature/Skeleton" index="0"]
script = ExtResource( 2 )

[node name="footLeft" parent="Armature/Skeleton" index="4"]
transform = Transform( 0.0149589, 0.0328853, -0.999348, -0.764864, -0.643366, -0.03262, -0.644018, 0.764853, 0.0155287, 0.118776, 0.108887, -0.00203504 )

[node name="footRight" parent="Armature/Skeleton" index="5"]
transform = Transform( 0.0149591, -0.0328851, 0.999347, 0.764864, -0.643365, -0.03262, 0.644018, 0.764853, 0.0155285, -0.118776, 0.108887, -0.00203493 )

[node name="chest" parent="Armature/Skeleton" index="6"]
transform = Transform( 1, -2.66454e-15, 2.38419e-07, -3.65584e-08, 0.988174, 0.153337, -2.35599e-07, -0.153337, 0.988174, 1.52796e-16, 1.01891, -0.00604917 )

[node name="head" parent="Armature/Skeleton" index="7"]
transform = Transform( 1, -4.26326e-14, -3.62377e-13, -3.30402e-13, 0.203954, -0.97898, -1.42109e-14, 0.97898, 0.203954, 5.7634e-17, 1.21111, -0.00604918 )

[node name="hair" parent="Armature/Skeleton/head" index="2"]
player_velocity_influence = false

[node name="gun" parent="Armature/Skeleton" index="8"]
transform = Transform( 0.725484, 5.96046e-08, 0.68824, 2.79397e-08, -1, -1.04308e-07, 0.68824, 1.49012e-07, -0.725483, 0.257359, 0.720005, 0.0148188 )
visible = false
script = null

[node name="handRight" parent="Armature/Skeleton" index="10"]
transform = Transform( 0.725484, 1.49012e-08, -0.68824, -1.64378e-07, -1, -1.78814e-07, -0.68824, 1.78814e-07, -0.725483, -0.247187, 0.722533, 0.0224977 )

[node name="knee_left" parent="Armature/Skeleton" index="11"]
transform = Transform( 0.00199112, 0.0582328, -0.998301, -0.0538387, -0.996849, -0.0582554, -0.998548, 0.0538632, 0.00115022, 0.0866715, 0.775664, 0.014476 )

[node name="knee_right" parent="Armature/Skeleton" index="12"]
transform = Transform( 0.00199155, -0.0582329, 0.998301, 0.0538388, -0.996849, -0.0582555, 0.998548, 0.0538633, 0.00114998, -0.0866715, 0.775664, 0.014476 )

[node name="coat_tails" parent="Armature/Skeleton" index="13"]
transform = Transform( 1.92244e-07, -4.03199e-08, -1, -5.96046e-08, -1, 5.07658e-08, -1, 5.96046e-08, -2.3485e-07, -0.00271823, 0.9178, 0.024401 )

[node name="lumbar" parent="Armature/Skeleton" index="14"]
transform = Transform( 1, 0, 2.38419e-07, 7.88893e-08, 0.943671, -0.330886, -2.24989e-07, 0.330886, 0.943671, -4.57904e-18, 0.84089, -0.0280461 )

[node name="backLower" parent="Armature/Skeleton" index="15"]
transform = Transform( 1, 0, 2.38419e-07, -2.69365e-08, 0.993597, 0.11298, -2.36892e-07, -0.11298, 0.993597, 1.57375e-16, 0.931855, 0.00384948 )

[node name="anim" parent="." index="1"]
autoplay = "Sitting_Floor-loop"
script = null

[node name="AnimationTree" parent="." index="2"]
parameters/WholeBody/playback = SubResource( 2 )

[node name="drop_shadow2" parent="." index="6"]
script = null

[node name="drop_shadow" parent="." index="7"]
script = null
