[gd_scene load_steps=12 format=2]

[ext_resource path="res://areas/chunk_content.gd" type="Script" id=1]
[ext_resource path="res://entities/env/train_set/20m-1v-slant_to_slant.tscn" type="PackedScene" id=2]
[ext_resource path="res://entities/env/train_set/20m-1v-straight_to_slant.tscn" type="PackedScene" id=3]
[ext_resource path="res://entities/env/stone/rock3.tscn" type="PackedScene" id=4]
[ext_resource path="res://entities/env/train_set/straight_to_15.tscn" type="PackedScene" id=5]
[ext_resource path="res://entities/env/train_set/20m-1v-slant_to_straight.tscn" type="PackedScene" id=6]
[ext_resource path="res://entities/env/train_set/20m_straight.tscn" type="PackedScene" id=7]
[ext_resource path="res://entities/env/stone/rock2.tscn" type="PackedScene" id=8]
[ext_resource path="res://entities/env/stone/rock1.tscn" type="PackedScene" id=9]
[ext_resource path="res://entities/env/stone/rock5.tscn" type="PackedScene" id=10]
[ext_resource path="res://entities/env/stone/rock_collapsible.tscn" type="PackedScene" id=11]

[node name="chunk122" type="Spatial"]
script = ExtResource( 1 )

[node name="active_entities" type="Spatial" parent="."]

[node name="rock3" parent="active_entities" instance=ExtResource( 4 )]
transform = Transform( 0.941552, 0.336869, 0, -0.336869, 0.941552, 0, 0, 0, 1, -156.019, 266, 122.562 )

[node name="rock1" parent="active_entities" instance=ExtResource( 9 )]
transform = Transform( 0.716447, 0.697641, 0, -0.697641, 0.716447, 0, 0, 0, 1, -160.383, 253.296, 110.544 )

[node name="rock5" parent="active_entities" instance=ExtResource( 10 )]
transform = Transform( 0.941552, 0.336869, 0, -0.336869, 0.941552, 0, 0, 0, 1, -148.785, 289.692, 132.971 )

[node name="rock2" parent="active_entities" instance=ExtResource( 8 )]
transform = Transform( 0.770695, -0.637205, 0, 0.637205, 0.770695, 0, 0, 0, 1, -175.272, 272.827, 141.471 )

[node name="rock_collapsible" parent="active_entities" instance=ExtResource( 11 )]
transform = Transform( -0.402875, 0, 0.915255, 0, 1, 0, -0.915255, 0, -0.402875, -157.089, 290.404, 141.456 )

[node name="20m_straight" parent="." instance=ExtResource( 7 )]
transform = Transform( 0.945135, 0, -0.326681, 0, 1, 0, 0.326681, 0, 0.945135, 4.37835, -2.38866, -246.734 )

[node name="straight_to_15" parent="20m_straight" instance=ExtResource( 5 )]
transform = Transform( 1, 0, 0, 0, 1, 0, 0, 0, 1, 20, 0, 0 )

[node name="20m_straight" parent="20m_straight/straight_to_15" instance=ExtResource( 7 )]
transform = Transform( 0.948778, 0, -0.315943, 0, 1, 0, 0.315943, 0, 0.948778, 21.5274, 0, 3.51811 )

[node name="20m_straight2" parent="20m_straight/straight_to_15" instance=ExtResource( 7 )]
transform = Transform( 0.948778, 0, -0.315943, 0, 1, 0, 0.315943, 0, 0.948778, 40.503, 0, 9.83698 )

[node name="20m_straight3" parent="20m_straight/straight_to_15" instance=ExtResource( 7 )]
transform = Transform( 0.948778, 0, -0.315943, 0, 1, 0, 0.315943, 0, 0.948778, 59.4785, 0, 16.1558 )

[node name="20m_straight4" parent="20m_straight/straight_to_15" instance=ExtResource( 7 )]
transform = Transform( 0.948778, 0, -0.315943, 0, 1, 0, 0.315943, 0, 0.948778, 78.4541, 0, 22.4747 )

[node name="20m_straight5" parent="20m_straight/straight_to_15" instance=ExtResource( 7 )]
transform = Transform( 0.948778, 0, -0.315943, 0, 1, 0, 0.315943, 0, 0.948778, 97.4297, 0, 28.7936 )

[node name="20m_straight6" parent="20m_straight/straight_to_15" instance=ExtResource( 7 )]
transform = Transform( 0.948778, 0, -0.315943, 0, 1, 0, 0.315943, 0, 0.948778, 116.405, 0, 35.1124 )

[node name="20m_straight7" parent="20m_straight/straight_to_15" instance=ExtResource( 7 )]
transform = Transform( 0.948778, 0, -0.315943, 0, 1, 0, 0.315943, 0, 0.948778, 135.381, 0, 41.4313 )

[node name="20m-1v-slant_to_straight" parent="20m_straight/straight_to_15/20m_straight7" instance=ExtResource( 6 )]
transform = Transform( -1, 0, -1.49012e-07, 0, 1, 0, 1.49012e-07, 0, -1, 40, 1, -6.10352e-05 )

[node name="20m-1v-slant_to_slant" parent="20m_straight/straight_to_15/20m_straight7/20m-1v-slant_to_straight" instance=ExtResource( 2 )]
transform = Transform( 1, 0, 0, 0, 1, 0, 0, 0, 1, -20, 1, 0 )

[node name="20m-1v-slant_to_slant2" parent="20m_straight/straight_to_15/20m_straight7/20m-1v-slant_to_straight" instance=ExtResource( 2 )]
transform = Transform( 1, 0, 0, 0, 1, 0, 0, 0, 1, -40.0001, 2, 0 )

[node name="20m-1v-straight_to_slant" parent="20m_straight/straight_to_15/20m_straight7/20m-1v-slant_to_straight/20m-1v-slant_to_slant2" instance=ExtResource( 3 )]
transform = Transform( 1, 0, 0, 0, 1, 0, 0, 0, 1, -20, 1, 0 )

[node name="20m_straight" parent="20m_straight/straight_to_15/20m_straight7/20m-1v-slant_to_straight/20m-1v-slant_to_slant2/20m-1v-straight_to_slant" instance=ExtResource( 7 )]
transform = Transform( -1, 0, -1.50996e-07, 0, 1, 0, 1.50996e-07, 0, -1, 0, 0, 0 )

[node name="20m_straight2" parent="20m_straight/straight_to_15/20m_straight7/20m-1v-slant_to_straight/20m-1v-slant_to_slant2/20m-1v-straight_to_slant" instance=ExtResource( 7 )]
transform = Transform( -1, 0, -1.78814e-07, 0, 1, 0, 1.78814e-07, 0, -1, -20, 0, 0 )
