[gd_scene load_steps=26 format=2]

[ext_resource path="res://areas/chunk_content.gd" type="Script" id=1]
[ext_resource path="res://entities/env/plants/tree2.tscn" type="PackedScene" id=2]
[ext_resource path="res://entities/env/stone/fountain.tscn" type="PackedScene" id=3]
[ext_resource path="res://entities/env/plants/tree1.tscn" type="PackedScene" id=4]
[ext_resource path="res://entities/env/stone/rock1.tscn" type="PackedScene" id=5]
[ext_resource path="res://entities/env/stone/rock2.tscn" type="PackedScene" id=6]
[ext_resource path="res://entities/env/stone/rock4.tscn" type="PackedScene" id=7]
[ext_resource path="res://entities/env/stone/rock_collapsible.tscn" type="PackedScene" id=8]
[ext_resource path="res://entities/env/stone/rock_kinematic.tscn" type="PackedScene" id=9]
[ext_resource path="res://entities/env/stone/rock3.tscn" type="PackedScene" id=10]
[ext_resource path="res://entities/env/copper/mine_shack.tscn" type="PackedScene" id=11]
[ext_resource path="res://entities/env/copper/crate1.tscn" type="PackedScene" id=12]
[ext_resource path="res://items/random_ammo_pickup.tscn" type="PackedScene" id=13]
[ext_resource path="res://items/item_pickup.tscn" type="PackedScene" id=14]
[ext_resource path="res://ui/items/vis/mesh_wave_shot.tscn" type="PackedScene" id=15]
[ext_resource path="res://entities/env/copper/c_table.tscn" type="PackedScene" id=16]
[ext_resource path="res://entities/env/copper/scrap_pile1.tscn" type="PackedScene" id=17]
[ext_resource path="res://entities/env/copper/scrap4.tscn" type="PackedScene" id=18]
[ext_resource path="res://items/bug_pickup.tscn" type="PackedScene" id=19]
[ext_resource path="res://items/gem_pickup.tscn" type="PackedScene" id=20]
[ext_resource path="res://entities/enemies/deathgnat.tscn" type="PackedScene" id=21]
[ext_resource path="res://entities/enemies/crawly.tscn" type="PackedScene" id=22]
[ext_resource path="res://entities/env/copper/basin.tscn" type="PackedScene" id=23]
[ext_resource path="res://entities/env/ancient/gem_big.tscn" type="PackedScene" id=24]
[ext_resource path="res://entities/env/copper/drill2.tscn" type="PackedScene" id=25]

[node name="chunk085" type="MultiMeshSystem"]
script = ExtResource( 1 )

[node name="tree2" parent="." instance=ExtResource( 2 )]
transform = Transform( 1, 0, 0, 0, 1, 0, 0, 0, 1, 178.025, 395.148, -97.671 )

[node name="tree4" parent="." instance=ExtResource( 2 )]
transform = Transform( -0.761461, 0, -0.648211, 0, 1, 0, 0.648211, 0, -0.761461, 211.777, 341.944, -18.4915 )

[node name="tree5" parent="." instance=ExtResource( 2 )]
transform = Transform( -0.761461, 0, -0.648211, 0, 1, 0, 0.648211, 0, -0.761461, 106.529, 374.512, -57.3019 )

[node name="tree6" parent="." instance=ExtResource( 2 )]
transform = Transform( 0.852636, 0, -0.522506, 0, 1, 0, 0.522506, 0, 0.852636, 110.411, 372.882, -0.00280762 )

[node name="tree7" parent="." instance=ExtResource( 2 )]
transform = Transform( 0.678585, 0, 0.734522, 0, 1, 0, -0.734522, 0, 0.678585, 139.128, 361.224, -65.1685 )

[node name="tree3" parent="." instance=ExtResource( 2 )]
transform = Transform( -0.525937, 0, -0.850524, 0, 1, 0, 0.850524, 0, -0.525937, 113.82, 401.333, -106.785 )

[node name="fountain" parent="." instance=ExtResource( 3 )]
transform = Transform( 1, 0, 0, 0, 1, 0, 0, 0, 1, 100.869, 401.172, -107.77 )

[node name="tree1" parent="." instance=ExtResource( 4 )]
transform = Transform( -0.984716, 0, -0.174167, 0, 1, 0, 0.174167, 0, -0.984716, 142.737, 447.767, 28.8985 )

[node name="rock1" parent="." instance=ExtResource( 5 )]
transform = Transform( 1, 0, 0, 0, 0.675476, -0.737382, 0, 0.737382, 0.675476, 196.201, 341.639, -7.67674 )

[node name="rock2" parent="." instance=ExtResource( 6 )]
transform = Transform( -0.615589, 0, 0.788067, -0.609912, 0.633267, -0.476425, -0.499057, -0.773933, -0.389832, 253.844, 340.323, -43.8973 )

[node name="rock_collapsible" parent="." instance=ExtResource( 8 )]
transform = Transform( 0.192537, 0, -0.98129, 0, 1, 0, 0.98129, 0, 0.192537, 305.425, 363.307, -82.736 )

[node name="rock_kinematic" parent="." instance=ExtResource( 9 )]
transform = Transform( 1, 0, 0, 0, 1, 0, 0, 0, 1, 283.779, 343.034, -49.6563 )

[node name="rock3" parent="." instance=ExtResource( 10 )]
transform = Transform( 1, 0, 0, 0, 1, 0, 0, 0, 1, 324.727, 346.23, -65.8332 )

[node name="rock4" parent="." instance=ExtResource( 5 )]
transform = Transform( 1, 0, 0, 0, 1, 0, 0, 0, 1, 308.114, 370.85, 6.16526 )

[node name="rock5" parent="." instance=ExtResource( 7 )]
transform = Transform( -0.110367, 0.993891, 0, -0.132548, -0.0147189, -0.991067, -0.985013, -0.109382, 0.133362, 341.874, 425.766, 44.7508 )

[node name="mine_shack" parent="." instance=ExtResource( 11 )]
transform = Transform( 1, 0, 0, 0, 1, 0, 0, 0, 1, 83.4073, 384.75, -46.977 )

[node name="bug_pickup2" parent="mine_shack" instance=ExtResource( 19 )]
transform = Transform( 1, 0, 0, 0, 1, 0, 0, 0, 1, 1.64023, 2.02426, 1.16615 )

[node name="bug_pickup" parent="mine_shack" instance=ExtResource( 19 )]
transform = Transform( -0.966417, 0, 0.256977, 0, 1, 0, -0.256977, 0, -0.966417, 0.0151901, 1.38867, 8.73705 )

[node name="crate1" parent="mine_shack" instance=ExtResource( 12 )]
transform = Transform( -0.823679, 0, 0.567056, 0, 1, 0, -0.567056, 0, -0.823679, 0.580811, 0.0423584, -5.39859 )

[node name="random_ammo_pickup" parent="mine_shack/crate1" instance=ExtResource( 13 )]
transform = Transform( 1, 0, 0, 0, 1, 0, 0, 0, 1, -0.00626755, 0.107727, -0.360306 )
ignore_parent = false

[node name="random_ammo_pickup2" parent="mine_shack/crate1" instance=ExtResource( 13 )]
transform = Transform( 1, 0, 0, 0, 1, 0, 0, 0, 1, 0.0218925, 0.107727, 0.0624008 )
ignore_parent = false

[node name="random_ammo_pickup3" parent="mine_shack/crate1" instance=ExtResource( 13 )]
transform = Transform( 1, 0, 0, 0, 1, 0, 0, 0, 1, 0.0446548, 0.107727, 0.362602 )
ignore_parent = false

[node name="c_table" parent="mine_shack" instance=ExtResource( 16 )]
transform = Transform( 1, 0, 0, 0, 1, 0, 0, 0, 1, 0.312637, 0, -0.065052 )

[node name="wep_wave_shot_pickup" parent="mine_shack/c_table" instance=ExtResource( 14 )]
transform = Transform( 0.266551, -0.963821, 0, 0.963821, 0.266551, 0, 0, 0, 1, 0.30677, 0.815979, 0.0157623 )
item_id = "wep_wave_shot"
preview = ExtResource( 15 )

[node name="scrap4" parent="mine_shack" instance=ExtResource( 18 )]
transform = Transform( 0.544858, 0.693576, -0.471256, -0.524582, 0.720384, 0.45372, 0.654175, 2.98023e-08, 0.756344, 12.3115, -9.13196, 3.79938 )

[node name="scrap_pile1" parent="mine_shack" instance=ExtResource( 17 )]
transform = Transform( 0.738741, -0.214487, -0.63895, 0.162226, 0.976727, -0.140312, 0.654175, 0, 0.756343, -7.31293, 0, 9.69176 )

[node name="bug_pickup3" parent="mine_shack" instance=ExtResource( 19 )]
transform = Transform( -0.951132, 0, 0.308783, 0, 1, 0, -0.308783, 0, -0.951132, 4.99103, 12.7218, 0.132683 )

[node name="bug_pickup4" parent="mine_shack" instance=ExtResource( 19 )]
transform = Transform( 1, 0, 0, 0, 1, 0, 0, 0, 1, 6.36507, 12.662, -9.1348 )

[node name="bug_pickup5" parent="mine_shack" instance=ExtResource( 19 )]
transform = Transform( -0.694202, 0, -0.71978, 0, 1, 0, 0.71978, 0, -0.694202, -6.62202, -1.50671, -4.63114 )

[node name="gem_pickup" parent="." instance=ExtResource( 20 )]
transform = Transform( 1, 0, 0, 0, 1, 0, 0, 0, 1, 129.943, 382.702, -86.1087 )

[node name="gem_pickup2" parent="." instance=ExtResource( 20 )]
transform = Transform( 1, 0, 0, 0, 1, 0, 0, 0, 1, 123.423, 384.447, -86.1087 )

[node name="gem_pickup3" parent="." instance=ExtResource( 20 )]
transform = Transform( 1, 0, 0, 0, 1, 0, 0, 0, 1, 115.057, 386.407, -86.1087 )

[node name="gem_pickup4" parent="." instance=ExtResource( 20 )]
transform = Transform( 1, 0, 0, 0, 1, 0, 0, 0, 1, 105.086, 387.741, -86.1087 )

[node name="gem_pickup5" parent="." instance=ExtResource( 20 )]
transform = Transform( 1, 0, 0, 0, 1, 0, 0, 0, 1, 94.7665, 388.502, -86.1087 )

[node name="gem_pickup6" parent="." instance=ExtResource( 20 )]
transform = Transform( 1, 0, 0, 0, 1, 0, 0, 0, 1, 88.0839, 388.502, -82.0481 )

[node name="gem_pickup10" parent="." instance=ExtResource( 20 )]
transform = Transform( 1, 0, 0, 0, 1, 0, 0, 0, 1, 82.4857, 383.642, -60.0675 )

[node name="gem_pickup11" parent="." instance=ExtResource( 20 )]
transform = Transform( 1, 0, 0, 0, 1, 0, 0, 0, 1, 82.4857, 383.451, -61.854 )

[node name="deathgnat" parent="." instance=ExtResource( 21 )]
transform = Transform( -0.168595, 0, -0.985685, 0, 1, 0, 0.985685, 0, -0.168595, 257.62, 460.319, -139.53 )
reset_on_player_death = true
drops_coat = true
orb_cooldown = 1.0
orb_speed = 10.0

[node name="deathgnat2" parent="." instance=ExtResource( 21 )]
transform = Transform( -0.31928, 0, -0.947661, 0, 1, 0, 0.947661, 0, -0.31928, 250.825, 458.471, -131.865 )

[node name="deathgnat3" parent="." instance=ExtResource( 21 )]
transform = Transform( 0.226476, 0, -0.974017, 0, 1, 0, 0.974017, 0, 0.226476, 252.133, 458.471, -145.888 )

[node name="crawly" parent="." instance=ExtResource( 22 )]
transform = Transform( 1, 0, 0, 0, 1, 0, 0, 0, 1, 81.9344, 384.75, -55.557 )
respawns = false

[node name="crawly2" parent="." instance=ExtResource( 22 )]
transform = Transform( -0.238544, 0, -0.971132, 0, 1, 0, 0.971132, 0, -0.238544, 80.3766, 384.75, -42.736 )

[node name="crawly3" parent="." instance=ExtResource( 22 )]
transform = Transform( 0.0412735, 0, 0.999148, 0, 1, 0, -0.999148, 0, 0.0412735, 86.0968, 384.75, -50.7664 )
respawns = false

[node name="crawly4" parent="." instance=ExtResource( 22 )]
transform = Transform( 0.0184106, 0, -0.99983, 0, 1, 0, 0.99983, 0, 0.0184106, 86.6248, 396.901, -41.059 )
reset_on_player_death = true

[node name="basin" parent="." instance=ExtResource( 23 )]
transform = Transform( -0.0652321, 0.78225, -0.61954, 0.0282806, -0.619164, -0.784753, -0.997469, -0.068712, 0.0182669, 234.547, 343.745, -42.0602 )

[node name="gem_big" parent="." instance=ExtResource( 24 )]
transform = Transform( -0.000504411, -0.999625, 0.0273933, 0.0184036, -0.0273979, -0.999455, 0.99983, 0, 0.0184106, 241.42, 341.956, -34.303 )

[node name="gem_pickup7" parent="." instance=ExtResource( 20 )]
transform = Transform( 1, 0, 0, 0, 1, 0, 0, 0, 1, 239.097, 341.964, -35.8772 )
quantity = 3

[node name="gem_pickup8" parent="." instance=ExtResource( 20 )]
transform = Transform( 1, 0, 0, 0, 1, 0, 0, 0, 1, 239.947, 341.964, -31.8921 )
quantity = 3

[node name="gem_pickup9" parent="." instance=ExtResource( 20 )]
transform = Transform( 1, 0, 0, 0, 1, 0, 0, 0, 1, 246.697, 341.964, -33.1113 )
quantity = 3

[node name="bug_pickup" parent="." instance=ExtResource( 19 )]
transform = Transform( -0.018065, 0, 0.999837, 0, 1, 0, -0.999837, 0, -0.018065, 238.486, 345.245, -36.3812 )

[node name="bug_pickup2" parent="." instance=ExtResource( 19 )]
transform = Transform( 0.99996, 0, 0.00893974, 0, 1, 0, -0.00893974, 0, 0.99996, 237.662, 344.182, -43.0976 )

[node name="drill2" parent="." instance=ExtResource( 25 )]
transform = Transform( -0.154513, 0.481186, 0.862894, -0.952117, -0.305733, 0, 0.263815, -0.821576, 0.505385, 212.323, 343.492, -62.3818 )

[node name="rock6" parent="." instance=ExtResource( 10 )]
transform = Transform( 0.855046, -0.517758, 0.028688, 0, 0.0553233, 0.998469, -0.518552, -0.853736, 0.047304, 204.508, 398.101, -123.544 )

[node name="rock7" parent="." instance=ExtResource( 5 )]
transform = Transform( 1, 0, 0, 0, 0.019868, -0.999803, 0, 0.999803, 0.019868, 156.242, 396.006, -120.525 )

[node name="rock_collapsible2" parent="." instance=ExtResource( 8 )]
transform = Transform( -0.129868, 0, -0.991531, 0, 1, 0, 0.991531, 0, -0.129868, 230.379, 414.02, -126.17 )

[node name="rock_collapsible3" parent="." instance=ExtResource( 8 )]
transform = Transform( -0.269329, 0, -0.963048, 0, 1, 0, 0.963048, 0, -0.269329, 250.82, 420.852, -120.922 )

[node name="bug_pickup3" parent="." instance=ExtResource( 19 )]
transform = Transform( 1, 0, 0, 0, 1, 0, 0, 0, 1, 251.074, 421.622, -121.019 )
quantity = 8

[node name="gem_pickup12" parent="." instance=ExtResource( 20 )]
transform = Transform( 1, 0, 0, 0, 1, 0, 0, 0, 1, 230.371, 414.825, -126.2 )
quantity = 3

[node name="crawly5" parent="." instance=ExtResource( 22 )]
transform = Transform( 0.335179, 0, -0.942155, 0, 1, 0, 0.942155, 0, 0.335179, 282.386, 401.396, -103.883 )
reset_on_player_death = true
shielded = true

[node name="crawly6" parent="." instance=ExtResource( 22 )]
transform = Transform( 1, 0, 0, 0, 1, 0, 0, 0, 1, 291.067, 401.271, -101.993 )
reset_on_player_death = true
shielded = true

[node name="crawly7" parent="." instance=ExtResource( 22 )]
transform = Transform( 0.704024, 0, -0.710176, 0, 1, 0, 0.710176, 0, 0.704024, 296.598, 401.209, -106.701 )
reset_on_player_death = true
drops_coat = true
maximum_rarity = 3
health = 80
shielded = true

[node name="crawly8" parent="." instance=ExtResource( 22 )]
transform = Transform( -0.193905, 0, -0.98102, 0, 1, 0, 0.98102, 0, -0.193905, 243.555, 394.425, 12.7967 )
reset_on_player_death = true
cloaked = true

[node name="deathgnat4" parent="." instance=ExtResource( 21 )]
transform = Transform( 0.0817445, 0, -0.996653, 0, 1, 0, 0.996653, 0, 0.0817445, 251.376, 357.976, -43.786 )
reset_on_player_death = true
cloaked = true

[node name="deathgnat5" parent="." instance=ExtResource( 21 )]
transform = Transform( 0.0817445, 0, -0.996653, 0, 1, 0, 0.996653, 0, 0.0817445, 251.672, 360.045, -39.6048 )
reset_on_player_death = true
shielded = true

[node name="crawly10" parent="." instance=ExtResource( 22 )]
transform = Transform( 0.559901, 0, -0.82856, 0, 1, 0, 0.82856, 0, 0.559901, 244.84, 342.837, -63.2459 )
reset_on_player_death = true
mesh_node = NodePath("../crawly/Armature/Skeleton/crawly")

[node name="crawly9" parent="." instance=ExtResource( 22 )]
transform = Transform( -0.0882575, 0, -0.996098, 0, 1, 0, 0.996098, 0, -0.0882575, 255.649, 342.934, -59.5634 )
reset_on_player_death = true
cloaked = true

[node name="crawly11" parent="." instance=ExtResource( 22 )]
transform = Transform( -0.143719, 0, -0.989619, 0, 1, 0, 0.989619, 0, -0.143719, 243.297, 341.895, -26.0952 )
reset_on_player_death = true
cloaked = true

[node name="crawly12" parent="." instance=ExtResource( 22 )]
transform = Transform( -0.170227, 0, -0.985405, 0, 1, 0, 0.985405, 0, -0.170227, 231.194, 341.868, -23.3131 )
reset_on_player_death = true
