[gd_scene load_steps=54 format=2]

[ext_resource path="res://_glb/chunks/chunk012.glb" type="PackedScene" id=1]
[ext_resource path="res://areas/chunk_content.gd" type="Script" id=2]
[ext_resource path="res://entities/npc/npc.tscn" type="PackedScene" id=3]
[ext_resource path="res://dialog/main/balter.dialog" type="Resource" id=4]
[ext_resource path="res://material/env/stone/cobblestone1.png" type="Texture" id=5]
[ext_resource path="res://material/env/stone/sand_brick1.jpg" type="Texture" id=6]
[ext_resource path="res://material/triplanar.shader" type="Shader" id=7]
[ext_resource path="res://material/env/grass.png" type="Texture" id=8]
[ext_resource path="res://material/env/stone/bricks.material" type="Material" id=9]
[ext_resource path="res://entities/env/stone/fountain.tscn" type="PackedScene" id=10]
[ext_resource path="res://entities/env/empire/shop_stand.tscn" type="PackedScene" id=11]
[ext_resource path="res://material/env/stone/sand1.jpg" type="Texture" id=12]
[ext_resource path="res://_glb/mat_basic.material" type="Material" id=13]
[ext_resource path="res://_glb/circle.material" type="Material" id=14]
[ext_resource path="res://material/env/fountain-waterfall.material" type="Material" id=15]
[ext_resource path="res://entities/save_zone.gd" type="Script" id=16]
[ext_resource path="res://material/main_spatial.shader" type="Shader" id=17]
[ext_resource path="res://material/env/vaeler/decayed_wood.png" type="Texture" id=18]
[ext_resource path="res://material/triplanar_local_coords.shader" type="Shader" id=19]
[ext_resource path="res://material/env/vaeler/roof_tiles.png" type="Texture" id=20]
[ext_resource path="res://material/env/vaeler/grey_brick.png" type="Texture" id=21]
[ext_resource path="res://material/env/vaeler/tile.png" type="Texture" id=22]
[ext_resource path="res://material/env/vaeler/faux_marble.png" type="Texture" id=23]
[ext_resource path="res://entities/env/stone/garden_melon.tscn" type="PackedScene" id=24]
[ext_resource path="res://entities/env/stone/garden.tscn" type="PackedScene" id=25]
[ext_resource path="res://entities/env/stone/glass-furnace.tscn" type="PackedScene" id=26]
[ext_resource path="res://entities/env/copper/pail.tscn" type="PackedScene" id=27]
[ext_resource path="res://entities/env/copper/glass_support.tscn" type="PackedScene" id=28]
[ext_resource path="res://entities/env/copper/glass-tools.tscn" type="PackedScene" id=29]
[ext_resource path="res://entities/env/copper/c_table.tscn" type="PackedScene" id=30]
[ext_resource path="res://entities/env/copper/table2.tscn" type="PackedScene" id=31]
[ext_resource path="res://entities/env/electrical/outlet_box.tscn" type="PackedScene" id=32]
[ext_resource path="res://entities/env/electrical/wind_generator.tscn" type="PackedScene" id=33]
[ext_resource path="res://entities/env/furniture/sitting_pillow.tscn" type="PackedScene" id=34]
[ext_resource path="res://entities/env/furniture/sofa.tscn" type="PackedScene" id=35]
[ext_resource path="res://entities/env/furniture/carpet.tscn" type="PackedScene" id=36]
[ext_resource path="res://entities/env/furniture/bottle2.tscn" type="PackedScene" id=37]
[ext_resource path="res://entities/env/furniture/incense.tscn" type="PackedScene" id=38]
[ext_resource path="res://dialog/crab_hill/den_npc.dialog" type="Resource" id=39]
[ext_resource path="res://audio/wind_reduction.gd" type="Script" id=40]

[sub_resource type="ShaderMaterial" id=1]
shader = ExtResource( 7 )
shader_param/uv_scale = 0.4
shader_param/power = 1.0
shader_param/softness = 0.5
shader_param/specularity_ground = 1.0
shader_param/specularity_wall = 1.0
shader_param/specularity_ceiling = 1.0
shader_param/light_bias = 0.0
shader_param/wall = ExtResource( 6 )
shader_param/ground = ExtResource( 5 )
shader_param/ceiling = ExtResource( 5 )

[sub_resource type="ShaderMaterial" id=2]
shader = ExtResource( 7 )
shader_param/uv_scale = 0.2
shader_param/power = 5.0
shader_param/softness = 0.5
shader_param/specularity_ground = 1.0
shader_param/specularity_wall = 1.0
shader_param/specularity_ceiling = 1.0
shader_param/light_bias = 0.0
shader_param/wall = ExtResource( 12 )
shader_param/ground = ExtResource( 8 )
shader_param/ceiling = ExtResource( 12 )

[sub_resource type="ShaderMaterial" id=4]
shader = ExtResource( 17 )
shader_param/subsurface_scattering = -1.0
shader_param/softness = 0.399
shader_param/specularity = 1.0
shader_param/main_texture = ExtResource( 18 )

[sub_resource type="ShaderMaterial" id=5]
shader = ExtResource( 19 )
shader_param/uv_scale = 0.7
shader_param/power = 5.0
shader_param/softness = 0.5
shader_param/specularity = 1.0
shader_param/light_bias = 0.0
shader_param/wall = ExtResource( 21 )
shader_param/ground = ExtResource( 22 )
shader_param/ceiling = ExtResource( 22 )

[sub_resource type="ShaderMaterial" id=6]
shader = ExtResource( 19 )
shader_param/uv_scale = 0.6
shader_param/power = 5.0
shader_param/softness = 0.5
shader_param/specularity = 1.0
shader_param/light_bias = 0.0
shader_param/wall = ExtResource( 20 )
shader_param/ground = ExtResource( 20 )
shader_param/ceiling = ExtResource( 20 )

[sub_resource type="ShaderMaterial" id=8]
shader = ExtResource( 19 )
shader_param/uv_scale = 0.8
shader_param/power = 5.0
shader_param/softness = 0.5
shader_param/specularity = 1.0
shader_param/light_bias = 0.0
shader_param/wall = ExtResource( 21 )
shader_param/ground = ExtResource( 21 )
shader_param/ceiling = ExtResource( 21 )

[sub_resource type="SpatialMaterial" id=7]
albedo_texture = ExtResource( 18 )

[sub_resource type="SphereShape" id=3]
radius = 9.97388

[sub_resource type="ShaderMaterial" id=9]
shader = ExtResource( 17 )
shader_param/subsurface_scattering = -1.0
shader_param/softness = 1.0
shader_param/specularity = 1.0
shader_param/main_texture = ExtResource( 20 )

[sub_resource type="ShaderMaterial" id=10]
shader = ExtResource( 17 )
shader_param/subsurface_scattering = -1.0
shader_param/softness = 1.0
shader_param/specularity = 1.0
shader_param/main_texture = ExtResource( 5 )

[sub_resource type="ShaderMaterial" id=11]
shader = ExtResource( 17 )
shader_param/subsurface_scattering = -0.434
shader_param/softness = 1.0
shader_param/specularity = 1.0
shader_param/main_texture = ExtResource( 23 )

[sub_resource type="ShaderMaterial" id=12]
shader = ExtResource( 19 )
shader_param/uv_scale = 1.0
shader_param/power = 5.0
shader_param/softness = 0.5
shader_param/specularity = 1.0
shader_param/light_bias = 0.0
shader_param/wall = ExtResource( 20 )
shader_param/ground = ExtResource( 20 )
shader_param/ceiling = ExtResource( 20 )

[sub_resource type="BoxShape" id=13]
extents = Vector3( 30.777, 26.5799, 55.4538 )

[node name="chunk012" instance=ExtResource( 1 )]
script = ExtResource( 2 )
lighting_preview = true

[node name="fort" parent="." index="0"]
material/0 = SubResource( 1 )

[node name="StaticBody" parent="fort" index="0"]
collision_layer = 257

[node name="tower$multi" parent="." index="1"]
material/0 = SubResource( 1 )

[node name="tower$multi001" parent="." index="2"]
material/0 = SubResource( 1 )

[node name="tower$multi002" parent="." index="3"]
material/0 = SubResource( 1 )

[node name="tower$multi003" parent="." index="4"]
material/0 = SubResource( 1 )

[node name="topwer$multi" parent="." index="5"]
material/0 = SubResource( 1 )

[node name="ramp" parent="." index="6"]
material/0 = SubResource( 1 )

[node name="StaticBody" parent="ramp" index="0"]
collision_layer = 257

[node name="tower$multi004" parent="." index="7"]
material/0 = SubResource( 1 )

[node name="tower$multi005" parent="." index="8"]
material/0 = SubResource( 1 )

[node name="stairs" parent="." index="9"]
material/0 = ExtResource( 9 )

[node name="stairs001" parent="." index="10"]
material/0 = ExtResource( 9 )

[node name="stairs002" parent="." index="11"]
material/0 = ExtResource( 9 )

[node name="stairs_entrance" parent="." index="12"]
material/0 = ExtResource( 9 )

[node name="ramp2" parent="." index="13"]
material/0 = SubResource( 1 )

[node name="StaticBody" parent="ramp2" index="0"]
collision_layer = 257

[node name="stairs003" parent="." index="14"]
material/0 = ExtResource( 9 )

[node name="arch" parent="." index="15"]
material/0 = ExtResource( 9 )

[node name="small_tower" parent="." index="16"]
material/0 = ExtResource( 9 )

[node name="npc_balter" parent="." index="17" instance=ExtResource( 3 )]
transform = Transform( 0.354651, 0, -0.934998, 0, 1, 0, 0.934998, 0, 0.354651, -129.081, 7.27377, -120.698 )
dialog = ExtResource( 4 )
visual_name = "Balter"
friendly_id = "balter"

[node name="shop_stand" parent="." index="18" instance=ExtResource( 11 )]
transform = Transform( 0.746542, 0, 0.665338, 0, 1, 0, -0.665338, 0, 0.746542, 53.7494, -37.5722, -53.1161 )

[node name="shop_stand7" parent="." index="19" instance=ExtResource( 11 )]
transform = Transform( 0.479557, 0, 0.877511, 0, 1, 0, -0.877511, 0, 0.479557, -6.7435, -21.7239, -71.835 )

[node name="shop_stand8" parent="." index="20" instance=ExtResource( 11 )]
transform = Transform( -0.3689, 0, 0.929469, 0, 1, 0, -0.929469, 0, -0.3689, -6.79597, -21.7239, -76.3967 )

[node name="shop_stand9" parent="." index="21" instance=ExtResource( 11 )]
transform = Transform( -0.999153, 0, -0.0411506, 0, 1, 0, 0.0411506, 0, -0.999153, -31.1765, -15.218, -138.79 )

[node name="shop_stand11" parent="." index="22" instance=ExtResource( 11 )]
transform = Transform( -0.945336, 0, 0.326096, 0, 1, 0, -0.326096, 0, -0.945336, -27.298, -15.218, -138.498 )

[node name="shop_stand10" parent="." index="23" instance=ExtResource( 11 )]
transform = Transform( -0.581692, 0, 0.813409, 0, 1, 0, -0.813409, 0, -0.581692, -35.3038, -15.218, -139.622 )

[node name="shop_stand6" parent="." index="24" instance=ExtResource( 11 )]
transform = Transform( -0.669823, 0, -0.742521, 0, 1, 0, 0.742521, 0, -0.669823, 40.1209, -37.5722, -81.4414 )
enable_light = false

[node name="shop_stand2" parent="." index="25" instance=ExtResource( 11 )]
transform = Transform( -0.269349, 0, -0.963043, 0, 1, 0, 0.963043, 0, -0.269349, 36.599, -37.5722, -75.633 )

[node name="shop_stand3" parent="." index="26" instance=ExtResource( 11 )]
transform = Transform( 0.859471, 0, 0.511184, 0, 1, 0, -0.511184, 0, 0.859471, 47.58, -37.5722, -48.8676 )

[node name="shop_stand4" parent="." index="27" instance=ExtResource( 11 )]
transform = Transform( 0.778889, 0, 0.627162, 0, 1, 0, -0.627162, 0, 0.778889, 50.5224, -37.5722, -50.614 )

[node name="shop_stand5" parent="." index="28" instance=ExtResource( 11 )]
transform = Transform( -0.522573, 0, -0.852595, 0, 1, 0, 0.852595, 0, -0.522573, 37.8427, -37.5722, -78.5001 )

[node name="ramp3" parent="." index="29"]
material/0 = SubResource( 1 )

[node name="StaticBody" parent="ramp3" index="0"]
collision_layer = 257

[node name="stairs004" parent="." index="30"]
material/0 = ExtResource( 9 )

[node name="arch2" parent="." index="31"]
material/0 = ExtResource( 9 )

[node name="arch3" parent="." index="32"]
material/0 = ExtResource( 9 )

[node name="stairs-small" parent="." index="33"]
material/0 = ExtResource( 9 )

[node name="ramp4" parent="." index="34"]
material/0 = SubResource( 1 )

[node name="StaticBody" parent="ramp4" index="0"]
collision_layer = 257

[node name="stairs-small2" parent="." index="35"]
material/0 = ExtResource( 9 )

[node name="stairs005" parent="." index="37"]
material/0 = ExtResource( 9 )

[node name="stairs006" parent="." index="38"]
material/0 = ExtResource( 9 )

[node name="railing" parent="." index="39"]
material/0 = ExtResource( 9 )

[node name="stairs007" parent="." index="40"]
material/0 = ExtResource( 9 )

[node name="column" parent="." index="41"]
material/0 = ExtResource( 9 )

[node name="spiral_stairs" parent="column" index="1"]
material/0 = ExtResource( 9 )

[node name="column001" parent="." index="42"]
material/0 = ExtResource( 9 )

[node name="spiral_stairs001" parent="column001" index="1"]
material/0 = ExtResource( 9 )

[node name="column002" parent="." index="43"]
material/0 = ExtResource( 9 )

[node name="stairs_large" parent="." index="44"]
material/0 = ExtResource( 9 )

[node name="garden004" parent="stairs_large" index="0"]
material/0 = ExtResource( 9 )

[node name="garden_soil004" parent="stairs_large/garden004" index="0"]
material/0 = SubResource( 2 )

[node name="garden005" parent="stairs_large" index="1"]
material/0 = ExtResource( 9 )

[node name="garden_soil005" parent="stairs_large/garden005" index="0"]
material/0 = SubResource( 2 )

[node name="rail" parent="stairs_large" index="2"]
material/0 = ExtResource( 9 )

[node name="rail001" parent="stairs_large" index="3"]
material/0 = ExtResource( 9 )

[node name="rail002" parent="stairs_large" index="4"]
material/0 = ExtResource( 9 )

[node name="garden" parent="." index="45"]
material/0 = ExtResource( 9 )

[node name="garden_soul" parent="garden" index="0"]
material/0 = SubResource( 2 )

[node name="doorway_large" parent="." index="46"]
material/0 = ExtResource( 9 )
material/1 = SubResource( 4 )

[node name="doorway_large001" parent="." index="47"]
material/0 = ExtResource( 9 )
material/1 = SubResource( 4 )

[node name="doorway_large002" parent="." index="48"]
material/0 = ExtResource( 9 )
material/1 = SubResource( 4 )

[node name="garden001" parent="." index="49"]
material/0 = ExtResource( 9 )

[node name="garden_soil001" parent="garden001" index="0"]
material/0 = SubResource( 2 )

[node name="garden002" parent="." index="50"]
material/0 = ExtResource( 9 )

[node name="garden_soil003" parent="garden002" index="0"]
material/0 = SubResource( 2 )

[node name="church" parent="." index="51"]
material/0 = SubResource( 5 )
material/1 = SubResource( 6 )
material/2 = SubResource( 5 )

[node name="doorway_large003" parent="church" index="0"]
material/0 = SubResource( 8 )
material/1 = SubResource( 7 )

[node name="doorway_large004" parent="church" index="1"]
material/0 = SubResource( 8 )
material/1 = SubResource( 7 )

[node name="garden003" parent="." index="52"]
material/0 = ExtResource( 9 )

[node name="garden_soil002" parent="garden003" index="0"]
material/0 = SubResource( 2 )

[node name="garden006" parent="." index="53"]
material/0 = ExtResource( 9 )

[node name="garden_soil006" parent="garden006" index="0"]
material/0 = SubResource( 2 )

[node name="fountain2" parent="." index="54" instance=ExtResource( 10 )]
transform = Transform( -0.84482, 0, -0.53505, 0, 1, 0, 0.53505, 0, -0.84482, -43.711, -15.9551, -108.863 )

[node name="garden007" parent="." index="55"]
material/0 = ExtResource( 9 )

[node name="garden-rocks" parent="garden007" index="0"]
material/0 = ExtResource( 13 )

[node name="garden-water" parent="garden007" index="1"]
material/0 = ExtResource( 14 )

[node name="garden-waterfall" parent="garden007" index="2"]
material/0 = ExtResource( 15 )

[node name="garden_soil007" parent="garden007" index="3"]
material/0 = SubResource( 2 )

[node name="doorway_large005" parent="." index="56"]
material/0 = ExtResource( 9 )
material/1 = SubResource( 4 )

[node name="doorway_large006" parent="." index="57"]
material/0 = ExtResource( 9 )
material/1 = SubResource( 4 )

[node name="doorway_large007" parent="." index="58"]
material/0 = ExtResource( 9 )
material/1 = SubResource( 4 )

[node name="housing001" parent="." index="59"]
material/0 = ExtResource( 9 )

[node name="housing002" parent="." index="60"]
material/0 = ExtResource( 9 )

[node name="housing003" parent="." index="61"]
material/0 = ExtResource( 9 )

[node name="housing004" parent="." index="62"]
material/0 = ExtResource( 9 )

[node name="housing005" parent="." index="63"]
material/0 = ExtResource( 9 )

[node name="housing006" parent="." index="64"]
material/0 = ExtResource( 9 )

[node name="housing007" parent="." index="65"]
material/0 = ExtResource( 9 )

[node name="housing008" parent="." index="66"]
material/0 = ExtResource( 9 )

[node name="housing009" parent="." index="67"]
material/0 = ExtResource( 9 )

[node name="fort_entry" type="Area" parent="." index="68"]
transform = Transform( 1, 0, 0, 0, 1, 0, 0, 0, 1, 48.1617, -36.3123, -64.2764 )
collision_layer = 0
collision_mask = 2
script = ExtResource( 16 )

[node name="CollisionShape" type="CollisionShape" parent="fort_entry" index="0"]
shape = SubResource( 3 )

[node name="housing010" parent="." index="69"]
material/0 = ExtResource( 9 )

[node name="housing011" parent="." index="70"]
material/0 = ExtResource( 9 )

[node name="housing012" parent="." index="71"]
material/0 = ExtResource( 9 )

[node name="housing013" parent="." index="72"]
material/0 = ExtResource( 9 )

[node name="housing014" parent="." index="73"]
material/0 = ExtResource( 9 )

[node name="housing015" parent="." index="74"]
material/0 = ExtResource( 9 )

[node name="housing016" parent="." index="75"]
material/0 = ExtResource( 9 )

[node name="housing017" parent="." index="76"]
material/0 = ExtResource( 9 )

[node name="housing018" parent="." index="77"]
material/0 = ExtResource( 9 )

[node name="housing019" parent="." index="78"]
material/0 = ExtResource( 9 )

[node name="housing020" parent="." index="79"]
material/0 = ExtResource( 9 )

[node name="housing021" parent="." index="80"]
material/0 = ExtResource( 9 )

[node name="tower" parent="." index="81"]
material/0 = ExtResource( 9 )

[node name="hoising" parent="." index="82"]
material/0 = ExtResource( 9 )

[node name="housing" parent="." index="83"]
material/0 = ExtResource( 9 )

[node name="villa" parent="." index="84"]
material/0 = SubResource( 5 )
material/1 = SubResource( 9 )
material/2 = SubResource( 10 )
material/3 = ExtResource( 9 )
material/4 = SubResource( 11 )

[node name="garden_villa" parent="villa" index="0"]
material/0 = SubResource( 5 )

[node name="garden_soil008" parent="villa/garden_villa" index="0"]
material/0 = SubResource( 2 )

[node name="house" parent="." index="85"]
material/0 = SubResource( 5 )
material/1 = ExtResource( 9 )
material/2 = SubResource( 9 )
material/3 = SubResource( 12 )
material/4 = SubResource( 11 )

[node name="house001" parent="." index="86"]
material/0 = SubResource( 5 )
material/1 = ExtResource( 9 )
material/2 = SubResource( 9 )
material/3 = SubResource( 12 )
material/4 = SubResource( 11 )

[node name="house002" parent="." index="87"]
material/0 = SubResource( 5 )
material/1 = ExtResource( 9 )
material/2 = SubResource( 9 )
material/3 = SubResource( 12 )
material/4 = SubResource( 11 )

[node name="house003" parent="." index="88"]
material/0 = SubResource( 5 )
material/1 = ExtResource( 9 )
material/2 = SubResource( 9 )
material/3 = SubResource( 12 )
material/4 = SubResource( 11 )

[node name="house004" parent="." index="89"]
material/0 = SubResource( 5 )
material/1 = ExtResource( 9 )
material/2 = SubResource( 9 )
material/3 = SubResource( 12 )
material/4 = SubResource( 11 )

[node name="house005" parent="." index="90"]
material/0 = SubResource( 5 )
material/1 = ExtResource( 9 )
material/2 = SubResource( 9 )
material/3 = SubResource( 12 )
material/4 = SubResource( 11 )

[node name="fountain" parent="." index="91" instance=ExtResource( 10 )]
transform = Transform( 1, 0, 0, 0, 1, 0, 0, 0, 1, -107.653, 1.86084, -88.8961 )

[node name="garden008" parent="." index="92"]
material/0 = ExtResource( 9 )

[node name="garden_soil" parent="garden008" index="0"]
material/0 = SubResource( 2 )

[node name="garden_melon" parent="." index="93" instance=ExtResource( 24 )]
transform = Transform( -0.0239575, 0, 0.999713, 0, 1, 0, -0.999713, 0, -0.0239575, -47.9242, -15.2721, -156.321 )

[node name="garden2" parent="." index="94" instance=ExtResource( 25 )]
transform = Transform( -0.967898, 0, 0.251345, 0, 1, 0, -0.251345, 0, -0.967898, 24.4606, -32.0576, -72.0582 )

[node name="glass_support" parent="." index="95" instance=ExtResource( 28 )]
transform = Transform( -0.0407972, 0, -0.999167, 0, 1, 0, 0.999167, 0, -0.0407972, -25.4489, -21.7352, -155.907 )

[node name="glass_support2" parent="." index="96" instance=ExtResource( 28 )]
transform = Transform( 0.994119, 0, -0.10829, 0, 1, 0, 0.10829, 0, 0.994119, -22.2759, -21.7352, -158.264 )

[node name="glass-tools" parent="." index="97" instance=ExtResource( 29 )]
transform = Transform( -0.266208, 0, -0.963915, 0, 1, 0, 0.963915, 0, -0.266208, -21.1285, -21.7352, -155.499 )

[node name="glass-furnace" parent="." index="98" instance=ExtResource( 26 )]
transform = Transform( -0.842853, 0, -0.538144, 0, 1, 0, 0.538144, 0, -0.842853, -24.5226, -21.7352, -158.18 )

[node name="pail" parent="." index="99" instance=ExtResource( 27 )]
transform = Transform( 1, 0, 0, 0, 1, 0, 0, 0, 1, -21.8677, -21.7352, -154.245 )

[node name="c_table" parent="." index="100" instance=ExtResource( 30 )]
transform = Transform( 1, 0, 0, 0, 1, 0, 0, 0, 1, -23.2058, -21.7352, -143.659 )

[node name="c_table2" parent="." index="101" instance=ExtResource( 30 )]
transform = Transform( 1, 0, 0, 0, 1, 0, 0, 0, 1, -23.4712, -21.7352, -144.785 )

[node name="c_table3" parent="." index="102" instance=ExtResource( 30 )]
transform = Transform( 1, 0, 0, 0, 1, 0, 0, 0, 1, -23.6852, -21.7352, -145.839 )

[node name="table2" parent="." index="103" instance=ExtResource( 31 )]
transform = Transform( 0.946351, 0, 0.323141, 0, 1, 0, -0.323141, 0, 0.946351, 6.65318, -23.1983, -104.226 )

[node name="outlet_box" parent="." index="104" instance=ExtResource( 32 )]
transform = Transform( -0.862533, 0, -0.506001, 0, 1, 0, 0.506001, 0, -0.862533, 7.40882, -22.6819, -103.145 )

[node name="wind_generator" parent="." index="105" instance=ExtResource( 33 )]
transform = Transform( 1, 0, 0, 0, 1, 0, 0, 0, 1, -23.7628, -5.27408, -97.389 )

[node name="sofa" parent="." index="106" instance=ExtResource( 35 )]
transform = Transform( 0.909793, 0, 0.415062, 0, 1, 0, -0.415062, 0, 0.909793, 11.4879, -23.3052, -132.551 )

[node name="sitting_pillow" parent="." index="107" instance=ExtResource( 34 )]
transform = Transform( -0.257866, 0, -0.966181, 0, 1, 0, 0.966181, 0, -0.257866, 11.5336, -23.3052, -134.586 )

[node name="sitting_pillow2" parent="." index="108" instance=ExtResource( 34 )]
transform = Transform( 0.947107, 0, -0.320918, 0, 1, 0, 0.320918, 0, 0.947107, 10.5082, -23.3052, -133.704 )

[node name="den" parent="." index="109" instance=ExtResource( 36 )]
transform = Transform( 0.951708, 0, -0.307005, 0, 1, 0, 0.307005, 0, 0.951708, -7.4457, -21.7271, -146.878 )

[node name="sitting_pillow3" parent="den" index="0" instance=ExtResource( 34 )]
transform = Transform( 0.809888, 0, 0.586585, 0, 1, 0, -0.586585, 0, 0.809888, -3.1229, 0.491865, -1.66592 )

[node name="bottle2" parent="den" index="1" instance=ExtResource( 37 )]
transform = Transform( 0.951708, 0, 0.307005, 0, 1, 0, -0.307005, 0, 0.951708, -3.63049, 0.491867, 0.784958 )

[node name="bottle3" parent="den" index="2" instance=ExtResource( 37 )]
transform = Transform( -0.25004, 0.918275, 0.307005, -0.96487, -0.262727, 0, 0.0806585, -0.29622, 0.951708, -3.49269, 0.582716, 0.646896 )

[node name="sofa" parent="den" index="3" instance=ExtResource( 35 )]
transform = Transform( 0.99985, 0, 0.0173305, 0, 1, 0, -0.0173305, 0, 0.99985, -2.95029, 0.491867, 1.39238 )

[node name="incense" parent="den" index="5" instance=ExtResource( 38 )]
transform = Transform( -0.904117, 0, 0.427287, 0, 1, 0, -0.427287, 0, -0.904117, -3.63747, 0.491867, 0.459534 )

[node name="npc_den" parent="den" index="6" instance=ExtResource( 3 )]
transform = Transform( -0.904117, 0, 0.427287, 0, 1, 0, -0.427287, 0, -0.904117, -3.29686, 0.68984, 1.50908 )
dialog = ExtResource( 39 )
visual_name = "Den Enjoyer"
sitting = true

[node name="sitting_pillow" parent="den" index="7" instance=ExtResource( 34 )]
transform = Transform( 0.792749, -0.564, 0.231198, 0.533977, 0.825495, 0.182828, -0.293968, -0.021482, 0.955574, -2.48966, 0.86178, 1.37308 )

[node name="wind_reduction" type="Area" parent="." index="119"]
transform = Transform( 1, 0, 0, 0, 1, 0, 0, 0, 1, -2.87904, -31.7477, -54.3197 )
collision_layer = 0
collision_mask = 2
script = ExtResource( 40 )

[node name="CollisionShape" type="CollisionShape" parent="wind_reduction" index="0"]
transform = Transform( 1, 0, 0, 0, 1, 0, 0, 0, 1, -19.1436, 4.34872, -39.7271 )
shape = SubResource( 13 )

[node name="CollisionShape2" type="CollisionShape" parent="wind_reduction" index="1"]
transform = Transform( 0.355105, 0, 0.934826, 0, 1, 0, -0.934826, 0, 0.355105, -46.3051, 4.34872, -77.9213 )
shape = SubResource( 13 )

[node name="CollisionShape3" type="CollisionShape" parent="wind_reduction" index="2"]
transform = Transform( -0.180741, 0, 0.983531, 0, 1, 0, -0.983531, 0, -0.180741, -99.2527, 20.7408, -71.1623 )
shape = SubResource( 13 )

[node name="CollisionShape4" type="CollisionShape" parent="wind_reduction" index="3"]
transform = Transform( -0.782742, 0, 0.622346, 0, 1, 0, -0.622346, 0, -0.782742, -87.7722, 20.7408, -55.9862 )
shape = SubResource( 13 )

[node name="CollisionShape5" type="CollisionShape" parent="wind_reduction" index="4"]
transform = Transform( -0.782742, 0, 0.622346, 0, 1, 0, -0.622346, 0, -0.782742, -17.8872, 6.67612, -20.6886 )
shape = SubResource( 13 )

[node name="CollisionShape6" type="CollisionShape" parent="wind_reduction" index="5"]
transform = Transform( -0.251474, 0, 0.967864, 0, 1, 0, -0.967864, 0, -0.251474, 10.4764, 6.67612, -0.675529 )
shape = SubResource( 13 )
