[gd_scene load_steps=5 format=2]

[ext_resource path="res://areas/chunk_content.gd" type="Script" id=1]
[ext_resource path="res://_glb/chunks/chunk073.glb" type="PackedScene" id=2]
[ext_resource path="res://entities/env/copper/palace1.tscn" type="PackedScene" id=3]
[ext_resource path="res://entities/env/copper/palace2.tscn" type="PackedScene" id=4]

[node name="chunk073" instance=ExtResource( 2 )]
script = ExtResource( 1 )

[node name="palace1" parent="." index="18" instance=ExtResource( 3 )]
transform = Transform( -0.675899, -0.10704, 0.72918, 0, 0.989397, 0.145239, -0.736994, 0.0981666, -0.668732, -22.9504, 463.697, -67.8561 )

[node name="palace2" parent="palace1" index="1" instance=ExtResource( 4 )]
transform = Transform( 1, 3.72529e-09, -5.96046e-08, 7.45058e-09, 0.997739, -0.0672071, 2.98023e-08, 0.067207, 0.997739, -0.0764618, 18.1543, -0.421249 )

[node name="palace3" parent="palace1/palace2" index="1" instance=ExtResource( 4 )]
transform = Transform( -0.395862, -2.37487e-08, -0.91831, -0.0700909, 0.997083, 0.0302145, 0.915631, 0.076326, -0.394707, 1.24206, 18.8798, -0.644577 )
