[gd_scene load_steps=56 format=2]

[ext_resource path="res://material/env/ancient/gem_emissive.tres" type="Material" id=1]
[ext_resource path="res://_glb/chunks/chunk113.glb" type="PackedScene" id=2]
[ext_resource path="res://entities/one_time/chunks/chunk113.gd" type="Script" id=3]
[ext_resource path="res://entities/env/copper/palace1.tscn" type="PackedScene" id=4]
[ext_resource path="res://entities/env/copper/palace_roof1.tscn" type="PackedScene" id=5]
[ext_resource path="res://entities/env/stone/garden_empty.tscn" type="PackedScene" id=6]
[ext_resource path="res://entities/env/copper/tower.tscn" type="PackedScene" id=7]
[ext_resource path="res://entities/env/copper/scrap2.tscn" type="PackedScene" id=8]
[ext_resource path="res://entities/env/copper/scrap4.tscn" type="PackedScene" id=9]
[ext_resource path="res://entities/env/ancient/fountainA_large.tscn" type="PackedScene" id=10]
[ext_resource path="res://management/environment_override.gd" type="Script" id=11]
[ext_resource path="res://entities/env/stone/rock1.tscn" type="PackedScene" id=12]
[ext_resource path="res://tutorial_prompt.gd" type="Script" id=13]
[ext_resource path="res://entities/env/ancient/bobble.tscn" type="PackedScene" id=14]
[ext_resource path="res://entities/env/ancient/falling_platform.tscn" type="PackedScene" id=15]
[ext_resource path="res://entities/npc/npc_riley.tscn" type="PackedScene" id=16]
[ext_resource path="res://dialog/side_content/riley/riley.dialog" type="Resource" id=17]
[ext_resource path="res://entities/env/stone/fountain.tscn" type="PackedScene" id=18]
[ext_resource path="res://entities/env/ancient/fountainA.tscn" type="PackedScene" id=19]
[ext_resource path="res://entities/env/stone/ruin1.tscn" type="PackedScene" id=20]
[ext_resource path="res://material/env/ancient/white_metal.material" type="Material" id=21]
[ext_resource path="res://entities/visual/distance_visible.gd" type="Script" id=22]
[ext_resource path="res://entities/env/ancient/platform_square.tscn" type="PackedScene" id=23]
[ext_resource path="res://entities/enemies/crawly.tscn" type="PackedScene" id=24]
[ext_resource path="res://entities/env/ancient/ascrap1.tscn" type="PackedScene" id=25]
[ext_resource path="res://items/gem_pickup.tscn" type="PackedScene" id=26]
[ext_resource path="res://entities/dialog_trigger.gd" type="Script" id=27]
[ext_resource path="res://entities/control/door.gd" type="Script" id=28]
[ext_resource path="res://entities/control/dswitch_a.tscn" type="PackedScene" id=29]
[ext_resource path="res://entities/control/power_thing.gd" type="Script" id=30]
[ext_resource path="res://ui/diagetic/dialog_circle.tscn" type="PackedScene" id=31]
[ext_resource path="res://items/mesh/capacitor.tscn" type="PackedScene" id=32]
[ext_resource path="res://dialog/intro/get_capacitor_113.dialog" type="Resource" id=33]
[ext_resource path="res://entities/one_time/chunks/tower_113_fall.anim" type="Animation" id=34]
[ext_resource path="res://items/bug_pickup.tscn" type="PackedScene" id=35]
[ext_resource path="res://entities/control/conditional.gd" type="Script" id=36]

[sub_resource type="Animation" id=269]
length = 0.001
tracks/0/type = "value"
tracks/0/path = NodePath("active_entities/tower_not_collapsed/floor1/bobble4:transform")
tracks/0/interp = 1
tracks/0/loop_wrap = true
tracks/0/imported = false
tracks/0/enabled = true
tracks/0/keys = {
"times": PoolRealArray( 0 ),
"transitions": PoolRealArray( 1 ),
"update": 0,
"values": [ Transform( -0.640936, -0.767595, 3.35526e-08, 0, -4.37114e-08, -1, 0.767595, -0.640936, 2.80162e-08, 1.84922, 24.7033, -2.77272 ) ]
}
tracks/1/type = "value"
tracks/1/path = NodePath("active_entities/tower_not_collapsed/floor2/bobble:transform")
tracks/1/interp = 1
tracks/1/loop_wrap = true
tracks/1/imported = false
tracks/1/enabled = true
tracks/1/keys = {
"times": PoolRealArray( 0 ),
"transitions": PoolRealArray( 1 ),
"update": 0,
"values": [ Transform( 0.555423, 0, -0.831568, 0, 1, 0, 0.831568, 0, 0.555423, 15.5305, -3.159, 3.2294 ) ]
}
tracks/2/type = "value"
tracks/2/path = NodePath("active_entities/tower_not_collapsed/floor2/bobble2:transform")
tracks/2/interp = 1
tracks/2/loop_wrap = true
tracks/2/imported = false
tracks/2/enabled = true
tracks/2/keys = {
"times": PoolRealArray( 0 ),
"transitions": PoolRealArray( 1 ),
"update": 0,
"values": [ Transform( 0.605587, 0, 0.795779, 0, 1, 0, -0.795779, 0, 0.605587, -13.9056, -3.159, -2.9693 ) ]
}
tracks/3/type = "value"
tracks/3/path = NodePath("active_entities/tower_not_collapsed/floor2/bobble3:transform")
tracks/3/interp = 1
tracks/3/loop_wrap = true
tracks/3/imported = false
tracks/3/enabled = true
tracks/3/keys = {
"times": PoolRealArray( 0 ),
"transitions": PoolRealArray( 1 ),
"update": 0,
"values": [ Transform( -6.11714e-08, -0.801585, -0.59788, 1, -4.37114e-08, -4.37093e-08, 8.90259e-09, -0.59788, 0.801585, -9.2483, -3.159, 11.3864 ) ]
}
tracks/4/type = "value"
tracks/4/path = NodePath("active_entities/tower_not_collapsed/floor2/bobble4:transform")
tracks/4/interp = 1
tracks/4/loop_wrap = true
tracks/4/imported = false
tracks/4/enabled = true
tracks/4/keys = {
"times": PoolRealArray( 0 ),
"transitions": PoolRealArray( 1 ),
"update": 0,
"values": [ Transform( -5.36564e-08, -0.260476, 0.96548, 1, -4.37114e-08, 4.3782e-08, 3.07983e-08, 0.96548, 0.260476, 3.2152, -3.159, -14.7864 ) ]
}
tracks/5/type = "value"
tracks/5/path = NodePath("active_entities/tower_not_collapsed/floor2/bobble5:transform")
tracks/5/interp = 1
tracks/5/loop_wrap = true
tracks/5/imported = false
tracks/5/enabled = true
tracks/5/keys = {
"times": PoolRealArray( 0 ),
"transitions": PoolRealArray( 1 ),
"update": 0,
"values": [ Transform( -6.17706e-08, -0.963223, -0.268703, 1, -4.37114e-08, -7.31917e-08, 5.87546e-08, -0.268703, 0.963223, 3.2313, -1.14809, -14.782 ) ]
}
tracks/6/type = "value"
tracks/6/path = NodePath("active_entities/tower_not_collapsed/floor1/bobble:transform")
tracks/6/interp = 1
tracks/6/loop_wrap = true
tracks/6/imported = false
tracks/6/enabled = true
tracks/6/keys = {
"times": PoolRealArray( 0 ),
"transitions": PoolRealArray( 1 ),
"update": 0,
"values": [ Transform( 1, 0, 0, 0, 1, 0, 0, 0, 1, 9.1811, -0.165054, -11.1552 ) ]
}
tracks/7/type = "value"
tracks/7/path = NodePath("active_entities/tower_not_collapsed/floor1/bobble2:transform")
tracks/7/interp = 1
tracks/7/loop_wrap = true
tracks/7/imported = false
tracks/7/enabled = true
tracks/7/keys = {
"times": PoolRealArray( 0 ),
"transitions": PoolRealArray( 1 ),
"update": 0,
"values": [ Transform( -0.537556, 0, 0.843228, 0, 1, 0, -0.843228, 0, -0.537556, -5.89093, -0.165054, -3.82374 ) ]
}
tracks/8/type = "value"
tracks/8/path = NodePath("active_entities/tower_not_collapsed/floor1/bobble3:transform")
tracks/8/interp = 1
tracks/8/loop_wrap = true
tracks/8/imported = false
tracks/8/enabled = true
tracks/8/keys = {
"times": PoolRealArray( 0 ),
"transitions": PoolRealArray( 1 ),
"update": 0,
"values": [ Transform( 0.0637589, 0, 0.997965, 0, 1, 0, -0.997965, 0, 0.0637589, 9.0949, 1.86016, -11.267 ) ]
}

[sub_resource type="Animation" id=268]
resource_name = "fall"
length = 41.667
tracks/0/type = "value"
tracks/0/path = NodePath("active_entities/tower_not_collapsed/floor1/bobble4:transform")
tracks/0/interp = 1
tracks/0/loop_wrap = true
tracks/0/imported = false
tracks/0/enabled = true
tracks/0/keys = {
"times": PoolRealArray( 0, 2, 2.3, 2.5, 2.7, 2.9 ),
"transitions": PoolRealArray( 2, 1, 1, 0.277392, 2, 1 ),
"update": 0,
"values": [ Transform( -0.640936, -0.767595, 3.35526e-08, 0, -4.37114e-08, -1, 0.767595, -0.640936, 2.80162e-08, 1.84922, 24.7033, -2.77272 ), Transform( -0.398429, -0.767595, 0.502049, -0.783306, -3.42394e-08, -0.621636, 0.477165, -0.640936, -0.601261, 1.84922, 6.7033, -2.77272 ), Transform( -0.627189, -0.767595, 0.132033, -0.586425, 0.353826, -0.728638, 0.512582, -0.534421, -0.672052, 2.34637, 1.64812, -2.77272 ), Transform( -0.398429, -0.767595, 0.502049, -0.892495, 0.450646, -0.0192866, -0.211442, -0.45576, -0.864624, 2.51208, -0.0369377, -2.77272 ), Transform( 0.104194, -0.856423, 0.505652, -0.905947, 0.128055, 0.403563, -0.410371, -0.500143, -0.76253, 1.71843, 0.277634, -2.23551 ), Transform( -0.0229843, -0.864534, 0.502049, -0.999696, 0.0153777, -0.0192866, 0.00895353, -0.502339, -0.864624, 1.9716, -0.166996, -3.08366 ) ]
}
tracks/1/type = "value"
tracks/1/path = NodePath("active_entities/tower_not_collapsed/floor2/bobble:transform")
tracks/1/interp = 1
tracks/1/loop_wrap = true
tracks/1/imported = false
tracks/1/enabled = true
tracks/1/keys = {
"times": PoolRealArray( 0, 1.2, 1.9, 2.7, 5.1, 6.7, 7.9, 8.7, 12.1, 12.9, 15.7, 16.5 ),
"transitions": PoolRealArray( 2, 1, 1, 1, 1, 1, 1, 1, 1, 2, 0.420448, 1 ),
"update": 0,
"values": [ Transform( 0.555423, 0, -0.831568, 0, 1, 0, 0.831568, 0, 0.555423, 15.5305, -3.159, 3.2294 ), Transform( 0.549816, 0.0796764, -0.831477, -0.121475, 0.992485, 0.0147796, 0.826406, 0.0928774, 0.555362, 15.5008, -5.71868, 3.23742 ), Transform( 0.479023, 0.289151, -0.828811, -0.437738, 0.8971, 0.0599785, 0.760869, 0.334072, 0.556304, 14.9492, -3.46059, 3.61908 ), Transform( 0.824757, -0.227128, -0.51787, 0.454465, 0.811193, 0.368004, 0.336508, -0.538867, 0.772259, 14.7152, -11.9275, 3.82989 ), Transform( 0.555423, 0.219373, -0.80211, 0, 0.964576, 0.263806, 0.831568, -0.146524, 0.535748, 15.4533, -19.9989, 3.28096 ), Transform( 0.277153, 0.431048, -0.85871, -0.0653016, 0.900105, 0.430751, 0.958604, -0.0633087, 0.277615, 17.2211, -20.6745, 4.00672 ), Transform( 0.0452792, 0.727432, -0.684684, -0.0763021, 0.685903, 0.723681, 0.996056, 0.0194752, 0.0865617, 18.2478, -21.8058, 4.59497 ), Transform( -0.111262, 0.622995, -0.774272, -0.064898, 0.772892, 0.63121, 0.99167, 0.120478, -0.0455622, 18.9323, -22.56, 4.98715 ), Transform( -0.111262, 0.622995, -0.774272, -0.064898, 0.772892, 0.63121, 0.99167, 0.120478, -0.0455622, 18.9323, -22.56, 4.98715 ), Transform( -0.601655, -0.196249, -0.774272, -0.756519, -0.171035, 0.63121, -0.256302, 0.965522, -0.0455622, 23.6115, -24.1484, 5.40819 ), Transform( -0.937245, -0.196249, -0.288199, -0.25669, -0.171035, 0.95124, -0.235972, 0.965522, 0.109926, 33.4259, -48.4772, 3.09339 ), Transform( -0.937245, -0.196249, -0.288199, -0.25669, -0.171035, 0.95124, -0.235972, 0.965522, 0.109926, 33.5785, -48.9808, 3.03518 ) ]
}
tracks/2/type = "value"
tracks/2/path = NodePath("active_entities/tower_not_collapsed/floor2/bobble2:transform")
tracks/2/interp = 1
tracks/2/loop_wrap = true
tracks/2/imported = false
tracks/2/enabled = true
tracks/2/keys = {
"times": PoolRealArray( 0, 1.4, 4, 4.2, 4.4 ),
"transitions": PoolRealArray( 1, 2, 1, 1, 1 ),
"update": 0,
"values": [ Transform( 0.605587, 0, 0.795779, 0, 1, 0, -0.795779, 0, 0.605587, -13.9056, -3.159, -2.9693 ), Transform( 0.266257, -0.601391, 0.753283, 0.946476, 0.0151912, -0.322415, 0.182454, 0.79881, 0.573247, -15.058, -2.7879, -1.22395 ), Transform( -0.0558548, -0.573672, 0.817179, 0.981626, -0.181116, -0.0600514, 0.182454, 0.79881, 0.573247, -15.3198, -40.9476, -1.22395 ), Transform( -0.221453, -0.573672, 0.78858, 0.973222, -0.181116, 0.141548, 0.0616227, 0.79881, 0.598419, -15.8608, -40.6519, -1.54543 ), Transform( -0.0200295, -0.573711, 0.818812, 0.999768, -0.0179895, 0.0118514, 0.00793072, 0.81886, 0.573938, -15.8827, -41.0625, -1.54475 ) ]
}
tracks/3/type = "value"
tracks/3/path = NodePath("active_entities/tower_not_collapsed/floor2/bobble3:transform")
tracks/3/interp = 1
tracks/3/loop_wrap = true
tracks/3/imported = false
tracks/3/enabled = true
tracks/3/keys = {
"times": PoolRealArray( 0, 0.9, 1.7, 2.4, 2.8, 2.9, 4.2, 5.4, 7, 9.2, 11.5 ),
"transitions": PoolRealArray( 1, 1, 1, 1, 1, 1, 1, 1, 1, 1, 1 ),
"update": 0,
"values": [ Transform( -6.11714e-08, -0.801585, -0.59788, 1, -4.37114e-08, -4.37093e-08, 8.90259e-09, -0.59788, 0.801585, -9.2483, -3.159, 11.3864 ), Transform( -0.274572, -0.781597, -0.560104, 0.933622, -0.0772894, -0.349823, 0.230131, -0.618977, 0.750938, -10.0075, -4.70468, 12.3851 ), Transform( -0.20326, -0.781597, -0.589738, 0.969693, -0.0772893, -0.231781, 0.135579, -0.618977, 0.773618, -12.9071, -9.68628, 16.7813 ), Transform( 0.138049, -0.781597, -0.608316, 0.946257, -0.0772894, 0.314045, -0.292473, -0.618977, 0.728922, -14.2256, -14.7929, 19.0838 ), Transform( -0.397054, -0.781597, -0.481097, 0.826956, -0.0772893, -0.556929, 0.398111, -0.618977, 0.677034, -14.9011, -18.1738, 20.3589 ), Transform( -0.409245, -0.871357, -0.270656, 0.169416, 0.218909, -0.960925, 0.896558, -0.439107, 0.0580343, -14.9011, -18.1738, 20.3589 ), Transform( -0.409245, -0.871357, -0.270656, 0.169416, 0.218909, -0.960925, 0.896558, -0.439107, 0.0580343, -17.5626, -27.8321, 20.8255 ), Transform( -0.409245, 0.278371, -0.868923, 0.169416, 0.958946, 0.22742, 0.896558, -0.0541388, -0.439604, -9.26851, -31.9248, 25.3848 ), Transform( -0.409245, 0.278371, -0.868923, 0.169416, 0.958946, 0.22742, 0.896558, -0.0541388, -0.439604, -12.2168, -43.9158, 25.009 ), Transform( -0.409245, 0.278371, -0.868923, 0.169416, 0.958946, 0.22742, 0.896558, -0.0541388, -0.439604, -11.8355, -42.1324, 25.1779 ), Transform( -0.499335, 0.278371, -0.820471, 0.192641, 0.958946, 0.208113, 0.844721, -0.0541388, -0.532461, -12.9139, -49.0204, 23.7461 ) ]
}
tracks/4/type = "value"
tracks/4/path = NodePath("active_entities/tower_not_collapsed/floor2/bobble4:transform")
tracks/4/interp = 1
tracks/4/loop_wrap = true
tracks/4/imported = false
tracks/4/enabled = true
tracks/4/keys = {
"times": PoolRealArray( 0, 0.8, 1.2, 3, 3.3, 3.9, 7.6 ),
"transitions": PoolRealArray( 1, 1, 2, 1, 1, 1, 1 ),
"update": 0,
"values": [ Transform( -5.36564e-08, -0.260476, 0.96548, 1, -4.37114e-08, 4.3782e-08, 3.07983e-08, 0.96548, 0.260476, 3.2152, -3.159, -14.7864 ), Transform( 0.222407, -0.135584, 0.96548, 0.520524, 0.853847, 3.10587e-08, -0.824373, 0.502555, 0.260476, 6.22348, 6.68656, -25.9369 ), Transform( 0.222407, -0.135584, 0.96548, 0.520524, 0.853847, 3.10587e-08, -0.824373, 0.502555, 0.260476, 5.78893, 7.18091, -24.3262 ), Transform( 0.222407, -0.135584, 0.96548, 0.520524, 0.853847, 2.98023e-08, -0.824373, 0.502555, 0.260476, 4.81863, -8.67654, -23.3117 ), Transform( 0.222407, -0.135584, 0.96548, 0.0955091, 0.988549, 0.116822, -0.970265, 0.06623, 0.23281, 4.6527, -11.7854, -23.7962 ), Transform( 0.222407, -0.135584, 0.96548, 0.0955091, 0.988549, 0.116822, -0.970265, 0.06623, 0.23281, 4.6527, -19.6963, -32.6472 ), Transform( 0.222407, -0.135584, 0.96548, 0.0955091, 0.988549, 0.116822, -0.970265, 0.06623, 0.23281, 4.6527, -53.9085, -38.1733 ) ]
}
tracks/5/type = "value"
tracks/5/path = NodePath("active_entities/tower_not_collapsed/floor2/bobble5:transform")
tracks/5/interp = 1
tracks/5/loop_wrap = true
tracks/5/imported = false
tracks/5/enabled = true
tracks/5/keys = {
"times": PoolRealArray( 0, 1.3, 3.9, 4, 4.3, 5.7, 14.4, 17.5, 18.1, 20, 20.3, 20.7 ),
"transitions": PoolRealArray( 0.554785, 1, 1, 1, 1, 1, 1, 1, 1, 1, 1, 1 ),
"update": 0,
"values": [ Transform( -6.17706e-08, -0.963223, -0.268703, 1, -4.37114e-08, -7.31917e-08, 5.87546e-08, -0.268703, 0.963223, 3.2313, -1.14809, -14.782 ), Transform( -6.17706e-08, -0.963223, -0.268703, 0.797718, -0.162036, 0.580853, -0.603031, -0.214349, 0.76838, 3.2313, 26.8879, -14.782 ), Transform( -0.342359, 0.671247, 0.657433, 0.797718, -0.162036, 0.580853, 0.496424, 0.723306, -0.479991, 1.62044, -12.1121, -7.74551 ), Transform( 0.416617, 0.356527, 0.836253, 0.860212, -0.452152, -0.235784, 0.29405, 0.817586, -0.495063, 1.55848, -13.1158, -7.47488 ), Transform( 0.295954, 0.879297, 0.373158, 0.954266, -0.289461, -0.0747597, 0.0422784, 0.378217, -0.924751, 4.21477, -14.1195, -5.52269 ), Transform( 0.295954, 0.879297, 0.373158, 0.944133, -0.32858, 0.0254576, 0.144997, 0.344776, -0.927418, 4.21477, -17.8924, -5.52269 ), Transform( 0.155428, 0.91775, 0.365482, 0.977148, -0.197141, 0.0794833, 0.144997, 0.344776, -0.927418, 9.03046, -18.1374, -11.1088 ), Transform( -0.34642, 0.895686, 0.278818, 0.926806, 0.280848, 0.249309, 0.144997, 0.344776, -0.927418, 12.4989, -18.0193, -11.1088 ), Transform( -0.426617, 0.86654, 0.259048, 0.897779, 0.371058, 0.237295, 0.109504, 0.333801, -0.936261, 9.15633, -18.7384, -11.1206 ), Transform( -0.34642, 0.895686, 0.278818, 0.925635, 0.37463, -0.053415, -0.152297, 0.23958, -0.958857, 7.72328, -39.5401, -11.2069 ), Transform( 0.178936, 0.960825, 0.211651, 0.972002, -0.139341, -0.1892, -0.152297, 0.23958, -0.958857, 7.72328, -39.5759, -11.2069 ), Transform( 0.178936, 0.960825, 0.211651, 0.983847, -0.175886, -0.0333118, 0.00521958, 0.214193, -0.976777, 7.72328, -39.7249, -11.2069 ) ]
}
tracks/6/type = "animation"
tracks/6/path = NodePath("AnimationPlayer")
tracks/6/interp = 1
tracks/6/loop_wrap = true
tracks/6/imported = false
tracks/6/enabled = true
tracks/6/keys = {
"clips": PoolStringArray( "tower_113_fall" ),
"times": PoolRealArray( 0 )
}

[sub_resource type="ConvexPolygonShape" id=1]
points = PoolVector3Array( -34.0129, -114.355, -4.73564, -11.3261, -114.355, 26.445, -34.0129, 33.8643, -4.73564, -2.84046, -114.355, -27.4264, 40.4628, -114.355, 3.74899, -11.3261, 25.3486, 26.445, -2.84046, 42.3953, -27.4264, 40.4628, 33.8643, 3.74899 )

[sub_resource type="OccluderShapePolygon" id=7]
polygon_points = PoolVector2Array( 19.1686, -66.5112, -24.4647, 103.201, 18.7659, 93.1214, -24.48, -61.4066 )

[sub_resource type="OccluderShapePolygon" id=8]
polygon_points = PoolVector2Array( 18.6346, -78.7243, -23.0848, 103.08, 17.3397, 93.1139, -22.4295, -79.2837 )

[sub_resource type="OccluderShapePolygon" id=9]
polygon_points = PoolVector2Array( 30.0849, -79.0578, -30.3052, 105.494, 30.7454, 94.755, -28.1145, -75.9248 )

[sub_resource type="OccluderShapePolygon" id=10]
polygon_points = PoolVector2Array( 24.8412, -38.5391, -31.3258, 103.278, 25.8934, 93.8617, -32.0348, -29.7065 )

[sub_resource type="BoxShape" id=2]
extents = Vector3( 17.5841, 1, 17.3395 )

[sub_resource type="BoxShape" id=3]
extents = Vector3( 20.8702, 1, 6.70471 )

[sub_resource type="BoxShape" id=4]
extents = Vector3( 19.9475, 1, 6.70471 )

[sub_resource type="SphereShape" id=5]
radius = 4.666

[sub_resource type="BoxShape" id=6]
extents = Vector3( 3.76434, 3.59318, 4.90027 )

[sub_resource type="Animation" id=262]
resource_name = "Activate"
length = 4.0
tracks/0/type = "value"
tracks/0/path = NodePath(".:transform")
tracks/0/interp = 1
tracks/0/loop_wrap = true
tracks/0/imported = false
tracks/0/enabled = true
tracks/0/keys = {
"times": PoolRealArray( 0, 1, 2.5, 4 ),
"transitions": PoolRealArray( 1, 2.46229, 0.378929, 1 ),
"update": 0,
"values": [ Transform( 0.80356, 0, -0.595224, 0, 1, 0, 0.595224, 0, 0.80356, 3.62709, -39.5141, 10.236 ), Transform( 0.80356, 0, -0.595224, 0, 1, 0, 0.595224, 0, 0.80356, 3.62709, -39.5141, 10.236 ), Transform( 0.80356, 0, -0.595224, 0, 1, 0, 0.595224, 0, 0.80356, 3.62709, -32.5912, 10.236 ), Transform( 0.80356, 0, -0.595224, 0, 1, 0, 0.595224, 0, 0.80356, 3.62709, -25.6683, 10.236 ) ]
}

[sub_resource type="Animation" id=263]
length = 0.001
tracks/0/type = "value"
tracks/0/path = NodePath(".:transform")
tracks/0/interp = 1
tracks/0/loop_wrap = true
tracks/0/imported = false
tracks/0/enabled = true
tracks/0/keys = {
"times": PoolRealArray( 0 ),
"transitions": PoolRealArray( 1 ),
"update": 0,
"values": [ Transform( 0.80356, 0, -0.595224, 0, 1, 0, 0.595224, 0, 0.80356, 3.62709, -39.5141, 10.236 ) ]
}

[sub_resource type="Animation" id=264]
resource_name = "Activate"
length = 8.0
tracks/0/type = "value"
tracks/0/path = NodePath(".:transform")
tracks/0/interp = 1
tracks/0/loop_wrap = true
tracks/0/imported = false
tracks/0/enabled = true
tracks/0/keys = {
"times": PoolRealArray( 0, 3.6, 8 ),
"transitions": PoolRealArray( 3, 0.33, 1 ),
"update": 0,
"values": [ Transform( 0.75503, 0, -0.655691, 0, 1, 0, 0.655691, 0, 0.75503, 11.1143, -24.0913, 24.9087 ), Transform( 0.676036, 0, -0.736869, 0, 1, 0, 0.736869, 0, 0.676036, 29.2896, -20.0219, 5.96801 ), Transform( 0.231618, 0, 0.972807, 0, 1, 0, -0.972807, 0, 0.231618, 23.0528, -7.73514, -16.9475 ) ]
}

[sub_resource type="Animation" id=265]
length = 0.001
tracks/0/type = "value"
tracks/0/path = NodePath(".:transform")
tracks/0/interp = 1
tracks/0/loop_wrap = true
tracks/0/imported = false
tracks/0/enabled = true
tracks/0/keys = {
"times": PoolRealArray( 0 ),
"transitions": PoolRealArray( 1 ),
"update": 0,
"values": [ Transform( 0.75503, 0, -0.655691, 0, 1, 0, 0.655691, 0, 0.75503, 11.1143, -24.0913, 24.9087 ) ]
}

[sub_resource type="Animation" id=266]
resource_name = "Activate"
length = 10.0
tracks/0/type = "value"
tracks/0/path = NodePath(".:transform")
tracks/0/interp = 1
tracks/0/loop_wrap = true
tracks/0/imported = false
tracks/0/enabled = true
tracks/0/keys = {
"times": PoolRealArray( 0, 1, 2.8, 4.1, 5.9, 10 ),
"transitions": PoolRealArray( 2.07053, 2.07053, 1, 1, 0.554785, 1 ),
"update": 0,
"values": [ Transform( 0.965563, 0, -0.260169, 0, 1, 0, 0.260169, 0, 0.965563, 7.68893, -2.09839, -20.72 ), Transform( 0.965563, -0.00762148, -0.260057, 0, 0.999571, -0.0292944, 0.260169, 0.0282856, 0.965149, 7.63074, -2.07761, -20.504 ), Transform( 0.995263, 0, -0.0972143, 0, 1, 0, 0.0972143, 0, 0.995263, 1.93827, -1.23001, -8.21093 ), Transform( 0.875309, 0, 0.483563, 0, 1, 0, -0.483563, 0, 0.875309, 3.29546, -1.32492, -1.29155 ), Transform( 0.997657, 0, 0.0684072, 0, 1, 0, -0.0684072, 0, 0.997657, 10.4681, 5.47783, 13.2663 ), Transform( 0.921015, 0, 0.389527, 0, 1, 0, -0.389527, 0, 0.921015, 10.804, 23.8918, 11.6195 ) ]
}

[sub_resource type="Animation" id=267]
length = 0.001
tracks/0/type = "value"
tracks/0/path = NodePath(".:transform")
tracks/0/interp = 1
tracks/0/loop_wrap = true
tracks/0/imported = false
tracks/0/enabled = true
tracks/0/keys = {
"times": PoolRealArray( 0 ),
"transitions": PoolRealArray( 1 ),
"update": 0,
"values": [ Transform( 0.965563, 0, -0.260169, 0, 1, 0, 0.260169, 0, 0.965563, 7.68893, -2.09839, -20.72 ) ]
}

[sub_resource type="SphereShape" id=261]
radius = 0.589667

[node name="chunk113" instance=ExtResource( 2 )]
script = ExtResource( 3 )
lighting_preview = true

[node name="door_bit_lower2-kine" parent="tower" index="0"]
transform = Transform( 0.92197, 0, 0.387261, 0, 1, 0, -0.387261, 0, 0.92197, -15.9707, -77.3291, -17.3971 )
collision_layer = 257

[node name="mesh" parent="tower/door_bit_lower2-kine" index="0"]
material/0 = ExtResource( 1 )

[node name="door_bit_lower3-kine" parent="tower" index="1"]
transform = Transform( 0.92197, 0, 0.387261, 0, 1, 0, -0.387261, 0, 0.92197, -10.364, -77.3317, -20.6262 )
collision_layer = 257

[node name="mesh" parent="tower/door_bit_lower3-kine" index="0"]
material/0 = ExtResource( 1 )

[node name="door_bit_lower4-kine" parent="tower" index="2"]
transform = Transform( 0.92197, 0, 0.387261, 0, 1, 0, -0.387261, 0, 0.92197, -15.5935, -77.3431, -12.4846 )
collision_layer = 257

[node name="mesh" parent="tower/door_bit_lower4-kine" index="0"]
material/0 = ExtResource( 1 )

[node name="entry1-kine" parent="tower" index="3"]
transform = Transform( 0.92197, 0, 0.387261, 0, 1, 0, -0.387261, 0, 0.92197, 18.4517, -50.1265, -8.72556 )
collision_layer = 257

[node name="mesh" parent="tower/entry1-kine" index="0"]
material/0 = ExtResource( 1 )

[node name="entry2-kine" parent="tower" index="4"]
transform = Transform( 0.92197, 0, 0.387261, 0, 1, 0, -0.387261, 0, 0.92197, 12.9812, -50.1555, -6.29556 )
collision_layer = 257

[node name="mesh" parent="tower/entry2-kine" index="0"]
material/0 = ExtResource( 1 )

[node name="entry3-kine" parent="tower" index="5"]
transform = Transform( 0.92197, 0, 0.387261, 0, 1, 0, -0.387261, 0, 0.92197, 19.5166, -50.1282, -4.54523 )
collision_layer = 257

[node name="mesh" parent="tower/entry3-kine" index="0"]
material/0 = ExtResource( 1 )

[node name="entry4-kine" parent="tower" index="6"]
transform = Transform( 0.92197, 0, 0.387261, 0, 1, 0, -0.387261, 0, 0.92197, 14.0339, -50.17, -2.51259 )
collision_layer = 257

[node name="mesh" parent="tower/entry4-kine" index="0"]
material/0 = ExtResource( 1 )

[node name="shrine-kine" parent="tower" index="7"]
collision_layer = 257

[node name="pole-kine" parent="tower/shrine-kine" index="0"]
collision_layer = 257

[node name="mesh" parent="tower/shrine-kine/pole-kine" index="0"]
material/0 = ExtResource( 21 )

[node name="shrine_arm-kine" parent="tower/shrine-kine" index="1"]
collision_layer = 257

[node name="mesh" parent="tower/shrine-kine/shrine_arm-kine" index="0"]
material/0 = ExtResource( 21 )

[node name="shrine_arm-kine001" parent="tower/shrine-kine" index="2"]
collision_layer = 257

[node name="mesh" parent="tower/shrine-kine/shrine_arm-kine001" index="0"]
material/0 = ExtResource( 21 )

[node name="shrine_arm-kine002" parent="tower/shrine-kine" index="3"]
collision_layer = 257

[node name="mesh" parent="tower/shrine-kine/shrine_arm-kine002" index="0"]
material/0 = ExtResource( 21 )

[node name="shrine_arm-kine003" parent="tower/shrine-kine" index="4"]
collision_layer = 257

[node name="mesh" parent="tower/shrine-kine/shrine_arm-kine003" index="0"]
material/0 = ExtResource( 21 )

[node name="shrine_arm-kine004" parent="tower/shrine-kine" index="5"]
collision_layer = 257

[node name="mesh" parent="tower/shrine-kine/shrine_arm-kine004" index="0"]
material/0 = ExtResource( 21 )

[node name="shrine_arm-kine005" parent="tower/shrine-kine" index="6"]
collision_layer = 257

[node name="mesh" parent="tower/shrine-kine/shrine_arm-kine005" index="0"]
material/0 = ExtResource( 21 )

[node name="shrine_arm-kine006" parent="tower/shrine-kine" index="7"]
collision_layer = 257

[node name="mesh" parent="tower/shrine-kine/shrine_arm-kine006" index="0"]
material/0 = ExtResource( 21 )

[node name="mesh" parent="tower/shrine-kine" index="8"]
material/0 = ExtResource( 21 )

[node name="shrine_arm-kine007" parent="tower" index="8"]
collision_layer = 257

[node name="mesh" parent="tower/shrine_arm-kine007" index="0"]
material/0 = ExtResource( 21 )

[node name="table-kine" parent="tower" index="9"]
collision_layer = 257

[node name="mesh" parent="tower/table-kine" index="0"]
material/0 = ExtResource( 21 )

[node name="tower-roof_upper-kine" parent="tower" index="10"]
transform = Transform( 0.92197, 0, 0.387261, 0, 1, 0, -0.387261, 0, 0.92197, 21.6848, 34.7457, -6.73672 )
collision_layer = 257

[node name="mesh" parent="tower/tower-roof_upper-kine" index="0"]
material/0 = ExtResource( 21 )

[node name="tower-roof_upper-kine001" parent="tower" index="11"]
transform = Transform( 0.92197, 0, 0.387261, 0, 1, 0, -0.387261, 0, 0.92197, -29.5242, 34.6596, 8.28758 )
collision_layer = 257

[node name="mesh" parent="tower/tower-roof_upper-kine001" index="0"]
material/0 = ExtResource( 21 )

[node name="tower-roof_upper-kine002" parent="tower" index="12"]
transform = Transform( 0.92197, 0, 0.387261, 0, 1, 0, -0.387261, 0, 0.92197, -12.6583, 41.3621, -17.4963 )
collision_layer = 257

[node name="mesh" parent="tower/tower-roof_upper-kine002" index="0"]
material/0 = ExtResource( 21 )

[node name="tower-roof_upper-kine003" parent="tower" index="13"]
transform = Transform( 0.92197, 0, 0.387261, 0, 1, 0, -0.387261, 0, 0.92197, -4.43835, 27.5945, 24.4002 )
collision_layer = 257

[node name="mesh" parent="tower/tower-roof_upper-kine003" index="0"]
material/0 = ExtResource( 21 )

[node name="tower-roof_upper-kine004" parent="tower" index="14"]
transform = Transform( 0.92197, 0, 0.387261, 0, 1, 0, -0.387261, 0, 0.92197, -19.4097, 37.9778, -4.97771 )
collision_layer = 257

[node name="mesh" parent="tower/tower-roof_upper-kine004" index="0"]
material/0 = ExtResource( 21 )

[node name="tower-roof_upper-kine005" parent="tower" index="15"]
transform = Transform( 0.92197, 0, 0.387261, 0, 1, 0, -0.387261, 0, 0.92197, 7.86107, 32.2182, 5.65393 )
collision_layer = 257

[node name="mesh" parent="tower/tower-roof_upper-kine005" index="0"]
material/0 = ExtResource( 21 )

[node name="tower-roof_upper-kine006" parent="tower" index="16"]
transform = Transform( 0.92197, 0, 0.387261, 0, 1, 0, -0.387261, 0, 0.92197, 2.38776, 38.9501, -14.3214 )
collision_layer = 257

[node name="mesh" parent="tower/tower-roof_upper-kine006" index="0"]
material/0 = ExtResource( 21 )

[node name="tower-roof_upper-kine007" parent="tower" index="17"]
transform = Transform( 0.92197, 0, 0.387261, 0, 1, 0, -0.387261, 0, 0.92197, -7.45403, 36.5592, -3.86404 )
collision_layer = 257

[node name="mesh" parent="tower/tower-roof_upper-kine007" index="0"]
material/0 = ExtResource( 21 )

[node name="tower-roof_upper-kine008" parent="tower" index="18"]
transform = Transform( 0.92197, 0, 0.387261, 0, 1, 0, -0.387261, 0, 0.92197, -1.79802, 30.3368, 14.6121 )
collision_layer = 257

[node name="mesh" parent="tower/tower-roof_upper-kine008" index="0"]
material/0 = ExtResource( 21 )

[node name="tower-roof_upper-kine009" parent="tower" index="19"]
transform = Transform( 0.92197, 0, 0.387261, 0, 1, 0, -0.387261, 0, 0.92197, -15.1357, 33.0861, 9.45501 )
collision_layer = 257

[node name="mesh" parent="tower/tower-roof_upper-kine009" index="0"]
material/0 = ExtResource( 21 )

[node name="tower-roof_upper-kine010" parent="tower" index="20"]
transform = Transform( 0.92197, 0, 0.387261, 0, 1, 0, -0.387261, 0, 0.92197, -24.1615, 35.7033, 3.55022 )
collision_layer = 257

[node name="mesh" parent="tower/tower-roof_upper-kine010" index="0"]
material/0 = ExtResource( 21 )

[node name="tower-roof_upper-kine011" parent="tower" index="21"]
transform = Transform( 0.92197, 0, 0.387261, 0, 1, 0, -0.387261, 0, 0.92197, -21.8992, 31.6998, 15.8017 )
collision_layer = 257

[node name="mesh" parent="tower/tower-roof_upper-kine011" index="0"]
material/0 = ExtResource( 21 )

[node name="tower_base" parent="tower" index="22"]
material/0 = ExtResource( 21 )
material/1 = ExtResource( 1 )

[node name="StaticBody" parent="tower/tower_base" index="0"]
collision_layer = 257

[node name="tower_floor_upper1-kine001" parent="tower" index="23"]
transform = Transform( 0.92197, 0, 0.387261, 0, 1, 0, -0.387261, 0, 0.92197, -0.691132, -50.1292, -0.717201 )
collision_layer = 257

[node name="mesh" parent="tower/tower_floor_upper1-kine001" index="0"]
material/0 = ExtResource( 21 )

[node name="tower_floor_upper1-kine002" parent="tower" index="24"]
transform = Transform( 0.92197, 0, 0.387261, 0, 1, 0, -0.387261, 0, 0.92197, 9.54501, -50.1373, -8.11697 )
collision_layer = 257

[node name="mesh" parent="tower/tower_floor_upper1-kine002" index="0"]
material/0 = ExtResource( 21 )

[node name="tower_floor_upper1-kine003" parent="tower" index="25"]
transform = Transform( 0.92197, 0, 0.387261, 0, 1, 0, -0.387261, 0, 0.92197, 16.6583, -50.1421, 5.67476 )
collision_layer = 257

[node name="mesh" parent="tower/tower_floor_upper1-kine003" index="0"]
material/0 = ExtResource( 21 )

[node name="tower_floor_upper1-kine004" parent="tower" index="26"]
transform = Transform( 0.92197, 0, 0.387261, 0, 1, 0, -0.387261, 0, 0.92197, 20.4201, -50.1278, -13.5885 )
collision_layer = 257

[node name="mesh" parent="tower/tower_floor_upper1-kine004" index="0"]
material/0 = ExtResource( 21 )

[node name="tower_floor_upper1-kine005" parent="tower" index="27"]
transform = Transform( 0.92197, 0, 0.387261, 0, 1, 0, -0.387261, 0, 0.92197, 6.12681, -50.143, -16.0175 )
collision_layer = 257

[node name="mesh" parent="tower/tower_floor_upper1-kine005" index="0"]
material/0 = ExtResource( 21 )

[node name="tower_floor_upper1-kine006" parent="tower" index="28"]
transform = Transform( 0.92197, 0, 0.387261, 0, 1, 0, -0.387261, 0, 0.92197, -6.69136, -50.0737, -21.6212 )
collision_layer = 257

[node name="mesh" parent="tower/tower_floor_upper1-kine006" index="0"]
material/0 = ExtResource( 21 )

[node name="tower_floor_upper1-kine007" parent="tower" index="29"]
transform = Transform( 0.92197, 0, 0.387261, 0, 1, 0, -0.387261, 0, 0.92197, -8.51978, -50.1259, -14.9961 )
collision_layer = 257

[node name="mesh" parent="tower/tower_floor_upper1-kine007" index="0"]
material/0 = ExtResource( 21 )

[node name="tower_floor_upper1-kine008" parent="tower" index="30"]
transform = Transform( 0.92197, 0, 0.387261, 0, 1, 0, -0.387261, 0, 0.92197, -19.0531, -50.1426, 0.637915 )
collision_layer = 257

[node name="mesh" parent="tower/tower_floor_upper1-kine008" index="0"]
material/0 = ExtResource( 21 )

[node name="tower_floor_upper1-kine009" parent="tower" index="31"]
transform = Transform( 0.92197, 0, 0.387261, 0, 1, 0, -0.387261, 0, 0.92197, -9.72334, -50.1398, 12.6089 )
collision_layer = 257

[node name="mesh" parent="tower/tower_floor_upper1-kine009" index="0"]
material/0 = ExtResource( 21 )

[node name="tower_floor_upper1-kine010" parent="tower" index="32"]
transform = Transform( 0.92197, 0, 0.387261, 0, 1, 0, -0.387261, 0, 0.92197, -3.06139, -50.1134, 19.6668 )
collision_layer = 257

[node name="mesh" parent="tower/tower_floor_upper1-kine010" index="0"]
material/0 = ExtResource( 21 )

[node name="tower_floor_upper1-kine011" parent="tower" index="33"]
transform = Transform( 0.92197, 0, 0.387261, 0, 1, 0, -0.387261, 0, 0.92197, 2.18026, -50.1363, -9.55191 )
collision_layer = 257

[node name="mesh" parent="tower/tower_floor_upper1-kine011" index="0"]
material/0 = ExtResource( 21 )

[node name="tower_floor_upper1-kine012" parent="tower" index="34"]
transform = Transform( 0.92197, 0, 0.387261, 0, 1, 0, -0.387261, 0, 0.92197, 8.99568, -50.1301, 4.31888 )
collision_layer = 257

[node name="mesh" parent="tower/tower_floor_upper1-kine012" index="0"]
material/0 = ExtResource( 21 )

[node name="tower_inner_lower-kine005" parent="tower" index="35"]
transform = Transform( 0.92197, 0, 0.387261, 0, 1, 0, -0.387261, 0, 0.92197, -5.75687, -84.1642, -21.3144 )
collision_layer = 257

[node name="mesh" parent="tower/tower_inner_lower-kine005" index="0"]
material/0 = ExtResource( 21 )

[node name="tower_inner_lower-kine006" parent="tower" index="36"]
transform = Transform( 0.92197, 0, 0.387261, 0, 1, 0, -0.387261, 0, 0.92197, 0.475975, -85.0514, -7.44242 )
collision_layer = 257

[node name="mesh" parent="tower/tower_inner_lower-kine006" index="0"]
material/0 = ExtResource( 21 )

[node name="tower_inner_lower-kine009" parent="tower" index="37"]
transform = Transform( 0.92197, 0, 0.387261, 0, 1, 0, -0.387261, 0, 0.92197, -13.7565, -83.7011, -9.39041 )
collision_layer = 257

[node name="mesh" parent="tower/tower_inner_lower-kine009" index="0"]
material/0 = ExtResource( 21 )

[node name="tower_inner_lower-kine010" parent="tower" index="38"]
transform = Transform( 0.92197, 0, 0.387261, 0, 1, 0, -0.387261, 0, 0.92197, -19.9349, -80.0611, 9.94095 )
collision_layer = 257

[node name="mesh" parent="tower/tower_inner_lower-kine010" index="0"]
material/0 = ExtResource( 21 )
material/1 = ExtResource( 1 )

[node name="tower_inner_lower-kine011" parent="tower" index="39"]
transform = Transform( 0.92197, 0, 0.387261, 0, 1, 0, -0.387261, 0, 0.92197, -20.0568, -78.9456, 9.68023 )
collision_layer = 257

[node name="mesh" parent="tower/tower_inner_lower-kine011" index="0"]
material/0 = ExtResource( 21 )

[node name="tower_inner_lower-kine013" parent="tower" index="40"]
transform = Transform( 0.92197, 0, 0.387261, 0, 1, 0, -0.387261, 0, 0.92197, -18.3735, -88.9112, -2.48713 )
collision_layer = 257

[node name="mesh" parent="tower/tower_inner_lower-kine013" index="0"]
material/0 = ExtResource( 1 )

[node name="tower_inner_lower-kine014" parent="tower" index="41"]
transform = Transform( 0.92197, 0, 0.387261, 0, 1, 0, -0.387261, 0, 0.92197, -10.3736, -90.762, -14.3885 )
collision_layer = 257

[node name="mesh" parent="tower/tower_inner_lower-kine014" index="0"]
material/0 = ExtResource( 1 )

[node name="tower_inner_lower-kine015" parent="tower" index="42"]
transform = Transform( 0.92197, 0, 0.387261, 0, 1, 0, -0.387261, 0, 0.92197, -5.75385, -90.9377, -21.3054 )
collision_layer = 257

[node name="mesh" parent="tower/tower_inner_lower-kine015" index="0"]
material/0 = ExtResource( 21 )

[node name="tower_lower_inner-kine" parent="tower" index="43"]
transform = Transform( 0.92197, 0, 0.387261, 0, 1, 0, -0.387261, 0, 0.92197, -15.9233, -84.033, 19.6693 )
collision_layer = 257

[node name="mesh" parent="tower/tower_lower_inner-kine" index="0"]
material/0 = ExtResource( 21 )

[node name="tower_lower_inner-kine001" parent="tower" index="44"]
transform = Transform( 0.92197, 0, 0.387261, 0, 1, 0, -0.387261, 0, 0.92197, 13.0741, -85.6756, -18.4468 )
collision_layer = 257

[node name="mesh" parent="tower/tower_lower_inner-kine001" index="0"]
material/0 = ExtResource( 21 )

[node name="tower_lower_inner-kine002" parent="tower" index="45"]
transform = Transform( 0.92197, 0, 0.387261, 0, 1, 0, -0.387261, 0, 0.92197, -23.1522, -82.3887, -8.49313 )
collision_layer = 257

[node name="mesh" parent="tower/tower_lower_inner-kine002" index="0"]
material/0 = ExtResource( 21 )

[node name="tower_lower_inner-kine003" parent="tower" index="46"]
transform = Transform( 0.92197, 0, 0.387261, 0, 1, 0, -0.387261, 0, 0.92197, 18.7005, -87.4541, 9.41281 )
collision_layer = 257

[node name="mesh" parent="tower/tower_lower_inner-kine003" index="0"]
material/0 = ExtResource( 21 )

[node name="tower_platform1-kine" parent="tower" index="47"]
transform = Transform( 0.92197, 0, 0.387261, 0, 1, 0, -0.387261, 0, 0.92197, -1.428, -92.2169, 1.75392 )
collision_layer = 257

[node name="mesh" parent="tower/tower_platform1-kine" index="0"]
material/0 = ExtResource( 21 )
material/1 = ExtResource( 1 )

[node name="tower_platform2-kine" parent="tower" index="48"]
transform = Transform( 0.92197, 0, 0.387261, 0, 1, 0, -0.387261, 0, 0.92197, -2.64944, -92.4736, -7.2305 )
collision_layer = 257

[node name="mesh" parent="tower/tower_platform2-kine" index="0"]
material/0 = ExtResource( 21 )
material/1 = ExtResource( 1 )

[node name="tower_roof_lower-kine" parent="tower" index="49"]
transform = Transform( 0.92197, 0, 0.387261, 0, 1, 0, -0.387261, 0, 0.92197, -10.7058, -77.3327, 12.9304 )
collision_layer = 257

[node name="mesh" parent="tower/tower_roof_lower-kine" index="0"]
material/0 = ExtResource( 21 )

[node name="tower_roof_lower-kine001" parent="tower" index="50"]
transform = Transform( 0.92197, 0, 0.387261, 0, 1, 0, -0.387261, 0, 0.92197, -16.5752, -77.2688, -17.5649 )
collision_layer = 257

[node name="mesh" parent="tower/tower_roof_lower-kine001" index="0"]
material/0 = ExtResource( 21 )

[node name="tower_roof_lower-kine002" parent="tower" index="51"]
transform = Transform( 0.92197, 0, 0.387261, 0, 1, 0, -0.387261, 0, 0.92197, 20.9657, -77.3515, -6.84184 )
collision_layer = 257

[node name="mesh" parent="tower/tower_roof_lower-kine002" index="0"]
material/0 = ExtResource( 21 )

[node name="tower_roof_lower-kine003" parent="tower" index="52"]
transform = Transform( 0.92197, 0, 0.387261, 0, 1, 0, -0.387261, 0, 0.92197, 12.6776, -77.2442, -16.6227 )
collision_layer = 257

[node name="mesh" parent="tower/tower_roof_lower-kine003" index="0"]
material/0 = ExtResource( 21 )

[node name="tower_roof_lower-kine004" parent="tower" index="53"]
transform = Transform( 0.92197, 0, 0.387261, 0, 1, 0, -0.387261, 0, 0.92197, 0.578941, -77.3379, -12.7138 )
collision_layer = 257

[node name="mesh" parent="tower/tower_roof_lower-kine004" index="0"]
material/0 = ExtResource( 21 )

[node name="tower_roof_lower-kine005" parent="tower" index="54"]
transform = Transform( 0.92197, 0, 0.387261, 0, 1, 0, -0.387261, 0, 0.92197, -0.734016, -77.333, 0.361219 )
collision_layer = 257

[node name="mesh" parent="tower/tower_roof_lower-kine005" index="0"]
material/0 = ExtResource( 21 )

[node name="tower_upper_gem_band-kine" parent="tower" index="55"]
transform = Transform( 0.92197, 0, 0.387261, 0, 1, 0, -0.387261, 0, 0.92197, -17.4743, -39.9568, 20.4167 )
collision_layer = 257

[node name="mesh" parent="tower/tower_upper_gem_band-kine" index="0"]
material/0 = ExtResource( 1 )

[node name="tower_upper_gem_band-kine001" parent="tower" index="56"]
transform = Transform( 0.92197, 0, 0.387261, 0, 1, 0, -0.387261, 0, 0.92197, 9.17406, -28.8938, -20.8305 )
collision_layer = 257

[node name="mesh" parent="tower/tower_upper_gem_band-kine001" index="0"]
material/0 = ExtResource( 1 )

[node name="tower_upper_gem_band-kine002" parent="tower" index="57"]
