[gd_scene load_steps=35 format=2]

[ext_resource path="res://areas/chunk_content.gd" type="Script" id=1]
[ext_resource path="res://areas/chunks/chunk088_lowres.tscn" type="PackedScene" id=2]
[ext_resource path="res://entities/enemies/deathgnat.tscn" type="PackedScene" id=3]
[ext_resource path="res://items/bug_pickup.tscn" type="PackedScene" id=4]
[ext_resource path="res://entities/env/copper/scrap2.tscn" type="PackedScene" id=5]
[ext_resource path="res://entities/env/pillar.tscn" type="PackedScene" id=6]
[ext_resource path="res://entities/env/copper/scrap1.tscn" type="PackedScene" id=7]
[ext_resource path="res://entities/env/copper/scrap_pile2.tscn" type="PackedScene" id=8]
[ext_resource path="res://entities/env/wall1.tscn" type="PackedScene" id=9]
[ext_resource path="res://entities/env/rock2.tscn" type="PackedScene" id=10]
[ext_resource path="res://entities/env/rock1.tscn" type="PackedScene" id=11]
[ext_resource path="res://entities/water_hut.tscn" type="PackedScene" id=12]
[ext_resource path="res://entities/fountain.tscn" type="PackedScene" id=13]
[ext_resource path="res://entities/env/hut.tscn" type="PackedScene" id=14]
[ext_resource path="res://entities/env/copper/scrap_pile1.tscn" type="PackedScene" id=15]
[ext_resource path="res://entities/env/copper/scrap_pile3.tscn" type="PackedScene" id=16]
[ext_resource path="res://entities/npc.tscn" type="PackedScene" id=17]
[ext_resource path="res://material/env/bricks.material" type="Material" id=18]
[ext_resource path="res://entities/wardrobe.tscn" type="PackedScene" id=19]
[ext_resource path="res://items/gem_pickup.tscn" type="PackedScene" id=20]
[ext_resource path="res://items/coat_pickup.tscn" type="PackedScene" id=21]
[ext_resource path="res://entities/enemies/crawly.tscn" type="PackedScene" id=22]
[ext_resource path="res://dialog/water/chunk088.dialog" type="Resource" id=23]
[ext_resource path="res://events/jump_game.gd" type="Script" id=24]
[ext_resource path="res://entities/flag.tscn" type="PackedScene" id=25]
[ext_resource path="res://icon.png" type="Texture" id=26]
[ext_resource path="res://dialog/side_content/jump_game.dialog" type="Resource" id=27]
[ext_resource path="res://entities/env/copper/palace_extension.tscn" type="PackedScene" id=28]
[ext_resource path="res://entities/crate1.tscn" type="PackedScene" id=29]
[ext_resource path="res://items/ammo/pistol_pickup.tscn" type="PackedScene" id=30]
[ext_resource path="res://entities/env/rock3.tscn" type="PackedScene" id=31]
[ext_resource path="res://entities/env/foilage/tree1.tscn" type="PackedScene" id=32]

[sub_resource type="CylinderShape" id=1]
radius = 0.682553

[sub_resource type="SpatialMaterial" id=2]
albedo_texture = ExtResource( 26 )

[node name="chunk088" type="Spatial"]
script = ExtResource( 1 )

[node name="chunk088" parent="." instance=ExtResource( 2 )]

[node name="water_hut" parent="." instance=ExtResource( 12 )]
transform = Transform( 0.623143, 0, -0.782108, 0, 1, 0, 0.782108, 0, 0.623143, 173.794, -249.866, 12.7006 )
tracked_stat = "chunk088/water"

[node name="deathgnat" parent="." instance=ExtResource( 3 )]
transform = Transform( 0.691765, 0, -0.722122, 0, 1, 0, 0.722122, 0, 0.691765, 46.1198, -21.062, -157.314 )

[node name="bug_pickup" parent="." instance=ExtResource( 4 )]
transform = Transform( 1, 0, 0, 0, 1, 0, 0, 0, 1, 13.3665, -39.966, -214.592 )

[node name="bug_pickup2" parent="." instance=ExtResource( 4 )]
transform = Transform( 1, 0, 0, 0, 1, 0, 0, 0, 1, 8.07558, -39.966, -193.099 )

[node name="bug_pickup3" parent="." instance=ExtResource( 4 )]
transform = Transform( 1, 0, 0, 0, 1, 0, 0, 0, 1, 1.00157, -39.966, -171.046 )

[node name="bug_pickup4" parent="." instance=ExtResource( 4 )]
transform = Transform( 1, 0, 0, 0, 1, 0, 0, 0, 1, -10.9905, -46.994, -140.634 )

[node name="bug_pickup5" parent="." instance=ExtResource( 4 )]
transform = Transform( 1, 0, 0, 0, 1, 0, 0, 0, 1, -21.1314, -46.994, -118.254 )

[node name="bug_pickup6" parent="." instance=ExtResource( 4 )]
transform = Transform( 1, 0, 0, 0, 1, 0, 0, 0, 1, -28.8699, -46.994, -51.6602 )

[node name="bug_pickup7" parent="." instance=ExtResource( 4 )]
transform = Transform( 1, 0, 0, 0, 1, 0, 0, 0, 1, -35.1712, -17.8328, -20.5145 )

[node name="bug_pickup8" parent="." instance=ExtResource( 4 )]
transform = Transform( 1, 0, 0, 0, 1, 0, 0, 0, 1, -50.8308, -24.5491, 7.39902 )

[node name="bug_pickup9" parent="." instance=ExtResource( 4 )]
transform = Transform( 1, 0, 0, 0, 1, 0, 0, 0, 1, -59.7627, -35.9937, 31.7226 )

[node name="bug_pickup10" parent="." instance=ExtResource( 4 )]
transform = Transform( 1, 0, 0, 0, 1, 0, 0, 0, 1, -64.7323, -100.32, 33.6845 )

[node name="scrap2" parent="." instance=ExtResource( 5 )]
transform = Transform( 0.220578, 0, 0.975369, 0, 1, 0, -0.975369, 0, 0.220578, -58.5432, -23.8158, 25.3262 )

[node name="scrap_pile2" parent="." instance=ExtResource( 8 )]
transform = Transform( 0.794171, 0, -0.607695, 0, 1, 0, 0.607695, 0, 0.794171, -74.4529, -197.571, -21.4027 )

[node name="scrap3" parent="." instance=ExtResource( 5 )]
transform = Transform( 1, 0, 0, 0, 1, 0, 0, 0, 1, -70.2536, -223.039, -24.5456 )

[node name="scrap1" parent="." instance=ExtResource( 7 )]
transform = Transform( 1, 0, 0, 0, -0.336619, -0.941641, 0, 0.941641, -0.336619, -61.9784, -220.34, -16.4674 )

[node name="scrap4" parent="." instance=ExtResource( 5 )]
transform = Transform( 0.980454, 0.19675, 0, -0.19675, 0.980454, 0, 0, 0, 1, -67.3612, -200.454, 24.3112 )

[node name="pillar" parent="." instance=ExtResource( 6 )]
transform = Transform( 1, 0, 0, 0, 1, 0, 0, 0, 1, 142.162, -253.169, 39.5893 )

[node name="pillar6" parent="." instance=ExtResource( 6 )]
transform = Transform( 0.995968, 0, 0.0897112, 0, 1, 0, -0.0897112, 0, 0.995968, 179.156, -254.799, -26.8503 )

[node name="pillar7" parent="." instance=ExtResource( 6 )]
transform = Transform( 0.995968, 0, 0.0897112, 0, 1, 0, -0.0897112, 0, 0.995968, 150.335, -251.563, -18.2419 )

[node name="CSGSphere" type="CSGSphere" parent="pillar7"]
transform = Transform( 0.770692, 0.636936, -0.0186035, -0.62694, 0.76317, 0.156582, 0.113931, -0.109014, 0.987489, -2.65146, 17.4236, -1.2744 )
use_collision = true
radial_segments = 7
rings = 5
material = ExtResource( 18 )

[node name="wall1" parent="." instance=ExtResource( 9 )]
transform = Transform( 0.977127, 0, 0.212655, 0, 1, 0, -0.212655, 0, 0.977127, 141.022, -250.786, 35.795 )

[node name="wall2" parent="." instance=ExtResource( 9 )]
transform = Transform( -0.990421, 0, 0.138084, 0, 1, 0, -0.138084, 0, -0.990421, 136.473, -250.786, 8.51036 )

[node name="rock1" parent="." instance=ExtResource( 11 )]
transform = Transform( 0.199778, 0, -0.979841, 0, 1, 0, 0.979841, 0, 0.199778, 133.295, -249.755, 22.4712 )

[node name="rock2" parent="." instance=ExtResource( 11 )]
transform = Transform( 0.0391424, 0.195906, -0.979841, -0.980618, 0.195929, 0, 0.191979, 0.96085, 0.199778, 148.281, -249.755, 41.798 )

[node name="rock3" parent="." instance=ExtResource( 11 )]
transform = Transform( -0.489369, 0.615368, -0.617932, 0.870593, 0.38604, -0.305025, 0.0508444, -0.687237, -0.724651, 209.542, -243.526, 33.7632 )

[node name="rock15" parent="." instance=ExtResource( 11 )]
transform = Transform( -0.264353, -0.182671, 0.946968, -0.469065, 0.882291, 0.0392523, -0.842672, -0.433813, -0.31892, 203.971, -245.667, 40.2124 )

[node name="rock4" parent="." instance=ExtResource( 11 )]
transform = Transform( -0.489369, 0.615368, -0.617932, 0.870593, 0.38604, -0.305025, 0.0508444, -0.687237, -0.724651, 170.678, -250.625, 58.626 )

[node name="rock7" parent="." instance=ExtResource( 11 )]
transform = Transform( 1, 0, 0, 0, 1, 0, 0, 0, 1, 182.896, -250.163, -23.6543 )

[node name="rock8" parent="." instance=ExtResource( 11 )]
transform = Transform( -0.148897, -0.988853, 0, 0.988853, -0.148897, 0, 0, 0, 1, 195.961, -250.163, -17.3327 )

[node name="wall3" parent="." instance=ExtResource( 9 )]
transform = Transform( 0.862072, 0, 0.506786, 0, 1, 0, -0.506786, 0, 0.862072, 207.262, -247.174, -7.50321 )

[node name="scrap_pile3" parent="." instance=ExtResource( 8 )]
transform = Transform( -0.057696, -0.453459, 0.889408, 0.993281, 0.0634461, 0.0967818, -0.100316, 0.889016, 0.446751, 190.709, -249.244, -11.7718 )

[node name="fountain" parent="." instance=ExtResource( 13 )]
transform = Transform( 1, 0, 0, 0, 1, 0, 0, 0, 1, 173.746, -250.659, 12.2885 )

[node name="hut" parent="." instance=ExtResource( 14 )]
transform = Transform( 0.146722, 0, 0.989178, 0, 1, 0, -0.989178, 0, 0.146722, 152.011, -249.905, 22.5099 )

[node name="hut7" parent="." instance=ExtResource( 14 )]
transform = Transform( -0.714375, 0, 0.699763, 0, 1, 0, -0.699763, 0, -0.714375, 165.198, -249.905, 35.9407 )

[node name="hut3" parent="." instance=ExtResource( 14 )]
transform = Transform( 0.575277, 0, -0.817959, 0, 1, 0, 0.817959, 0, 0.575277, 187.899, -249.905, -1.69855 )

[node name="hut4" parent="." instance=ExtResource( 14 )]
transform = Transform( -0.108988, 0, -0.994043, 0, 1, 0, 0.994043, 0, -0.108988, 200.136, -247.616, 18.479 )

[node name="hut5" parent="." instance=ExtResource( 14 )]
transform = Transform( -0.999843, 0, 0.0177141, 0, 1, 0, -0.0177141, 0, -0.999843, 181.37, -249.618, 50.8025 )

[node name="hut6" parent="." instance=ExtResource( 14 )]
transform = Transform( -0.948191, 0, -0.317702, 0, 1, 0, 0.317702, 0, -0.948191, 192.109, -248.69, 41.1813 )

[node name="hut2" parent="." instance=ExtResource( 14 )]
transform = Transform( 0.951073, 0, 0.308967, 0, 1, 0, -0.308967, 0, 0.951073, 158.876, -249.905, -2.00904 )

[node name="wall4" parent="." instance=ExtResource( 9 )]
transform = Transform( 1, 0, 0, 0, 1, 0, 0, 0, 1, 212.446, -246.43, 25.2888 )

[node name="wall5" parent="." instance=ExtResource( 9 )]
transform = Transform( 0.899054, 0, -0.437838, 0, 1, 0, 0.437838, 0, 0.899054, 212.215, -250.929, 12.3441 )

[node name="scrap_pile4" parent="." instance=ExtResource( 16 )]
transform = Transform( 0.252914, 0, -0.967489, 0, 1, 0, 0.967489, 0, 0.252914, 216.652, -239.015, 5.61062 )

[node name="scrap5" parent="." instance=ExtResource( 7 )]
transform = Transform( 0.133493, 0.908512, -0.395962, -0.989377, 0.145375, 0, 0.0575631, 0.391756, 0.918267, 213.012, -240.51, 9.23466 )

[node name="scrap6" parent="." instance=ExtResource( 5 )]
transform = Transform( 0.874535, -0.484962, 0, 0.484962, 0.874535, 0, 0, 0, 1, 216.851, -240.962, 4.72263 )

[node name="rock11" parent="." instance=ExtResource( 11 )]
transform = Transform( 1, 0, 0, 0, 1, 0, 0, 0, 1, 152.115, -247.248, -24.2233 )

[node name="rock12" parent="." instance=ExtResource( 11 )]
transform = Transform( 1, 0, 0, 0, 0.0411956, 0.999151, 0, -0.999151, 0.0411956, 152.575, -250.209, -32.748 )

[node name="rock13" parent="." instance=ExtResource( 11 )]
transform = Transform( 0.932311, 0.361657, 0, -0.361657, 0.932311, 0, 0, 0, 1, 193.004, -245.674, 51.4072 )

[node name="rock14" parent="." instance=ExtResource( 11 )]
transform = Transform( 0.22813, -0.973631, 0, 0.652042, 0.152779, 0.742631, -0.723048, -0.169416, 0.669701, 178.972, -245.674, 60.8568 )

[node name="scrap_pile1" parent="." instance=ExtResource( 15 )]
transform = Transform( 0.209346, 0.977842, 0, -0.977842, 0.209346, 0, 0, 0, 1, 207.614, -239.674, 45.0959 )

[node name="scrap_pile5" parent="." instance=ExtResource( 16 )]
transform = Transform( 0.6131, 0, 0.790005, 0, 1, 0, -0.790005, 0, 0.6131, 198.754, -245.612, 39.5547 )

[node name="CSGSphere2" type="CSGSphere" parent="."]
transform = Transform( 0.480499, 0.868127, 0.124404, -0.875874, 0.467861, 0.118111, 0.0443318, -0.165714, 0.985176, 210.654, -235.769, 29.1826 )
use_collision = true
radial_segments = 7
rings = 5
material = ExtResource( 18 )

[node name="wall6" parent="." instance=ExtResource( 9 )]
transform = Transform( -0.356054, 0.0574783, 0.932696, 0.0821969, -0.992311, 0.0925306, 0.930843, 0.109611, 0.348592, 163.783, -240.447, 53.4553 )

[node name="scrap7" parent="." instance=ExtResource( 7 )]
transform = Transform( 0.625052, 0, -0.780583, 0, 1, 0, 0.780583, 0, 0.625052, 182.983, -248.859, 26.0229 )

[node name="scrap_pile7" parent="scrap7" instance=ExtResource( 16 )]
transform = Transform( -0.387902, 0, -0.921701, 0, 1, 0, 0.921701, 0, -0.387902, 1.1109, 4.3047, 1.50052 )

[node name="npc_water_tender" parent="." instance=ExtResource( 17 )]
transform = Transform( 1, 0, 0, 0, 1, 0, 0, 0, 1, 181.008, -249.492, 17.7591 )
dialog = ExtResource( 23 )
visual_name = "Water-tender"

[node name="npc5" parent="." instance=ExtResource( 17 )]
transform = Transform( 0.490158, 0, -0.871633, 0, 1, 0, 0.871633, 0, 0.490158, 168.096, -248.935, 35.3602 )

[node name="npc6" parent="." instance=ExtResource( 17 )]
transform = Transform( -0.699451, 0, 0.71468, 0, 1, 0, -0.71468, 0, -0.699451, 166.921, -248.935, 36.3159 )

[node name="npc_roof" parent="." instance=ExtResource( 17 )]
transform = Transform( 1, 0, 0, 0, 1, 0, 0, 0, 1, 188.834, -241.442, 1.17982 )

[node name="npc_guard" parent="." instance=ExtResource( 17 )]
transform = Transform( 0.00916293, 0, -0.999958, 0, 1, 0, 0.999958, 0, 0.00916293, 147.387, -233.256, -19.2571 )

[node name="npc_guard2" parent="." instance=ExtResource( 17 )]
transform = Transform( -0.122978, 0, 0.992409, 0, 1, 0, -0.992409, 0, -0.122978, 210.706, -234.873, 29.3121 )

[node name="npc" parent="." instance=ExtResource( 17 )]
transform = Transform( -0.867496, 0, 0.497443, 0, 1, 0, -0.497443, 0, -0.867496, 152.274, -248.905, 24.9893 )

[node name="wardrobe" parent="." instance=ExtResource( 19 )]
transform = Transform( 0.637249, 0, 0.770658, 0, 1, 0, -0.770658, 0, 0.637249, 154.11, -244.805, 20.0089 )

[node name="npc2" parent="." instance=ExtResource( 17 )]
transform = Transform( -0.0889813, 0, 0.996033, 0, 1, 0, -0.996033, 0, -0.0889813, 190.823, -244.61, 40.8644 )

[node name="npc3" parent="." instance=ExtResource( 17 )]
transform = Transform( -0.73703, 0, 0.67586, 0, 1, 0, -0.67586, 0, -0.73703, 179.552, -248.645, 51.487 )

[node name="npc4" parent="." instance=ExtResource( 17 )]
transform = Transform( 1, 0, 0, 0, 1, 0, 0, 0, 1, 159.166, -245.834, -2.83061 )

[node name="bug_pickup11" parent="." instance=ExtResource( 4 )]
transform = Transform( 1, 0, 0, 0, 1, 0, 0, 0, 1, 173.672, -239.227, 12.7879 )

[node name="bug_pickup12" parent="." instance=ExtResource( 4 )]
transform = Transform( 1, 0, 0, 0, 1, 0, 0, 0, 1, 136.484, -235.834, 5.01492 )

[node name="bug_pickup13" parent="." instance=ExtResource( 4 )]
transform = Transform( 1, 0, 0, 0, 1, 0, 0, 0, 1, 168.614, -235.853, 53.1077 )

[node name="bug_pickup14" parent="." instance=ExtResource( 4 )]
transform = Transform( 1, 0, 0, 0, 1, 0, 0, 0, 1, 186.264, -246.338, 57.1912 )

[node name="bug_pickup15" parent="." instance=ExtResource( 4 )]
transform = Transform( 1, 0, 0, 0, 1, 0, 0, 0, 1, 208.89, -242.482, 39.2071 )

[node name="bug_pickup16" parent="." instance=ExtResource( 4 )]
transform = Transform( 1, 0, 0, 0, 1, 0, 0, 0, 1, 212.897, -244.216, 27.9551 )

[node name="bug_pickup17" parent="." instance=ExtResource( 4 )]
transform = Transform( 1, 0, 0, 0, 1, 0, 0, 0, 1, 219.964, -238.876, 4.72718 )

[node name="bug_pickup18" parent="." instance=ExtResource( 4 )]
transform = Transform( 1, 0, 0, 0, 1, 0, 0, 0, 1, 196.419, -246.524, -8.80636 )

[node name="bug_pickup19" parent="." instance=ExtResource( 4 )]
transform = Transform( 1, 0, 0, 0, 1, 0, 0, 0, 1, 177.268, -236.534, -26.2726 )

[node name="bug_pickup20" parent="." instance=ExtResource( 4 )]
transform = Transform( 1, 0, 0, 0, 1, 0, 0, 0, 1, 161.767, -233.199, -4.20668 )

[node name="bug_pickup21" parent="." instance=ExtResource( 4 )]
transform = Transform( 1, 0, 0, 0, 1, 0, 0, 0, 1, 151.499, -233.199, 19.2632 )

[node name="bug_pickup22" parent="." instance=ExtResource( 4 )]
transform = Transform( 1, 0, 0, 0, 1, 0, 0, 0, 1, 131.687, -247.776, 27.5999 )

[node name="bug_pickup23" parent="." instance=ExtResource( 4 )]
transform = Transform( 0.117589, 0, 0.993062, 0, 1, 0, -0.993062, 0, 0.117589, 154.485, -248.591, -27.9914 )

[node name="bug_pickup24" parent="." instance=ExtResource( 4 )]
transform = Transform( 0.0185867, 0, 0.999827, 0, 1, 0, -0.999827, 0, 0.0185867, 181.881, -236.544, 29.6232 )

[node name="gem_pickup" parent="." instance=ExtResource( 20 )]
transform = Transform( 1, 0, 0, 0, 1, 0, 0, 0, 1, 200.055, -237.244, 18.6622 )

[node name="gem_pickup2" parent="." instance=ExtResource( 20 )]
transform = Transform( 1, 0, 0, 0, 1, 0, 0, 0, 1, 203.286, -240.108, 14.0918 )

[node name="gem_pickup3" parent="." instance=ExtResource( 20 )]
transform = Transform( 1, 0, 0, 0, 1, 0, 0, 0, 1, 188.162, -239.48, -1.7239 )

[node name="gem_pickup4" parent="." instance=ExtResource( 20 )]
transform = Transform( 1, 0, 0, 0, 1, 0, 0, 0, 1, 194.846, -242.968, -6.10801 )

[node name="gem_pickup5" parent="." instance=ExtResource( 20 )]
transform = Transform( 1, 0, 0, 0, 1, 0, 0, 0, 1, 190.75, -240.812, -11.5856 )

[node name="gem_pickup6" parent="." instance=ExtResource( 20 )]
transform = Transform( 1, 0, 0, 0, 1, 0, 0, 0, 1, 192.692, -241.198, -10.2207 )

[node name="gem_pickup7" parent="." instance=ExtResource( 20 )]
transform = Transform( 1, 0, 0, 0, 1, 0, 0, 0, 1, 190.086, -236.254, -16.7015 )

[node name="gem_pickup8" parent="." instance=ExtResource( 20 )]
transform = Transform( 1, 0, 0, 0, 1, 0, 0, 0, 1, 189.77, -237.166, -16.3394 )

[node name="gem_pickup9" parent="." instance=ExtResource( 20 )]
transform = Transform( 1, 0, 0, 0, 1, 0, 0, 0, 1, 189.171, -238.382, -16.1697 )

[node name="gem_pickup10" parent="." instance=ExtResource( 20 )]
transform = Transform( 1, 0, 0, 0, 1, 0, 0, 0, 1, 195.576, -246.537, -9.53189 )

[node name="gem_pickup11" parent="." instance=ExtResource( 20 )]
transform = Transform( 1, 0, 0, 0, 1, 0, 0, 0, 1, 194.67, -246.618, -10.193 )

[node name="gem_pickup12" parent="." instance=ExtResource( 20 )]
transform = Transform( 1, 0, 0, 0, 1, 0, 0, 0, 1, 193.506, -246.728, -11.0181 )

[node name="gem_pickup13" parent="." instance=ExtResource( 20 )]
transform = Transform( 1, 0, 0, 0, 1, 0, 0, 0, 1, 205.334, -237.492, -4.57321 )

[node name="gem_pickup14" parent="." instance=ExtResource( 20 )]
transform = Transform( 1, 0, 0, 0, 1, 0, 0, 0, 1, 209.001, -235.851, 28.4473 )

[node name="gem_pickup15" parent="." instance=ExtResource( 20 )]
transform = Transform( 1, 0, 0, 0, 1, 0, 0, 0, 1, 209.187, -240.01, 41.8244 )

[node name="gem_pickup16" parent="." instance=ExtResource( 20 )]
transform = Transform( 1, 0, 0, 0, 1, 0, 0, 0, 1, 209.015, -241.232, 44.0225 )

[node name="gem_pickup17" parent="." instance=ExtResource( 20 )]
transform = Transform( 1, 0, 0, 0, 1, 0, 0, 0, 1, 208.898, -241.739, 42.7624 )

[node name="gem_pickup18" parent="." instance=ExtResource( 20 )]
transform = Transform( 1, 0, 0, 0, 1, 0, 0, 0, 1, 208.944, -240.43, 45.3481 )

[node name="gem_pickup19" parent="." instance=ExtResource( 20 )]
transform = Transform( 1, 0, 0, 0, 1, 0, 0, 0, 1, 209.114, -239.055, 46.4975 )

[node name="gem_pickup20" parent="." instance=ExtResource( 20 )]
transform = Transform( 1, 0, 0, 0, 1, 0, 0, 0, 1, 192.537, -239.189, 50.9218 )

[node name="gem_pickup21" parent="." instance=ExtResource( 20 )]
transform = Transform( 1, 0, 0, 0, 1, 0, 0, 0, 1, 193.842, -239.089, 51.0517 )

[node name="gem_pickup22" parent="." instance=ExtResource( 20 )]
transform = Transform( 1, 0, 0, 0, 1, 0, 0, 0, 1, 195.363, -239.715, 52.1131 )

[node name="gem_pickup23" parent="." instance=ExtResource( 20 )]
transform = Transform( 1, 0, 0, 0, 1, 0, 0, 0, 1, 196.343, -240.339, 52.0334 )

[node name="bug_pickup25" parent="." instance=ExtResource( 4 )]
transform = Transform( 1, 0, 0, 0, 1, 0, 0, 0, 1, 194.293, -235.778, 53.0864 )

[node name="gem_pickup24" parent="." instance=ExtResource( 20 )]
transform = Transform( 1, 0, 0, 0, 1, 0, 0, 0, 1, 185.065, -240.968, 60.0198 )

[node name="gem_pickup25" parent="." instance=ExtResource( 20 )]
transform = Transform( 1, 0, 0, 0, 1, 0, 0, 0, 1, 187.651, -240.81, 59.3217 )

[node name="gem_pickup26" parent="." instance=ExtResource( 20 )]
transform = Transform( 1, 0, 0, 0, 1, 0, 0, 0, 1, 190.277, -240.55, 58.3753 )

[node name="gem_pickup27" parent="." instance=ExtResource( 20 )]
transform = Transform( 1, 0, 0, 0, 1, 0, 0, 0, 1, 192.835, -240.318, 57.4994 )

[node name="gem_pickup28" parent="." instance=ExtResource( 20 )]
transform = Transform( 1, 0, 0, 0, 1, 0, 0, 0, 1, 135.323, -230.238, -5.15779 )

[node name="gem_pickup29" parent="." instance=ExtResource( 20 )]
transform = Transform( 1, 0, 0, 0, 1, 0, 0, 0, 1, 136.914, -231.415, -8.20276 )

[node name="bug_pickup26" parent="." instance=ExtResource( 4 )]
transform = Transform( 1, 0, 0, 0, 1, 0, 0, 0, 1, 197.192, -246.572, -17.9865 )

[node name="gem_pickup30" parent="." instance=ExtResource( 20 )]
transform = Transform( 1, 0, 0, 0, 1, 0, 0, 0, 1, 173.791, -241.518, 9.34422 )

[node name="gem_pickup31" parent="." instance=ExtResource( 20 )]
transform = Transform( 1, 0, 0, 0, 1, 0, 0, 0, 1, 171.191, -241.525, 10.5359 )

[node name="gem_pickup32" parent="." instance=ExtResource( 20 )]
transform = Transform( 1, 0, 0, 0, 1, 0, 0, 0, 1, 170.612, -241.52, 13.8018 )

[node name="gem_pickup33" parent="." instance=ExtResource( 20 )]
transform = Transform( 1, 0, 0, 0, 1, 0, 0, 0, 1, 132.035, -243.909, 23.4936 )

[node name="gem_pickup34" parent="." instance=ExtResource( 20 )]
transform = Transform( 1, 0, 0, 0, 1, 0, 0, 0, 1, 131.41, -244.219, 21.4848 )

[node name="gem_pickup35" parent="." instance=ExtResource( 20 )]
transform = Transform( 1, 0, 0, 0, 1, 0, 0, 0, 1, 127.103, -237.37, -11.3281 )

[node name="gem_pickup36" parent="." instance=ExtResource( 20 )]
transform = Transform( 1, 0, 0, 0, 1, 0, 0, 0, 1, 127.599, -235.379, -9.13927 )

[node name="gem_pickup37" parent="." instance=ExtResource( 20 )]
transform = Transform( 1, 0, 0, 0, 1, 0, 0, 0, 1, 129.513, -233.362, -7.20074 )

[node name="gem_pickup38" parent="." instance=ExtResource( 20 )]
transform = Transform( 1, 0, 0, 0, 1, 0, 0, 0, 1, 152.556, -246.663, -33.1297 )

[node name="gem_pickup39" parent="." instance=ExtResource( 20 )]
transform = Transform( 1, 0, 0, 0, 1, 0, 0, 0, 1, 152.785, -246.822, -29.7568 )

[node name="gem_pickup40" parent="." instance=ExtResource( 20 )]
transform = Transform( 1, 0, 0, 0, 1, 0, 0, 0, 1, 152.045, -241.683, -26.5827 )

[node name="gem_pickup41" parent="." instance=ExtResource( 20 )]
transform = Transform( 1, 0, 0, 0, 1, 0, 0, 0, 1, 163.263, -230.731, -28.3038 )

[node name="gem_pickup42" parent="." instance=ExtResource( 20 )]
transform = Transform( 1, 0, 0, 0, 1, 0, 0, 0, 1, 184.972, -238.123, -34.1204 )

[node name="coat_pickup" parent="." instance=ExtResource( 21 )]
transform = Transform( -0.848113, 0, 0.529816, 0, 1, 0, -0.529816, 0, -0.848113, 187.978, -245.827, -0.899017 )
min_rarity = 1
max_rarity = 2

[node name="deathgnat2" parent="." instance=ExtResource( 3 )]
transform = Transform( 0.890626, 0, 0.454737, 0, 1, 0, -0.454737, 0, 0.890626, -81.0049, -185.338, -23.8373 )
drops_coat = true
minimum_rarity = 2
maximum_rarity = 4
health = 150
speed = 6.0

[node name="crawly" parent="." instance=ExtResource( 22 )]
transform = Transform( 1, 0, 0, 0, 1, 0, 0, 0, 1, -77.7478, -195.042, -17.6842 )

[node name="bug_pickup27" parent="." instance=ExtResource( 4 )]
transform = Transform( 1, 0, 0, 0, 1, 0, 0, 0, 1, -79.3002, -194.921, -20.623 )

[node name="bug_pickup28" parent="." instance=ExtResource( 4 )]
transform = Transform( 1, 0, 0, 0, 1, 0, 0, 0, 1, -75.5049, -195.951, -17.225 )

[node name="bug_pickup29" parent="." instance=ExtResource( 4 )]
transform = Transform( 1, 0, 0, 0, 1, 0, 0, 0, 1, -78.0638, -195.342, -15.2021 )

[node name="bug_pickup30" parent="." instance=ExtResource( 4 )]
transform = Transform( 1, 0, 0, 0, 1, 0, 0, 0, 1, -92.112, -190.59, -0.0333061 )

[node name="bug_pickup31" parent="." instance=ExtResource( 4 )]
transform = Transform( 1, 0, 0, 0, 1, 0, 0, 0, 1, -56.8679, -199.964, -38.1283 )

[node name="gem_pickup43" parent="." instance=ExtResource( 20 )]
transform = Transform( 1, 0, 0, 0, 1, 0, 0, 0, 1, -72.082, -196.448, -17.9259 )
quantity = 3

[node name="gem_pickup44" parent="." instance=ExtResource( 20 )]
transform = Transform( 1, 0, 0, 0, 1, 0, 0, 0, 1, -74.7882, -196.108, -19.0649 )
quantity = 3

[node name="gem_pickup45" parent="." instance=ExtResource( 20 )]
transform = Transform( 1, 0, 0, 0, 1, 0, 0, 0, 1, -77.34, -195.678, -19.6942 )
quantity = 3

[node name="gem_pickup46" parent="." instance=ExtResource( 20 )]
transform = Transform( 1, 0, 0, 0, 1, 0, 0, 0, 1, -73.3628, -196.533, -20.8027 )
quantity = 3

[node name="gem_pickup47" parent="." instance=ExtResource( 20 )]
transform = Transform( 1, 0, 0, 0, 1, 0, 0, 0, 1, -76.139, -195.973, -20.7847 )
quantity = 3

[node name="gem_pickup48" parent="." instance=ExtResource( 20 )]
transform = Transform( 1, 0, 0, 0, 1, 0, 0, 0, 1, -61.9394, -219.129, -17.651 )

[node name="gem_pickup49" parent="." instance=ExtResource( 20 )]
transform = Transform( 1, 0, 0, 0, 1, 0, 0, 0, 1, -61.6561, -218.101, -13.8628 )

[node name="gem_pickup50" parent="." instance=ExtResource( 20 )]
transform = Transform( 1, 0, 0, 0, 1, 0, 0, 0, 1, -63.0229, -218.266, -13.8924 )

[node name="gem_pickup51" parent="." instance=ExtResource( 20 )]
transform = Transform( 1, 0, 0, 0, 1, 0, 0, 0, 1, -69.9011, -222.767, -24.5824 )

[node name="gem_pickup52" parent="." instance=ExtResource( 20 )]
transform = Transform( 1, 0, 0, 0, 1, 0, 0, 0, 1, -71.9788, -222.583, -24.5691 )

[node name="gem_pickup53" parent="." instance=ExtResource( 20 )]
transform = Transform( 1, 0, 0, 0, 1, 0, 0, 0, 1, -74.2107, -222.392, -24.6519 )

[node name="gem_pickup54" parent="." instance=ExtResource( 20 )]
transform = Transform( 1, 0, 0, 0, 1, 0, 0, 0, 1, -64.8879, -198.924, -29.3177 )

[node name="gem_pickup55" parent="." instance=ExtResource( 20 )]
transform = Transform( 1, 0, 0, 0, 1, 0, 0, 0, 1, -61.676, -199.094, -32.5143 )

[node name="gem_pickup56" parent="." instance=ExtResource( 20 )]
transform = Transform( 1, 0, 0, 0, 1, 0, 0, 0, 1, -59.5386, -199.471, -34.9923 )

[node name="gem_pickup57" parent="." instance=ExtResource( 20 )]
transform = Transform( 1, 0, 0, 0, 1, 0, 0, 0, 1, -90.375, -191.365, -2.16545 )

[node name="gem_pickup58" parent="." instance=ExtResource( 20 )]
transform = Transform( 1, 0, 0, 0, 1, 0, 0, 0, 1, -87.9008, -192.323, -4.7618 )

[node name="gem_pickup59" parent="." instance=ExtResource( 20 )]
transform = Transform( 1, 0, 0, 0, 1, 0, 0, 0, 1, -84.8116, -193.62, -8.27546 )

[node name="bug_pickup32" parent="." instance=ExtResource( 4 )]
transform = Transform( 1, 0, 0, 0, 1, 0, 0, 0, 1, -67.6984, -200.027, 24.3262 )

[node name="gem_pickup60" parent="." instance=ExtResource( 20 )]
transform = Transform( 1, 0, 0, 0, 1, 0, 0, 0, 1, -63.1831, -201.399, 24.0835 )

[node name="gem_pickup61" parent="." instance=ExtResource( 20 )]
transform = Transform( 1, 0, 0, 0, 1, 0, 0, 0, 1, -70.9291, -199.098, 24.2188 )

[node name="bug_pickup33" parent="." instance=ExtResource( 4 )]
transform = Transform( 1, 0, 0, 0, 1, 0, 0, 0, 1, -72.015, -25.5175, 57.7424 )

[node name="gem_pickup62" parent="." instance=ExtResource( 20 )]
transform = Transform( 1, 0, 0, 0, 1, 0, 0, 0, 1, -66.77, -28.9225, 48.4282 )
quantity = 3

[node name="gem_pickup63" parent="." instance=ExtResource( 20 )]
transform = Transform( 1, 0, 0, 0, 1, 0, 0, 0, 1, -65.9615, -29.6493, 46.9966 )
quantity = 3

[node name="gem_pickup64" parent="." instance=ExtResource( 20 )]
transform = Transform( 1, 0, 0, 0, 1, 0, 0, 0, 1, -65.1289, -30.4463, 45.6883 )
quantity = 3

[node name="gem_pickup65" parent="." instance=ExtResource( 20 )]
transform = Transform( 1, 0, 0, 0, 1, 0, 0, 0, 1, -88.2783, -40.3902, 91.1898 )

[node name="gem_pickup66" parent="." instance=ExtResource( 20 )]
transform = Transform( 1, 0, 0, 0, 1, 0, 0, 0, 1, -87.5676, -39.8724, 89.3839 )

[node name="gem_pickup67" parent="." instance=ExtResource( 20 )]
transform = Transform( 1, 0, 0, 0, 1, 0, 0, 0, 1, -87.02, -39.4525, 87.9089 )

[node name="bug_pickup34" parent="." instance=ExtResource( 4 )]
transform = Transform( 1, 0, 0, 0, 1, 0, 0, 0, 1, -85.9548, -38.7619, 85.8536 )

[node name="bug_pickup35" parent="." instance=ExtResource( 4 )]
transform = Transform( 1, 0, 0, 0, 1, 0, 0, 0, 1, -108.474, -73.1296, 135.925 )

[node name="gem_pickup68" parent="." instance=ExtResource( 20 )]
transform = Transform( 1, 0, 0, 0, 1, 0, 0, 0, 1, -108.472, -65.3753, 128.922 )

[node name="gem_pickup69" parent="." instance=ExtResource( 20 )]
transform = Transform( 1, 0, 0, 0, 1, 0, 0, 0, 1, -100.589, -60.4707, 125.847 )

[node name="gem_pickup70" parent="." instance=ExtResource( 20 )]
transform = Transform( 1, 0, 0, 0, 1, 0, 0, 0, 1, -103.385, -55.1941, 117.111 )

[node name="gem_pickup71" parent="." instance=ExtResource( 20 )]
transform = Transform( 1, 0, 0, 0, 1, 0, 0, 0, 1, -95.4634, -51.022, 114.013 )

[node name="gem_pickup72" parent="." instance=ExtResource( 20 )]
transform = Transform( 1, 0, 0, 0, 1, 0, 0, 0, 1, -96.0452, -43.1976, 100.702 )

[node name="bug_pickup36" parent="." instance=ExtResource( 4 )]
transform = Transform( 1, 0, 0, 0, 1, 0, 0, 0, 1, -90.9978, -50.0677, 96.1748 )

[node name="gem_pickup73" parent="." instance=ExtResource( 20 )]
transform = Transform( 1, 0, 0, 0, 1, 0, 0, 0, 1, -93.2027, -50.5506, 101.922 )

[node name="gem_pickup74" parent="." instance=ExtResource( 20 )]
transform = Transform( 1, 0, 0, 0, 1, 0, 0, 0, 1, -89.6208, -50.1318, 93.2694 )

[node name="bug_pickup37" parent="." instance=ExtResource( 4 )]
transform = Transform( 1, 0, 0, 0, 1, 0, 0, 0, 1, -45.9406, -100.781, -12.6968 )

[node name="bug_pickup38" parent="." instance=ExtResource( 4 )]
transform = Transform( 1, 0, 0, 0, 1, 0, 0, 0, 1, -36.9562, -108.271, -34.9454 )

[node name="bug_pickup39" parent="." instance=ExtResource( 4 )]
transform = Transform( 1, 0, 0, 0, 1, 0, 0, 0, 1, -73.6924, -107.932, 54.4541 )

[node name="gem_pickup75" parent="." instance=ExtResource( 20 )]
transform = Transform( 1, 0, 0, 0, 1, 0, 0, 0, 1, -48.242, -29.4312, -1.96096 )

[node name="gem_pickup76" parent="." instance=ExtResource( 20 )]
transform = Transform( 1, 0, 0, 0, 1, 0, 0, 0, 1, -49.6619, -27.0568, 2.67265 )

[node name="gem_pickup77" parent="." instance=ExtResource( 20 )]
transform = Transform( 1, 0, 0, 0, 1, 0, 0, 0, 1, -56.7849, -98.1367, 14.3834 )

[node name="gem_pickup78" parent="." instance=ExtResource( 20 )]
transform = Transform( 1, 0, 0, 0, 1, 0, 0, 0, 1, -55.2251, -97.9509, 10.2476 )

[node name="gem_pickup79" parent="." instance=ExtResource( 20 )]
transform = Transform( 1, 0, 0, 0, 1, 0, 0, 0, 1, -53.681, -97.6565, 6.51825 )

[node name="gem_pickup80" parent="." instance=ExtResource( 20 )]
transform = Transform( 1, 0, 0, 0, 1, 0, 0, 0, 1, -61.6496, -96.3219, 25.6774 )

[node name="gem_pickup81" parent="." instance=ExtResource( 20 )]
transform = Transform( 1, 0, 0, 0, 1, 0, 0, 0, 1, -63.0374, -98.9105, 28.9725 )

[node name="gem_pickup82" parent="." instance=ExtResource( 20 )]
transform = Transform( 1, 0, 0, 0, 1, 0, 0, 0, 1, -66.3532, -101.305, 36.3849 )

[node name="gem_pickup83" parent="." instance=ExtResource( 20 )]
transform = Transform( 1, 0, 0, 0, 1, 0, 0, 0, 1, -72.13, -106.122, 50.7967 )

[node name="gem_pickup84" parent="." instance=ExtResource( 20 )]
transform = Transform( 1, 0, 0, 0, 1, 0, 0, 0, 1, -76.2577, -105.726, 60.2341 )

[node name="bug_pickup40" parent="." instance=ExtResource( 4 )]
transform = Transform( 1, 0, 0, 0, 1, 0, 0, 0, 1, -75.9734, -102.274, 59.0909 )

[node name="bug_pickup41" parent="." instance=ExtResource( 4 )]
transform = Transform( 1, 0, 0, 0, 1, 0, 0, 0, 1, -96.9992, -97.5539, 73.5077 )

[node name="bug_pickup42" parent="." instance=ExtResource( 4 )]
transform = Transform( -0.488347, 0, -0.872649, 0, 1, 0, 0.872649, 0, -0.488347, -91.1226, -89.9373, 78.0281 )

[node name="bug_pickup43" parent="." instance=ExtResource( 4 )]
transform = Transform( -0.917157, 0, 0.398525, 0, 1, 0, -0.398525, 0, -0.917157, -95.2132, -95.7252, 78.1285 )

[node name="gem_pickup85" parent="." instance=ExtResource( 20 )]
transform = Transform( 1, 0, 0, 0, 1, 0, 0, 0, 1, -96.9187, -102.485, 70.5055 )

[node name="gem_pickup86" parent="." instance=ExtResource( 20 )]
transform = Transform( 1, 0, 0, 0, 1, 0, 0, 0, 1, -95.5074, -102.485, 70.5007 )

[node name="gem_pickup87" parent="." instance=ExtResource( 20 )]
transform = Transform( 1, 0, 0, 0, 1, 0, 0, 0, 1, -94.1567, -102.485, 70.8096 )

[node name="gem_pickup88" parent="." instance=ExtResource( 20 )]
transform = Transform( 1, 0, 0, 0, 1, 0, 0, 0, 1, -94.6325, -102.485, 72.2207 )

[node name="gem_pickup89" parent="." instance=ExtResource( 20 )]
transform = Transform( 1, 0, 0, 0, 1, 0, 0, 0, 1, -96.6548, -102.485, 71.9045 )

[node name="gem_pickup90" parent="." instance=ExtResource( 20 )]
transform = Transform( 1, 0, 0, 0, 1, 0, 0, 0, 1, -96.0228, -102.485, 73.265 )

[node name="gem_pickup91" parent="." instance=ExtResource( 20 )]
transform = Transform( 1, 0, 0, 0, 1, 0, 0, 0, 1, -96.3602, -102.485, 74.8563 )

[node name="gem_pickup92" parent="." instance=ExtResource( 20 )]
transform = Transform( 1, 0, 0, 0, 1, 0, 0, 0, 1, -25.2949, -36.9975, -70.7818 )

[node name="gem_pickup93" parent="." instance=ExtResource( 20 )]
transform = Transform( 1, 0, 0, 0, 1, 0, 0, 0, 1, -22.686, -33.4797, -60.8293 )

[node name="gem_pickup94" parent="." instance=ExtResource( 20 )]
transform = Transform( 1, 0, 0, 0, 1, 0, 0, 0, 1, -30.4655, -31.0613, -57.0586 )

[node name="gem_pickup95" parent="." instance=ExtResource( 20 )]
transform = Transform( 1, 0, 0, 0, 1, 0, 0, 0, 1, -27.3689, -28.702, -48.8269 )

[node name="gem_pickup96" parent="." instance=ExtResource( 20 )]
transform = Transform( 1, 0, 0, 0, 1, 0, 0, 0, 1, -37.8818, -24.8813, -38.3909 )

[node name="gem_pickup97" parent="." instance=ExtResource( 20 )]
transform = Transform( 1, 0, 0, 0, 1, 0, 0, 0, 1, -37.3477, -21.9685, -22.2904 )

[node name="gem_pickup98" parent="." instance=ExtResource( 20 )]
transform = Transform( 1, 0, 0, 0, 1, 0, 0, 0, 1, -46.1147, -20.7076, -15.1049 )

[node name="gem_pickup99" parent="." instance=ExtResource( 20 )]
transform = Transform( 1, 0, 0, 0, 1, 0, 0, 0, 1, -45.4425, -20.0992, 0.849626 )

[node name="gem_pickup100" parent="." instance=ExtResource( 20 )]
transform = Transform( 1, 0, 0, 0, 1, 0, 0, 0, 1, -54.8529, -20.234, 10.219 )

[node name="gem_pickup101" parent="." instance=ExtResource( 20 )]
transform = Transform( 1, 0, 0, 0, 1, 0, 0, 0, 1, -51.0338, -21.6379, 19.1135 )

[node name="gem_pickup102" parent="." instance=ExtResource( 20 )]
transform = Transform( 1, 0, 0, 0, 1, 0, 0, 0, 1, -63.2972, -25.9862, 44.5074 )

[node name="gem_pickup103" parent="." instance=ExtResource( 20 )]
transform = Transform( 1, 0, 0, 0, 1, 0, 0, 0, 1, -66.7536, -24.058, 44.8004 )

[node name="gem_pickup104" parent="." instance=ExtResource( 20 )]
transform = Transform( 1, 0, 0, 0, 1, 0, 0, 0, 1, -63.9776, -24.2353, 50.54 )

[node name="gem_pickup105" parent="." instance=ExtResource( 20 )]
transform = Transform( 1, 0, 0, 0, 1, 0, 0, 0, 1, -69.8414, -24.0179, 49.5542 )

[node name="gem_pickup106" parent="." instance=ExtResource( 20 )]
transform = Transform( 1, 0, 0, 0, 1, 0, 0, 0, 1, -66.9435, -24.4896, 55.0964 )

[node name="gem_pickup107" parent="." instance=ExtResource( 20 )]
transform = Transform( 1, 0, 0, 0, 1, 0, 0, 0, 1, -72.9575, -24.8183, 54.7325 )

[node name="gem_pickup108" parent="." instance=ExtResource( 20 )]
transform = Transform( 1, 0, 0, 0, 1, 0, 0, 0, 1, -69.6579, -25.7513, 60.7879 )

[node name="gem_pickup109" parent="." instance=ExtResource( 20 )]
transform = Transform( 1, 0, 0, 0, 1, 0, 0, 0, 1, -76.4844, -26.3534, 61.9673 )

[node name="gem_pickup110" parent="." instance=ExtResource( 20 )]
transform = Transform( 1, 0, 0, 0, 1, 0, 0, 0, 1, 33.2711, -23.9931, -237.483 )
quantity = 3

[node name="gem_pickup111" parent="." instance=ExtResource( 20 )]
transform = Transform( 1, 0, 0, 0, 1, 0, 0, 0, 1, 31.1423, -25.6978, -224.659 )
quantity = 3

[node name="gem_pickup112" parent="." instance=ExtResource( 20 )]
transform = Transform( 1, 0, 0, 0, 1, 0, 0, 0, 1, 25.6808, -25.5268, -213.496 )
quantity = 3

[node name="gem_pickup113" parent="." instance=ExtResource( 20 )]
transform = Transform( 1, 0, 0, 0, 1, 0, 0, 0, 1, 18.0409, -31.2835, -177.101 )
quantity = 3

[node name="gem_pickup114" parent="." instance=ExtResource( 20 )]
transform = Transform( 1, 0, 0, 0, 1, 0, 0, 0, 1, 10.532, -30.364, -155.22 )
quantity = 3

[node name="bug_pickup44" parent="." instance=ExtResource( 4 )]
transform = Transform( -0.0234377, 0, 0.999725, 0, 1, 0, -0.999725, 0, -0.0234377, -54.4868, -81.8979, 75.1232 )

[node name="bug_pickup45" parent="." instance=ExtResource( 4 )]
transform = Transform( 1, 0, 0, 0, 1, 0, 0, 0, 1, 6.07391, -154.804, 156.135 )

[node name="bug_pickup46" parent="." instance=ExtResource( 4 )]
transform = Transform( 1, 0, 0, 0, 1, 0, 0, 0, 1, 3.49899, -139.51, 158.908 )

[node name="bug_pickup47" parent="." instance=ExtResource( 4 )]
transform = Transform( 1, 0, 0, 0, 1, 0, 0, 0, 1, -1.53575, -125.888, 163.09 )

[node name="bug_pickup48" parent="." instance=ExtResource( 4 )]
transform = Transform( 1, 0, 0, 0, 1, 0, 0, 0, 1, -4.47687, -113.711, 168.054 )

[node name="coat_pickup2" parent="." instance=ExtResource( 21 )]
transform = Transform( -0.746557, 0, 0.665322, 0, 1, 0, -0.665322, 0, -0.746557, 8.63096, -164.449, 151.705 )
min_rarity = 4
max_rarity = 4

[node name="bug_pickup49" parent="." instance=ExtResource( 4 )]
transform = Transform( 1, 0, 0, 0, 1, 0, 0, 0, 1, 124.793, -147.736, 160.826 )

[node name="gem_pickup115" parent="." instance=ExtResource( 20 )]
transform = Transform( 1, 0, 0, 0, 1, 0, 0, 0, 1, 129.392, -142.042, 169.768 )
quantity = 5

[node name="gem_pickup116" parent="." instance=ExtResource( 20 )]
transform = Transform( 1, 0, 0, 0, 1, 0, 0, 0, 1, 126.114, -136.731, 183.277 )
quantity = 5

[node name="gem_pickup117" parent="." instance=ExtResource( 20 )]
transform = Transform( 1, 0, 0, 0, 1, 0, 0, 0, 1, 124.884, -126.235, 214.002 )
quantity = 5

[node name="gem_pickup118" parent="." instance=ExtResource( 20 )]
transform = Transform( 1, 0, 0, 0, 1, 0, 0, 0, 1, 176.629, -239.761, 93.7472 )

[node name="gem_pickup119" parent="." instance=ExtResource( 20 )]
transform = Transform( 1, 0, 0, 0, 1, 0, 0, 0, 1, 191.487, -209.913, 140.7 )

[node name="gem_pickup120" parent="." instance=ExtResource( 20 )]
transform = Transform( 1, 0, 0, 0, 1, 0, 0, 0, 1, 186.575, -174.737, 191.397 )

[node name="gem_pickup121" parent="." instance=ExtResource( 20 )]
transform = Transform( 1, 0, 0, 0, 1, 0, 0, 0, 1, 180.195, -171.194, 194.916 )

[node name="scrap_pile7" parent="." instance=ExtResource( 15 )]
transform = Transform( 0.814784, 0.579765, 0, -0.570088, 0.801184, 0.181944, 0.105485, -0.148245, 0.983309, 159.719, -153.465, 215.354 )

[node name="crawly2" parent="." instance=ExtResource( 22 )]
transform = Transform( -0.768875, 0, 0.639399, 0, 1, 0, -0.639399, 0, -0.768875, 157.791, -151.945, 219.423 )
drops_coat = true
health = 75

[node name="crawly3" parent="." instance=ExtResource( 22 )]
transform = Transform( -0.436315, 0, 0.899794, 0, 1, 0, -0.899794, 0, -0.436315, 155.743, -151.945, 216.894 )
drops_coat = true
health = 75

[node name="deathgnat3" parent="." instance=ExtResource( 3 )]
transform = Transform( -0.774039, 0, 0.633138, 0, 1, 0, -0.633138, 0, -0.774039, 153.157, -144.577, 229.045 )

[node name="bug_pickup50" parent="." instance=ExtResource( 4 )]
transform = Transform( 1, 0, 0, 0, 1, 0, 0, 0, 1, 162.989, -156.632, 209.601 )

[node name="bug_pickup51" parent="." instance=ExtResource( 4 )]
transform = Transform( 1, 0, 0, 0, 1, 0, 0, 0, 1, 160.967, -154.488, 213.557 )

[node name="bug_pickup52" parent="." instance=ExtResource( 4 )]
transform = Transform( 1, 0, 0, 0, 1, 0, 0, 0, 1, 163.354, -143.485, 214.323 )

[node name="gem_pickup122" parent="." instance=ExtResource( 20 )]
transform = Transform( 1, 0, 0, 0, 1, 0, 0, 0, 1, 162.248, -151.974, 209.957 )
quantity = 4

[node name="gem_pickup123" parent="." instance=ExtResource( 20 )]
