[gd_scene load_steps=18 format=2]

[ext_resource path="res://areas/chunk_content.gd" type="Script" id=1]
[ext_resource path="res://entities/env/stone/hive_hut_flat_roof.tscn" type="PackedScene" id=2]
[ext_resource path="res://entities/env/stone/fountain.tscn" type="PackedScene" id=3]
[ext_resource path="res://entities/env/stone/garden_melon.tscn" type="PackedScene" id=4]
[ext_resource path="res://entities/env/stone/garden.tscn" type="PackedScene" id=5]
[ext_resource path="res://entities/env/stone/hive_hut_dome_roof.tscn" type="PackedScene" id=6]
[ext_resource path="res://entities/env/stone/hive_hut_single_flat.tscn" type="PackedScene" id=7]
[ext_resource path="res://entities/env/stone/hive_hut_foundation_stairs.tscn" type="PackedScene" id=8]
[ext_resource path="res://items/item_pickup.gd" type="Script" id=9]
[ext_resource path="res://ui/items/vis/mesh_hover_scooter.tscn" type="PackedScene" id=10]
[ext_resource path="res://items/item_pickup.tscn" type="PackedScene" id=11]
[ext_resource path="res://items/gem_pickup.tscn" type="PackedScene" id=12]
[ext_resource path="res://entities/env/copper/scrap1.tscn" type="PackedScene" id=13]
[ext_resource path="res://entities/env/copper/pail.tscn" type="PackedScene" id=15]
[ext_resource path="res://entities/control/conditional.gd" type="Script" id=16]
[ext_resource path="res://tutorial_prompt.gd" type="Script" id=17]

[sub_resource type="BoxShape" id=1]
extents = Vector3( 4.25, 1, 4 )

[node name="chunk028" type="Spatial"]
script = ExtResource( 1 )
lighting_preview = true

[node name="zone_village" type="Spatial" parent="."]
transform = Transform( 1, 0, 0, 0, 1, 0, 0, 0, 1, 45.9, -3.3, -222.2 )

[node name="hive_hut_flat_roof" parent="zone_village" instance=ExtResource( 2 )]
transform = Transform( -0.258819, 0, 0.965926, 0, 1, 0, -0.965926, 0, -0.258819, -4.89632, 0.234854, -4.37454 )

[node name="hive_hut_foundation_stairs" parent="zone_village/hive_hut_flat_roof" instance=ExtResource( 8 )]

[node name="hive_hut_flat_roof2" parent="zone_village" instance=ExtResource( 2 )]
transform = Transform( 0.707107, 0, 0.707107, 0, 1, 0, -0.707107, 0, 0.707107, 6.70367, 0.234854, -3.47453 )

[node name="hive_hut_flat_roof3" parent="zone_village" instance=ExtResource( 2 )]
transform = Transform( 0.965926, 0, -0.258819, 0, 1, 0, 0.258819, 0, 0.965926, 7.50368, 0.234854, 8.12546 )

[node name="hive_hut_flat_roof4" parent="zone_village" instance=ExtResource( 2 )]
transform = Transform( -0.707107, 0, -0.707107, 0, 1, 0, 0.707107, 0, -0.707107, 17.2037, 0.234854, 1.52544 )

[node name="hive_hut_flat_roof5" parent="zone_village" instance=ExtResource( 2 )]
transform = Transform( 0.258819, 0, -0.965926, 0, 1, 0, 0.965926, 0, 0.258819, 16.2037, 0.234854, -9.97456 )

[node name="hive_hut_flat_roof6" parent="zone_village" instance=ExtResource( 2 )]
transform = Transform( -0.707107, 0, -0.707107, 0, 1, 0, 0.707107, 0, -0.707107, 5.70368, 0.234854, -14.9746 )

[node name="hive_hut_foundation_stairs" parent="zone_village/hive_hut_flat_roof6" instance=ExtResource( 8 )]

[node name="hive_hut_flat_roof7" parent="zone_village" instance=ExtResource( 2 )]
transform = Transform( 0.258819, 0, -0.965926, 0, 1, 0, 0.965926, 0, 0.258819, -5.99962, 0.234854, -16.04 )

[node name="hive_hut_foundation_stairs" parent="zone_village/hive_hut_flat_roof7" instance=ExtResource( 8 )]

[node name="hive_hut_flat_roof10" parent="zone_village" instance=ExtResource( 2 )]
transform = Transform( -0.258819, 0, 0.965926, 0, 1, 0, -0.965926, 0, -0.258819, -18.0464, 0.234854, -16.9532 )

[node name="hive_hut_foundation_stairs" parent="zone_village/hive_hut_flat_roof10" instance=ExtResource( 8 )]

[node name="hive_hut_flat_roof9" parent="zone_village" instance=ExtResource( 2 )]
transform = Transform( -0.258819, 0, 0.965926, 0, 1, 0, -0.965926, 0, -0.258819, -5.95436, 8.53485, -15.9681 )

[node name="hive_hut_flat_roof11" parent="zone_village" instance=ExtResource( 2 )]
transform = Transform( -0.965926, 0, 0.258819, 0, 1, 0, -0.258819, 0, -0.965926, -5.95436, 16.7849, -15.9681 )

[node name="fountain" parent="zone_village" instance=ExtResource( 3 )]
transform = Transform( 1, 0, 0, 0, 0.999872, 0.0160202, 0, -0.0160202, 0.999872, -18.3, -0.9814, 11 )

[node name="garden" parent="zone_village" instance=ExtResource( 5 )]
transform = Transform( 0.996848, -0.0793355, 0, 0.0793355, 0.996848, 0, 0, 0, 1, -18.3689, -0.912925, -0.800003 )

[node name="garden_melon" parent="zone_village" instance=ExtResource( 4 )]
transform = Transform( -1, 0, 3.72529e-08, 0, 1, 0, -3.72529e-08, 0, -1, 7.49999, 8.3, 8.40001 )

[node name="hive_hut_dome_roof" parent="zone_village" instance=ExtResource( 6 )]
transform = Transform( -0.965086, 0, 0.26193, 0, 1, 0, -0.26193, 0, -0.965086, 4.73127, 8.5, -11.3852 )

[node name="hive_hut_single_flat" parent="zone_village" instance=ExtResource( 7 )]
transform = Transform( 0.965926, 0, -0.258819, 0, 1, 0, 0.258819, 0, 0.965926, 17.152, 8.4, 1.53787 )

[node name="hive_hut_flat_roof8" parent="zone_village" instance=ExtResource( 2 )]
transform = Transform( -0.707107, 0, -0.707107, 0, 1, 0, 0.707107, 0, -0.707107, 22.9124, 0.234854, -19.6912 )

[node name="hive_hut_single_flat5" parent="zone_village" instance=ExtResource( 7 )]
transform = Transform( 0.707107, 0, 0.707107, 0, 1, 0, -0.707107, 0, 0.707107, 22.86, 8.4, -19.6263 )

[node name="hive_hut_single_flat2" parent="zone_village" instance=ExtResource( 7 )]
transform = Transform( -0.258819, 0, 0.965925, 0, 1, 0, -0.965925, 0, -0.258819, 28.1, 0.199999, 6.69998 )

[node name="hive_hut_foundation_stairs" parent="zone_village/hive_hut_single_flat2" instance=ExtResource( 8 )]

[node name="garden2" parent="zone_village" instance=ExtResource( 5 )]
transform = Transform( 1, 0, 0, 0, 1, 0, 0, 0, 1, 31.5122, -0.0999999, -7.37524 )

[node name="hive_hut_single_flat3" parent="zone_village" instance=ExtResource( 7 )]
transform = Transform( -0.258819, 0, 0.965926, 0, 1, 0, -0.965926, 0, -0.258819, 18.3, 0.199999, 13.4 )

[node name="hive_hut_foundation_stairs" parent="zone_village/hive_hut_single_flat3" instance=ExtResource( 8 )]

[node name="hive_hut_single_flat4" parent="zone_village" instance=ExtResource( 7 )]
transform = Transform( 0.707107, 0, 0.707107, 0, 1, 0, -0.707107, 0, 0.707107, 8.60002, 0.199999, 20.1 )

[node name="hive_hut_foundation_stairs" parent="zone_village/hive_hut_single_flat4" instance=ExtResource( 8 )]

[node name="active_entities" type="Spatial" parent="."]

[node name="zone_village" type="MultiMeshSystem" parent="active_entities"]
transform = Transform( 1, 0, 0, 0, 1, 0, 0, 0, 1, 48.154, 7.42639, -210.094 )

[node name="demo" type="Spatial" parent="active_entities/zone_village"]

[node name="hover_scooter_pickup" type="KinematicBody" parent="active_entities/zone_village/demo" groups=["distance_activated", "push"] instance=ExtResource( 11 )]
transform = Transform( -0.0529627, -0.935159, 0.350247, -0.998539, 0.0533814, -0.0084659, -0.0107797, -0.350184, -0.936618, -7.63697, 14.1708, -25.929 )
collision_layer = 4
script = ExtResource( 9 )
item_id = "hover_scooter"
preview = ExtResource( 10 )
friendly_name = "scooter_demo"

[node name="gem_pickup" parent="active_entities/zone_village/demo" instance=ExtResource( 12 )]
transform = Transform( 1, 0, 0, 0, 1, 0, 0, 0, 1, -10.3465, -10.8866, -1.37177 )

[node name="gem_pickup2" parent="active_entities/zone_village/demo" instance=ExtResource( 12 )]
transform = Transform( 1, 0, 0, 0, 1, 0, 0, 0, 1, 1.62345, -6.74431, 4.81894 )

[node name="gem_pickup20" parent="active_entities/zone_village/demo" instance=ExtResource( 12 )]
transform = Transform( 1, 0, 0, 0, 1, 0, 0, 0, 1, 6.37345, -6.74431, 5.06894 )

[node name="gem_pickup21" parent="active_entities/zone_village/demo" instance=ExtResource( 12 )]
transform = Transform( 1, 0, 0, 0, 1, 0, 0, 0, 1, 10.3734, -6.74431, 2.31894 )

[node name="gem_pickup3" parent="active_entities/zone_village/demo" instance=ExtResource( 12 )]
transform = Transform( 1, 0, 0, 0, 1, 0, 0, 0, 1, -2.18505, -10.8981, 2.03612 )

[node name="gem_pickup4" parent="active_entities/zone_village/demo" instance=ExtResource( 12 )]
transform = Transform( 1, 0, 0, 0, 1, 0, 0, 0, 1, -6.3476, -10.8381, 0.0153046 )

[node name="gem_pickup5" parent="active_entities/zone_village/demo" instance=ExtResource( 12 )]
transform = Transform( 1, 0, 0, 0, 1, 0, 0, 0, 1, 9.6249, -2.55085, 0.836243 )

[node name="gem_pickup6" parent="active_entities/zone_village/demo" instance=ExtResource( 12 )]
transform = Transform( 1, 0, 0, 0, 1, 0, 0, 0, 1, 12.2676, 1.44789, -4.60493 )

[node name="gem_pickup15" parent="active_entities/zone_village/demo" instance=ExtResource( 12 )]
transform = Transform( 1, 0, 0, 0, 1, 0, 0, 0, 1, 9.76762, -2.55211, -3.35493 )

[node name="gem_pickup7" parent="active_entities/zone_village/demo" instance=ExtResource( 12 )]
transform = Transform( 1, 0, 0, 0, 1, 0, 0, 0, 1, 16.1063, 1.4502, -16.7743 )

[node name="gem_pickup12" parent="active_entities/zone_village/demo" instance=ExtResource( 12 )]
transform = Transform( 0.965926, 0, -0.258819, 0, 1, 0, 0.258819, 0, 0.965926, 17.8563, 1.9502, -22.0243 )

[node name="gem_pickup13" parent="active_entities/zone_village/demo" instance=ExtResource( 12 )]
transform = Transform( 0.965926, 0, -0.258819, 0, 1, 0, 0.258819, 0, 0.965926, 19.1504, 1.4502, -26.8539 )

[node name="gem_pickup16" parent="active_entities/zone_village/demo" instance=ExtResource( 12 )]
transform = Transform( 0.965926, 0, -0.258819, 0, 1, 0, 0.258819, 0, 0.965926, 16.8697, 2.9502, -31.8649 )

[node name="gem_pickup8" parent="active_entities/zone_village/demo" instance=ExtResource( 12 )]
transform = Transform( 1, 0, 0, 0, 1, 0, 0, 0, 1, 7.76229, 5.70804, -25.6086 )

[node name="gem_pickup9" parent="active_entities/zone_village/demo" instance=ExtResource( 12 )]
transform = Transform( 1, 0, 0, 0, 1, 0, 0, 0, 1, -0.737705, 5.70804, -27.1086 )

[node name="gem_pickup17" parent="active_entities/zone_village/demo" instance=ExtResource( 12 )]
transform = Transform( 1, 0, 0, 0, 1, 0, 0, 0, 1, -2.98771, 5.70804, -23.1086 )

[node name="gem_pickup18" parent="active_entities/zone_village/demo" instance=ExtResource( 12 )]
transform = Transform( 1, 0, 0, 0, 1, 0, 0, 0, 1, -3.23771, 10.208, -23.3586 )

[node name="gem_pickup19" parent="active_entities/zone_village/demo" instance=ExtResource( 12 )]
transform = Transform( 1, 0, 0, 0, 1, 0, 0, 0, 1, -3.23771, 12.958, -23.3586 )

[node name="gem_pickup11" parent="active_entities/zone_village/demo" instance=ExtResource( 12 )]
transform = Transform( 1, 0, 0, 0, 1, 0, 0, 0, 1, 16.5123, 5.70804, -31.1086 )

[node name="gem_pickup14" parent="active_entities/zone_village/demo" instance=ExtResource( 12 )]
transform = Transform( 1, 0, 0, 0, 1, 0, 0, 0, 1, 11.5123, 6.45804, -27.8586 )

[node name="gem_pickup10" parent="active_entities/zone_village/demo" instance=ExtResource( 12 )]
transform = Transform( 1, 0, 0, 0, 1, 0, 0, 0, 1, -4.90401, 14.0736, -24.4062 )

[node name="demo_tutorial" type="Spatial" parent="active_entities/zone_village/demo"]
script = ExtResource( 16 )
condition = "!Global.stat(\"scooter_demo\")"

[node name="tut_prompt" type="Area" parent="active_entities/zone_village/demo/demo_tutorial"]
transform = Transform( 0.866025, 0, -0.5, 0, 1, 0, 0.5, 0, 0.866025, -2.55801, -10.5, 3.4306 )
collision_layer = 0
collision_mask = 2
script = ExtResource( 17 )
input_actions = [ "mv_crouch", "mv_jump" ]
text = "(Standing Still) Crouch Jump"

[node name="CollisionShape" type="CollisionShape" parent="active_entities/zone_village/demo/demo_tutorial/tut_prompt"]
shape = SubResource( 1 )

[node name="tut_prompt2" type="Area" parent="active_entities/zone_village/demo/demo_tutorial"]
transform = Transform( 0.866025, 0, -0.5, 0, 1, 0, 0.5, 0, 0.866025, 14.4462, 2.25, -13.0215 )
collision_layer = 0
collision_mask = 2
script = ExtResource( 17 )
input_actions = [ "mv_crouch", "mv_jump" ]
text = "(While Running) Roll Jump"

[node name="CollisionShape" type="CollisionShape" parent="active_entities/zone_village/demo/demo_tutorial/tut_prompt2"]
shape = SubResource( 1 )

[node name="tut_prompt3" type="Area" parent="active_entities/zone_village/demo/demo_tutorial"]
transform = Transform( 0.866025, 0, -0.5, 0, 1, 0, 0.5, 0, 0.866025, 15.8595, 7.25, -30.9694 )
collision_layer = 0
collision_mask = 2
script = ExtResource( 17 )
input_actions = [ "mv_jump", "combat_spin" ]
text = "Air Spin"

[node name="CollisionShape" type="CollisionShape" parent="active_entities/zone_village/demo/demo_tutorial/tut_prompt3"]
shape = SubResource( 1 )

[node name="tut_prompt4" type="Area" parent="active_entities/zone_village/demo/demo_tutorial"]
transform = Transform( 0.866025, 0, -0.5, 0, 1, 0, 0.5, 0, 0.866025, -0.0932732, 6.75, -20.8385 )
collision_layer = 0
collision_mask = 2
script = ExtResource( 17 )
input_actions = [ "mv_crouch" ]
text = "(At Wall) Climb"

[node name="CollisionShape" type="CollisionShape" parent="active_entities/zone_village/demo/demo_tutorial/tut_prompt4"]
shape = SubResource( 1 )

[node name="scrap1" parent="." instance=ExtResource( 13 )]
transform = Transform( -1, 1.50996e-07, 0, -1.50996e-07, -1, 0, 0, 0, 1, 64.25, 11, -240.75 )

[node name="pail" parent="." instance=ExtResource( 15 )]
transform = Transform( 0.707107, 0.707107, -3.09086e-08, 0, -4.37114e-08, -1, -0.707107, 0.707107, -3.09086e-08, 65.0429, 10.0388, -242.146 )

[connection signal="timeout" from="sun/Timer" to="sun" method="update_rotation"]
