[gd_scene load_steps=2 format=2]

[ext_resource path="res://areas/chunk_content.gd" type="Script" id=1]

[node name="chunk-cave121" type="Spatial"]
script = ExtResource( 1 )

[node name="active_entities" type="Spatial" parent="."]

[node name="ReflectionProbe" type="ReflectionProbe" parent="active_entities"]
transform = Transform( 0.715884, -0.425677, -0.553452, 0.336771, 0.904875, -0.260359, 0.611634, -1.1409e-08, 0.791141, 128.487, 58.181, 117.811 )
intensity = 0.01
extents = Vector3( 75.1227, 16.0322, 17.7101 )
interior_enable = true

[node name="ReflectionProbe4" type="ReflectionProbe" parent="active_entities"]
transform = Transform( 0.999712, 0.0200092, 0.0132503, -0.0196837, 0.999512, -0.0242568, -0.0137292, 0.023989, 0.999618, 154.327, 98.4136, 149.878 )
intensity = 0.01
extents = Vector3( 32.1119, 27.8553, 36.4067 )
interior_enable = true
interior_ambient_color = Color( 0.0823529, 0.0745098, 0.0745098, 1 )

[node name="ReflectionProbe2" type="ReflectionProbe" parent="active_entities"]
transform = Transform( 0.71518, 0.0456528, -0.697448, -0.0363562, 0.998944, 0.0281072, 0.697994, 0.00525491, 0.716084, 48.0638, 29.4352, 31.9751 )
intensity = 0.23
extents = Vector3( 70.3193, 82.1178, 18.9932 )
interior_enable = true
interior_ambient_color = Color( 0.207843, 0.121569, 0.121569, 1 )

[node name="ReflectionProbe3" type="ReflectionProbe" parent="active_entities"]
transform = Transform( 0.415044, 0.0406788, -0.908891, 0.148272, 0.98262, 0.111687, 0.897638, -0.181118, 0.401799, -18.7075, -63.207, -53.077 )
intensity = 0.23
extents = Vector3( 78.0762, 144.805, 25.9071 )
interior_enable = true
interior_ambient_color = Color( 0.243137, 0.168627, 0.258824, 1 )
