[gd_scene load_steps=48 format=2]

[ext_resource path="res://material/env/ancient/gem_emissive.tres" type="Material" id=1]
[ext_resource path="res://_glb/chunks/chunk113.glb" type="PackedScene" id=2]
[ext_resource path="res://areas/chunk_content.gd" type="Script" id=3]
[ext_resource path="res://entities/env/copper/palace1.tscn" type="PackedScene" id=4]
[ext_resource path="res://entities/enemies/deathgnat.tscn" type="PackedScene" id=5]
[ext_resource path="res://entities/env/ancient/target_flower.tscn" type="PackedScene" id=6]
[ext_resource path="res://material/env/water.shader" type="Shader" id=7]
[ext_resource path="res://items/random_ammo_pickup.tscn" type="PackedScene" id=8]
[ext_resource path="res://material/env/wave_noise.png" type="Texture" id=9]
[ext_resource path="res://entities/env/ancient/fountainA_large.tscn" type="PackedScene" id=10]
[ext_resource path="res://items/ammo/pistol_pickup.tscn" type="PackedScene" id=11]
[ext_resource path="res://material/gem_transparent.shader" type="Shader" id=12]
[ext_resource path="res://material/env/transparent.shader" type="Shader" id=13]
[ext_resource path="res://material/env/metal/chainlink1.png" type="Texture" id=14]
[ext_resource path="res://entities/env/ancient/falling_platform.tscn" type="PackedScene" id=15]
[ext_resource path="res://entities/npc/npc_riley.tscn" type="PackedScene" id=16]
[ext_resource path="res://entities/enemies/crawly.tscn" type="PackedScene" id=17]
[ext_resource path="res://material/env/ancient/white_metal.material" type="Material" id=21]
[ext_resource path="res://entities/env/ancient/platform_square.tscn" type="PackedScene" id=23]
[ext_resource path="res://entities/control/door.gd" type="Script" id=28]
[ext_resource path="res://entities/control/dswitch_a.tscn" type="PackedScene" id=29]
[ext_resource path="res://items/bug_pickup.tscn" type="PackedScene" id=35]

[sub_resource type="Animation" id=1]
resource_name = "Activate"
length = 3.0
tracks/0/type = "value"
tracks/0/path = NodePath("platform_square:transform")
tracks/0/interp = 1
tracks/0/loop_wrap = true
tracks/0/imported = false
tracks/0/enabled = true
tracks/0/keys = {
"times": PoolRealArray( 0, 3 ),
"transitions": PoolRealArray( 0.287175, 1 ),
"update": 0,
"values": [ Transform( 0.674898, -0.737911, -3.22551e-08, 0, -4.37114e-08, 1, -0.737911, -0.674898, -2.95007e-08, 24.7711, 7.09093, 9.14988 ), Transform( 0.674898, 8.84652e-16, 0.737911, 0, 1, -1.19886e-15, -0.737911, 8.09107e-16, 0.674898, 22.7508, 6, 7.30208 ) ]
}
tracks/1/type = "value"
tracks/1/path = NodePath("platform_square2:transform")
tracks/1/interp = 1
tracks/1/loop_wrap = true
tracks/1/imported = false
tracks/1/enabled = true
tracks/1/keys = {
"times": PoolRealArray( 0, 3 ),
"transitions": PoolRealArray( 0.406126, 1 ),
"update": 0,
"values": [ Transform( 0.674898, -0.737911, -3.22551e-08, 0, -4.37114e-08, 1, -0.737911, -0.674898, -2.95007e-08, 21.8865, 7.09093, 12.3038 ), Transform( 0.674898, 8.84652e-16, 0.737911, 0, 1, -1.19886e-15, -0.737911, 8.09107e-16, 0.674898, 17.4871, 6, 12.7831 ) ]
}
tracks/2/type = "value"
tracks/2/path = NodePath("platform_square3:transform")
tracks/2/interp = 1
tracks/2/loop_wrap = true
tracks/2/imported = false
tracks/2/enabled = true
tracks/2/keys = {
"times": PoolRealArray( 0, 3 ),
"transitions": PoolRealArray( 0.554785, 1 ),
"update": 0,
"values": [ Transform( 0.674898, -0.737911, -3.22551e-08, 0, -4.37114e-08, 1, -0.737911, -0.674898, -2.95007e-08, 18.9046, 7.09093, 15.5641 ), Transform( 0.674898, 0, 0.737911, 0, 1, 0, -0.737911, 0, 0.674898, 12.4831, 6, 18.1981 ) ]
}
tracks/3/type = "value"
tracks/3/path = NodePath("platform_square4:transform")
tracks/3/interp = 1
tracks/3/loop_wrap = true
tracks/3/imported = false
tracks/3/enabled = true
tracks/3/keys = {
"times": PoolRealArray( 0, 3 ),
"transitions": PoolRealArray( 0.812252, 1 ),
"update": 0,
"values": [ Transform( 0.674898, -0.737911, -3.22551e-08, 0, -4.37114e-08, 1, -0.737911, -0.674898, -2.95007e-08, 15.7408, 7.09093, 19.0234 ), Transform( 0.674898, 0, 0.737911, 0, 1, 0, -0.737911, 0, 0.674898, 7.36275, 6, 23.474 ) ]
}

[sub_resource type="Animation" id=2]
length = 0.001
tracks/0/type = "value"
tracks/0/path = NodePath("platform_square:transform")
tracks/0/interp = 1
tracks/0/loop_wrap = true
tracks/0/imported = false
tracks/0/enabled = true
tracks/0/keys = {
"times": PoolRealArray( 0 ),
"transitions": PoolRealArray( 1 ),
"update": 0,
"values": [ Transform( 0.674898, -0.737911, -3.22551e-08, 0, -4.37114e-08, 1, -0.737911, -0.674898, -2.95007e-08, 24.7711, 7.09093, 9.14988 ) ]
}
tracks/1/type = "value"
tracks/1/path = NodePath("platform_square2:transform")
tracks/1/interp = 1
tracks/1/loop_wrap = true
tracks/1/imported = false
tracks/1/enabled = true
tracks/1/keys = {
"times": PoolRealArray( 0 ),
"transitions": PoolRealArray( 1 ),
"update": 0,
"values": [ Transform( 0.674898, -0.737911, -3.22551e-08, 0, -4.37114e-08, 1, -0.737911, -0.674898, -2.95007e-08, 21.8865, 7.09093, 12.3038 ) ]
}
tracks/2/type = "value"
tracks/2/path = NodePath("platform_square3:transform")
tracks/2/interp = 1
tracks/2/loop_wrap = true
tracks/2/imported = false
tracks/2/enabled = true
tracks/2/keys = {
"times": PoolRealArray( 0 ),
"transitions": PoolRealArray( 1 ),
"update": 0,
"values": [ Transform( 0.674898, -0.737911, -3.22551e-08, 0, -4.37114e-08, 1, -0.737911, -0.674898, -2.95007e-08, 18.9046, 7.09093, 15.5641 ) ]
}
tracks/3/type = "value"
tracks/3/path = NodePath("platform_square4:transform")
tracks/3/interp = 1
tracks/3/loop_wrap = true
tracks/3/imported = false
tracks/3/enabled = true
tracks/3/keys = {
"times": PoolRealArray( 0 ),
"transitions": PoolRealArray( 1 ),
"update": 0,
"values": [ Transform( 0.674898, -0.737911, -3.22551e-08, 0, -4.37114e-08, 1, -0.737911, -0.674898, -2.95007e-08, 15.7408, 7.09093, 19.0234 ) ]
}

[sub_resource type="Animation" id=3]
resource_name = "Activate"
tracks/0/type = "value"
tracks/0/path = NodePath("platform_square5:transform")
tracks/0/interp = 1
tracks/0/loop_wrap = true
tracks/0/imported = false
tracks/0/enabled = true
tracks/0/keys = {
"times": PoolRealArray( 0, 1 ),
"transitions": PoolRealArray( 0.353553, 1 ),
"update": 0,
"values": [ Transform( -3.2964e-08, -0.74298, -0.669314, 1, -4.37114e-08, -7.28146e-10, -2.87156e-08, -0.669314, 0.74298, -1.7094, -2.31375, 25.2544 ), Transform( -3.2964e-08, -0.74298, -0.669314, 1, -4.37114e-08, -7.28146e-10, -2.87156e-08, -0.669314, 0.74298, -1.7094, 1.05877, 25.2544 ) ]
}

[sub_resource type="Animation" id=4]
length = 0.001
tracks/0/type = "value"
tracks/0/path = NodePath("platform_square5:transform")
tracks/0/interp = 1
tracks/0/loop_wrap = true
tracks/0/imported = false
tracks/0/enabled = true
tracks/0/keys = {
"times": PoolRealArray( 0 ),
"transitions": PoolRealArray( 1 ),
"update": 0,
"values": [ Transform( -3.2964e-08, -0.74298, -0.669314, 1, -4.37114e-08, -7.28146e-10, -2.87156e-08, -0.669314, 0.74298, -1.7094, -2.31375, 25.2544 ) ]
}

[sub_resource type="BoxShape" id=5]
extents = Vector3( 14, 5, 5 )

[sub_resource type="CubeMesh" id=6]
size = Vector3( 28, 8, 12 )

[sub_resource type="ShaderMaterial" id=7]
shader = ExtResource( 7 )
shader_param/surface_albedo = Color( 0.890196, 1, 0.780392, 1 )
shader_param/deep_albedo = null
shader_param/max_depth = 3.158
shader_param/foam_color = Color( 0.960784, 0.913725, 0.913725, 0.513726 )
shader_param/refraction = 0.004
shader_param/foam_distance = 0.894
shader_param/foam_noise_scale = 0.483
shader_param/foam_noise_scale2 = 0.2
shader_param/foam_noise = ExtResource( 9 )

[sub_resource type="BoxShape" id=8]
extents = Vector3( 14, 6, 12 )

[sub_resource type="CubeMesh" id=9]
size = Vector3( 28, 12, 24 )

[sub_resource type="Animation" id=10]
resource_name = "Activate"
length = 3.0
tracks/0/type = "value"
tracks/0/path = NodePath("../platform_square6:transform")
tracks/0/interp = 1
tracks/0/loop_wrap = true
tracks/0/imported = false
tracks/0/enabled = true
tracks/0/keys = {
"times": PoolRealArray( 0, 3 ),
"transitions": PoolRealArray( 1, 1 ),
"update": 0,
"values": [ Transform( -6.04459e-08, 0.839535, -0.543306, -1, -4.37114e-08, 4.37114e-08, 1.29486e-08, 0.543306, 0.839535, -28.6234, 9.40149, 4.15881 ), Transform( 0.839535, 0, -0.543306, 0, 1, 0, 0.543306, 0, 0.839535, -16.7325, 6, -1.62919 ) ]
}
tracks/1/type = "value"
tracks/1/path = NodePath("../platform_square7:transform")
tracks/1/interp = 1
tracks/1/loop_wrap = true
tracks/1/imported = false
tracks/1/enabled = true
tracks/1/keys = {
"times": PoolRealArray( 0, 3 ),
"transitions": PoolRealArray( 1, 1 ),
"update": 0,
"values": [ Transform( -2.84932e-08, 0.543306, 0.839535, -1, -4.37114e-08, -5.65141e-09, 3.36268e-08, -0.839535, 0.543306, -28.4288, 9.40149, 13.7024 ), Transform( 0.543306, 0, 0.839535, 0, 1, 0, -0.839535, 0, 0.543306, -22.1163, 6, 3.94816 ) ]
}
tracks/2/type = "value"
tracks/2/path = NodePath("../platform_square8:transform")
tracks/2/interp = 1
tracks/2/loop_wrap = true
tracks/2/imported = false
tracks/2/enabled = true
tracks/2/keys = {
"times": PoolRealArray( 0, 3 ),
"transitions": PoolRealArray( 1, 1 ),
"update": 0,
"values": [ Transform( -2.84932e-08, 0.543306, 0.839535, -1, -4.37114e-08, -5.65141e-09, 3.36268e-08, -0.839535, 0.543306, -22.6197, 9.40149, 17.4618 ), Transform( 0.543306, 0, 0.839535, 0, 1, 0, -0.839535, 0, 0.543306, -19.3598, 6, 12.4246 ) ]
}
tracks/3/type = "value"
tracks/3/path = NodePath(".:transform")
tracks/3/interp = 1
tracks/3/loop_wrap = true
tracks/3/imported = false
tracks/3/enabled = true
tracks/3/keys = {
"times": PoolRealArray( 0, 3 ),
"transitions": PoolRealArray( 1, 1 ),
"update": 0,
"values": [ Transform( -2.84932e-08, 0.543306, 0.839535, -1, -4.37114e-08, -5.65141e-09, 3.36268e-08, -0.839535, 0.543306, -17.2395, 9.40149, 20.9436 ), Transform( 0.543306, 0, 0.839535, 0, 1, 0, -0.839535, 0, 0.543306, -14.1283, 6, 16.1359 ) ]
}

[sub_resource type="Animation" id=11]
length = 0.001
tracks/0/type = "value"
tracks/0/path = NodePath("../platform_square6:transform")
tracks/0/interp = 1
tracks/0/loop_wrap = true
tracks/0/imported = false
tracks/0/enabled = true
tracks/0/keys = {
"times": PoolRealArray( 0 ),
"transitions": PoolRealArray( 1 ),
"update": 0,
"values": [ Transform( -6.04459e-08, 0.839535, -0.543306, -1, -4.37114e-08, 4.37114e-08, 1.29486e-08, 0.543306, 0.839535, -28.6234, 9.40149, 4.15881 ) ]
}
tracks/1/type = "value"
tracks/1/path = NodePath("../platform_square7:transform")
tracks/1/interp = 1
tracks/1/loop_wrap = true
tracks/1/imported = false
tracks/1/enabled = true
tracks/1/keys = {
"times": PoolRealArray( 0 ),
"transitions": PoolRealArray( 1 ),
"update": 0,
"values": [ Transform( -2.84932e-08, 0.543306, 0.839535, -1, -4.37114e-08, -5.65141e-09, 3.36268e-08, -0.839535, 0.543306, -28.4288, 9.40149, 13.7024 ) ]
}
tracks/2/type = "value"
tracks/2/path = NodePath("../platform_square8:transform")
tracks/2/interp = 1
tracks/2/loop_wrap = true
tracks/2/imported = false
tracks/2/enabled = true
tracks/2/keys = {
"times": PoolRealArray( 0 ),
"transitions": PoolRealArray( 1 ),
"update": 0,
"values": [ Transform( -2.84932e-08, 0.543306, 0.839535, -1, -4.37114e-08, -5.65141e-09, 3.36268e-08, -0.839535, 0.543306, -22.6197, 9.40149, 17.4618 ) ]
}
tracks/3/type = "value"
tracks/3/path = NodePath(".:transform")
tracks/3/interp = 1
tracks/3/loop_wrap = true
tracks/3/imported = false
tracks/3/enabled = true
tracks/3/keys = {
"times": PoolRealArray( 0 ),
"transitions": PoolRealArray( 1 ),
"update": 0,
"values": [ Transform( -2.84932e-08, 0.543306, 0.839535, -1, -4.37114e-08, -5.65141e-09, 3.36268e-08, -0.839535, 0.543306, -17.2395, 9.40149, 20.9436 ) ]
}

[sub_resource type="ShaderMaterial" id=12]
shader = ExtResource( 12 )
shader_param/albedo = Color( 0.827451, 0.705882, 0.788235, 1 )
shader_param/refraction = 0.01
shader_param/brightness = null

[sub_resource type="Animation" id=13]
resource_name = "Activate"
length = 3.0
tracks/0/type = "value"
tracks/0/path = NodePath("../platform_square10:translation")
tracks/0/interp = 1
tracks/0/loop_wrap = true
tracks/0/imported = false
tracks/0/enabled = true
tracks/0/keys = {
"times": PoolRealArray( 0, 1.5, 3 ),
"transitions": PoolRealArray( 2.07053, 0.34151, 1 ),
"update": 0,
"values": [ Vector3( 8.23931, -3.76606, -15.9149 ), Vector3( 8.23931, 1.86679, -15.9149 ), Vector3( 8.23931, 6.78014, -15.9149 ) ]
}

[sub_resource type="Animation" id=14]
length = 0.001
tracks/0/type = "value"
tracks/0/path = NodePath("../platform_square10:translation")
tracks/0/interp = 1
tracks/0/loop_wrap = true
tracks/0/imported = false
tracks/0/enabled = true
tracks/0/keys = {
"times": PoolRealArray( 0 ),
"transitions": PoolRealArray( 1 ),
"update": 0,
"values": [ Vector3( 8.23931, -3.76606, -15.9149 ) ]
}

[sub_resource type="ShaderMaterial" id=270]
shader = ExtResource( 13 )
shader_param/subsurface_scattering = -1.0
shader_param/softness = 1.0
shader_param/specularity = 2.876
shader_param/alpha_clip = 0.502
shader_param/main_texture = ExtResource( 14 )

[sub_resource type="Animation" id=271]
resource_name = "Activate"
length = 3.0
tracks/0/type = "value"
tracks/0/path = NodePath("../platform_square:transform")
tracks/0/interp = 2
tracks/0/loop_wrap = true
tracks/0/imported = false
tracks/0/enabled = true
tracks/0/keys = {
"times": PoolRealArray( 0, 1.5, 3 ),
"transitions": PoolRealArray( 1.8025, 0.366022, 1 ),
"update": 0,
"values": [ Transform( 0.959798, 0, -0.280692, 0, 1, 0, 0.280692, 0, 0.959798, 14.9436, -3.26863, -11.0219 ), Transform( 0.959798, 0, -0.280692, 0, 1, 0, 0.280692, 0, 0.959798, 14.9436, -3.0131, -11.0219 ), Transform( 0.959798, 0, -0.280692, 0, 1, 0, 0.280692, 0, 0.959798, 14.9436, -0.71339, -11.0219 ) ]
}
tracks/1/type = "value"
tracks/1/path = NodePath("../platform_square2:transform")
tracks/1/interp = 2
tracks/1/loop_wrap = true
tracks/1/imported = false
tracks/1/enabled = true
tracks/1/keys = {
"times": PoolRealArray( 0, 1.5, 3 ),
"transitions": PoolRealArray( 1.62451, 0.378929, 1 ),
"update": 0,
"values": [ Transform( 0.959798, 0, -0.280692, 0, 1, 0, 0.280692, 0, 0.959798, 14.8988, -2.45384, -10.985 ), Transform( 0.959798, 0, -0.280692, 0, 1, 0, 0.280692, 0, 0.959798, 13.6352, -0.947868, -10.2552 ), Transform( 0.959798, 0, -0.280692, 0, 1, 0, 0.280692, 0, 0.959798, 11.108, 2.06408, -8.79552 ) ]
}
tracks/2/type = "value"
tracks/2/path = NodePath("../platform_square3:transform")
tracks/2/interp = 1
tracks/2/loop_wrap = true
tracks/2/imported = false
tracks/2/enabled = true
tracks/2/keys = {
"times": PoolRealArray( 0, 1.5, 3 ),
"transitions": PoolRealArray( 1.68179, 0.406126, 1 ),
"update": 0,
"values": [ Transform( 0.959798, 0, -0.280692, 0, 1, 0, 0.280692, 0, 0.959798, 14.8988, -1.62129, -10.985 ), Transform( 0.959798, 0, -0.280692, 0, 1, 0, 0.280692, 0, 0.959798, 11.7833, 1.32118, -11.8961 ), Transform( 0.959798, 0, -0.280692, 0, 1, 0, 0.280692, 0, 0.959798, 8.66766, 4.26364, -12.8073 ) ]
}

[sub_resource type="Animation" id=272]
length = 0.001
tracks/0/type = "value"
tracks/0/path = NodePath("../platform_square:transform")
tracks/0/interp = 1
tracks/0/loop_wrap = true
tracks/0/imported = false
tracks/0/enabled = true
tracks/0/keys = {
"times": PoolRealArray( 0 ),
"transitions": PoolRealArray( 1 ),
"update": 0,
"values": [ Transform( 0.959798, 0, -0.280692, 0, 1, 0, 0.280692, 0, 0.959798, 14.9436, -3.26863, -11.0219 ) ]
}
tracks/1/type = "value"
tracks/1/path = NodePath("../platform_square2:transform")
tracks/1/interp = 1
tracks/1/loop_wrap = true
tracks/1/imported = false
tracks/1/enabled = true
tracks/1/keys = {
"times": PoolRealArray( 0 ),
"transitions": PoolRealArray( 1 ),
"update": 0,
"values": [ Transform( 0.959798, 0, -0.280692, 0, 1, 0, 0.280692, 0, 0.959798, 14.8988, -2.45384, -10.985 ) ]
}
tracks/2/type = "value"
tracks/2/path = NodePath("../platform_square3:transform")
tracks/2/interp = 1
tracks/2/loop_wrap = true
tracks/2/imported = false
tracks/2/enabled = true
tracks/2/keys = {
"times": PoolRealArray( 0 ),
"transitions": PoolRealArray( 1 ),
"update": 0,
"values": [ Transform( 0.959798, 0, -0.280692, 0, 1, 0, 0.280692, 0, 0.959798, 14.8988, -1.62129, -10.985 ) ]
}

[sub_resource type="Animation" id=273]
resource_name = "Activate"
length = 7.0
tracks/0/type = "value"
tracks/0/path = NodePath(".:transform")
tracks/0/interp = 1
tracks/0/loop_wrap = true
tracks/0/imported = false
tracks/0/enabled = true
tracks/0/keys = {
"times": PoolRealArray( 0, 1.5, 7 ),
"transitions": PoolRealArray( 0.68302, 1.41421, 1 ),
"update": 0,
"values": [ Transform( 0.978906, -0.204312, 8.93074e-09, 0, -4.37114e-08, -1, 0.204312, 0.978906, -4.27893e-08, 7.91618, 10.5712, -21.8461 ), Transform( 0.964232, 0, -0.265059, 0, 1, 0, 0.265059, 0, 0.964232, 6.13142, 6, -16.8339 ), Transform( 0.870295, 0, -0.49253, 0, 1, 0, 0.49253, 0, 0.870295, -5.12556, 6, 19.0176 ) ]
}

[sub_resource type="Animation" id=274]
length = 0.001
tracks/0/type = "value"
tracks/0/path = NodePath(".:transform")
tracks/0/interp = 1
tracks/0/loop_wrap = true
tracks/0/imported = false
tracks/0/enabled = true
tracks/0/keys = {
"times": PoolRealArray( 0 ),
"transitions": PoolRealArray( 1 ),
"update": 0,
"values": [ Transform( 0.978906, -0.204312, 8.93074e-09, 0, -4.37114e-08, -1, 0.204312, 0.978906, -4.27893e-08, 7.91618, 10.5712, -21.8461 ) ]
}

[sub_resource type="Animation" id=275]
resource_name = "Activate"
length = 3.0
tracks/0/type = "value"
tracks/0/path = NodePath(".:transform")
tracks/0/interp = 1
tracks/0/loop_wrap = true
tracks/0/imported = false
tracks/0/enabled = true
tracks/0/keys = {
"times": PoolRealArray( 0, 1, 3 ),
"transitions": PoolRealArray( 1, 1, 1 ),
"update": 0,
"values": [ Transform( 0.868925, 0.494943, 2.16347e-08, 0, -4.37114e-08, 1, 0.494943, -0.868925, -3.79819e-08, -23.7753, 7.71275, 0.0463238 ), Transform( 0.868925, 0.494943, 2.16347e-08, 0, -4.37114e-08, 1, 0.494943, -0.868925, -3.79819e-08, -19.6069, 7.71275, 2.42067 ), Transform( 0.868925, -1.96306e-15, -0.494943, 0, 1, -3.96624e-15, 0.494943, 3.44636e-15, 0.868925, -19.9421, 7.71275, 10.8833 ) ]
}

[sub_resource type="Animation" id=276]
length = 0.001
tracks/0/type = "value"
tracks/0/path = NodePath(".:transform")
tracks/0/interp = 1
tracks/0/loop_wrap = true
tracks/0/imported = false
tracks/0/enabled = true
tracks/0/keys = {
"times": PoolRealArray( 0 ),
"transitions": PoolRealArray( 1 ),
"update": 0,
"values": [ Transform( 0.868925, 0.494943, 2.16347e-08, 0, -4.37114e-08, 1, 0.494943, -0.868925, -3.79819e-08, -23.7753, 7.71275, 0.0463238 ) ]
}

[sub_resource type="Animation" id=277]
resource_name = "Activate"
length = 2.0
tracks/0/type = "value"
tracks/0/path = NodePath("../platform_square6:transform")
tracks/0/interp = 1
tracks/0/loop_wrap = true
tracks/0/imported = false
tracks/0/enabled = true
tracks/0/keys = {
"times": PoolRealArray( 0, 2 ),
"transitions": PoolRealArray( 1, 1 ),
"update": 0,
"values": [ Transform( 0, 0.810809, -0.585311, -1, 0, 0, 0, 0.585311, 0.810809, 6.0159, 12, 16.1263 ), Transform( 0.810809, 2.02305e-08, -0.585311, -2.98023e-08, 1, -6.72036e-09, 0.585311, 2.28926e-08, 0.810809, 9.66218, 7.5, 18.7585 ) ]
}
tracks/1/type = "value"
tracks/1/path = NodePath("../platform_square7:transform")
tracks/1/interp = 1
tracks/1/loop_wrap = true
tracks/1/imported = false
tracks/1/enabled = true
tracks/1/keys = {
"times": PoolRealArray( 0, 2 ),
"transitions": PoolRealArray( 1, 1 ),
"update": 0,
"values": [ Transform( 0.73355, 0, -0.679635, 0, 1, 0, 0.679635, 0, 0.73355, 16.2076, 6.5, 11.9599 ), Transform( 0, -0.73355, -0.679635, 1, 0, 0, 0, -0.679635, 0.73355, 19.2522, 12, 14.7807 ) ]
}
tracks/2/type = "value"
tracks/2/path = NodePath("../platform_square8:transform")
tracks/2/interp = 1
tracks/2/loop_wrap = true
tracks/2/imported = false
tracks/2/enabled = true
tracks/2/keys = {
"times": PoolRealArray( 0, 2 ),
"transitions": PoolRealArray( 1, 1 ),
"update": 0,
"values": [ Transform( -3.56523e-08, -0.738766, -0.673962, 1, -4.37114e-08, -4.98509e-09, -2.5777e-08, -0.673962, 0.738766, 28.4248, 12, 4.83408 ), Transform( 0.738766, -3.35976e-09, -0.673962, 0, 1, -4.98509e-09, 0.673962, 3.68282e-09, 0.738766, 26.122, 7.5, 2.73321 ) ]
}

[sub_resource type="Animation" id=278]
length = 0.001
tracks/0/type = "value"
tracks/0/path = NodePath("../platform_square6:transform")
tracks/0/interp = 1
tracks/0/loop_wrap = true
tracks/0/imported = false
tracks/0/enabled = true
tracks/0/keys = {
"times": PoolRealArray( 0 ),
"transitions": PoolRealArray( 1 ),
"update": 0,
"values": [ Transform( 0, 0.810809, -0.585311, -1, 0, 0, 0, 0.585311, 0.810809, 6.0159, 12, 16.1263 ) ]
}
tracks/1/type = "value"
tracks/1/path = NodePath("../platform_square7:transform")
tracks/1/interp = 1
tracks/1/loop_wrap = true
tracks/1/imported = false
tracks/1/enabled = true
tracks/1/keys = {
"times": PoolRealArray( 0 ),
"transitions": PoolRealArray( 1 ),
"update": 0,
"values": [ Transform( 0.73355, 0, -0.679635, 0, 1, 0, 0.679635, 0, 0.73355, 16.2076, 6.5, 11.9599 ) ]
}
tracks/2/type = "value"
tracks/2/path = NodePath("../platform_square8:transform")
tracks/2/interp = 1
tracks/2/loop_wrap = true
tracks/2/imported = false
tracks/2/enabled = true
tracks/2/keys = {
"times": PoolRealArray( 0 ),
"transitions": PoolRealArray( 1 ),
"update": 0,
"values": [ Transform( -3.56523e-08, -0.738766, -0.673962, 1, -4.37114e-08, -4.98509e-09, -2.5777e-08, -0.673962, 0.738766, 28.4248, 12, 4.83408 ) ]
}

[sub_resource type="Animation" id=279]
resource_name = "Activate"
length = 4.35
tracks/0/type = "value"
tracks/0/path = NodePath("../../platform_square:transform")
tracks/0/interp = 1
tracks/0/loop_wrap = true
tracks/0/imported = false
tracks/0/enabled = true
tracks/0/keys = {
"times": PoolRealArray( 0.1, 1.6, 4.1 ),
"transitions": PoolRealArray( 0.517633, 1, 1 ),
"update": 0,
"values": [ Transform( 0.99896, 0.0456095, -1.99365e-09, 0, -4.37114e-08, -1, -0.0456095, 0.99896, -4.36659e-08, 11.7135, 4.9623, 12.4686 ), Transform( 0.99896, 0.0456096, -5.58793e-09, -1.86265e-09, -1.19209e-07, -1, -0.0456095, 0.99896, -1.19209e-07, 11.7135, 13.9623, 12.4686 ), Transform( 0.99896, 0, 0.045609, 0, 1, 0, -0.04561, 0, 0.99896, 17.0076, 16, 4.39854 ) ]
}
tracks/1/type = "value"
tracks/1/path = NodePath("../../platform_square2:transform")
tracks/1/interp = 1
tracks/1/loop_wrap = true
tracks/1/imported = false
tracks/1/enabled = true
tracks/1/keys = {
"times": PoolRealArray( 0.1, 1.6, 4.1 ),
"transitions": PoolRealArray( 0.517633, 1, 1 ),
"update": 0,
"values": [ Transform( 0.99896, 0.0456095, -1.99365e-09, 0, -4.37114e-08, -1, -0.0456095, 0.99896, -4.36659e-08, 11.7622, 4.9623, 13.5337 ), Transform( 0.998961, 0.0456094, -3.72529e-09, 0, -1.19209e-07, -1, -0.0456095, 0.99896, -1.19209e-07, 11.7622, 13.9623, 13.5337 ), Transform( 0.99896, 0, -0.04561, 0, -1, 0, -0.04561, 0, -0.99896, 17.4983, 16, 14.1547 ) ]
}
tracks/2/type = "value"
tracks/2/path = NodePath("../../platform_square3:transform")
tracks/2/interp = 1
tracks/2/loop_wrap = true
tracks/2/imported = false
tracks/2/enabled = true
tracks/2/keys = {
"times": PoolRealArray( 0.1, 1.6, 4.1 ),
"transitions": PoolRealArray( 0.517633, 1, 1 ),
"update": 0,
"values": [ Transform( 0.99869, 0.0511909, -2.23762e-09, 0, -4.37114e-08, -1, -0.0511908, 0.99869, -4.36541e-08, 1.33593, 4.9623, 13.1182 ), Transform( 0.99869, 0.0511908, -1.30385e-08, 1.86265e-09, -2.38419e-07, -1, -0.0511909, 0.99869, -2.38419e-07, 1.33592, 13.9623, 13.1182 ), Transform( 0.99869, 0, 0.051191, 0, 1, 0, -0.051191, 0, 0.998689, -4.26374, 16, 5.61035 ) ]
}
tracks/3/type = "value"
tracks/3/path = NodePath("../../platform_square5:transform")
tracks/3/interp = 1
tracks/3/loop_wrap = true
tracks/3/imported = false
tracks/3/enabled = true
tracks/3/keys = {
"times": PoolRealArray( 0, 3, 4.2 ),
"transitions": PoolRealArray( 2.21914, 0.659753, 1 ),
"update": 0,
"values": [ Transform( 0.99869, -1.82093e-15, 0.0511909, -1.05879e-22, 1, 3.55715e-14, -0.0511908, -3.55249e-14, 0.99869, 1.74569, 24.7531, 9.34482 ), Transform( -1.19209e-07, 0.998691, 0.0511908, -1, -1.19209e-07, -1.86265e-09, 1.86265e-09, -0.0511908, 0.99869, 5.76553, 14.3461, 13.5132 ), Transform( -4.36542e-08, 0.99869, 0.0511908, -1, -4.37114e-08, 3.57936e-14, 2.23766e-09, -0.0511908, 0.99869, 5.76553, 9.34613, 13.5132 ) ]
}
tracks/4/type = "value"
tracks/4/path = NodePath("../../platform_square6:transform")
tracks/4/interp = 1
tracks/4/loop_wrap = true
tracks/4/imported = false
tracks/4/enabled = true
tracks/4/keys = {
"times": PoolRealArray( 0, 3, 4.2 ),
"transitions": PoolRealArray( 2.21914, 0.659753, 1 ),
"update": 0,
"values": [ Transform( 0.99869, -1.82093e-15, 0.0511908, 0, 1, 3.55715e-14, -0.0511908, -3.55249e-14, 0.99869, 10.486, 24.7531, 8.89681 ), Transform( -1.19209e-07, -0.99869, 0.0511908, 1, -1.19209e-07, -1.86265e-09, 5.58795e-09, 0.0511908, 0.99869, 6.58028, 14.3334, 13.495 ), Transform( -4.36542e-08, -0.99869, 0.0511908, 1, -4.37114e-08, 3.56307e-14, 2.23758e-09, 0.0511908, 0.99869, 6.58028, 9.3334, 13.495 ) ]
}
tracks/5/type = "value"
tracks/5/path = NodePath("../../platform_square4:transform")
tracks/5/interp = 1
tracks/5/loop_wrap = true
tracks/5/imported = false
tracks/5/enabled = true
tracks/5/keys = {
"times": PoolRealArray( 0.1, 1.6, 4.1 ),
"transitions": PoolRealArray( 0.517633, 1, 1 ),
"update": 0,
"values": [ Transform( 0.99869, 0.0511908, -2.23762e-09, 0, -4.37114e-08, -1, -0.0511909, 0.99869, -4.36541e-08, 1.39051, 4.9623, 14.183 ), Transform( 0.99869, 0.0511909, -9.31322e-09, 3.72529e-09, -2.38419e-07, -1, -0.0511909, 0.99869, -2.38419e-07, 1.39051, 13.9623, 14.183 ), Transform( 0.99869, -9.17835e-08, -0.051191, -8.74229e-08, -1, 8.74228e-08, -0.0511911, -8.2833e-08, -0.998689, -3.55175, 16, 15.4376 ) ]
}
tracks/6/type = "value"
tracks/6/path = NodePath("../../platform_square7:transform")
tracks/6/interp = 1
tracks/6/loop_wrap = true
tracks/6/imported = false
tracks/6/enabled = true
tracks/6/keys = {
"times": PoolRealArray( 0.1, 3, 4.3 ),
"transitions": PoolRealArray( 0.378929, 1, 1 ),
"update": 0,
"values": [ Transform( 0.0511908, 0.99869, 4.36541e-08, 0, -4.37114e-08, 1, 0.998691, -0.0511908, -2.23762e-09, 5.14307, 8.68658, 1.73327 ), Transform( 0.0511907, 0.99869, 2.68221e-07, 2.98024e-08, -2.38419e-07, 1, 0.998691, -0.0511906, 0, 5.14307, 26.1085, 1.73327 ), Transform( 0.0511908, -2.48493e-14, -0.99869, 0, 1, -2.48819e-14, 0.998691, 1.27372e-15, 0.0511907, 0.463638, 27.756, 1.97312 ) ]
}
tracks/7/type = "value"
tracks/7/path = NodePath("../../platform_square8:transform")
tracks/7/interp = 1
tracks/7/loop_wrap = true
tracks/7/imported = false
tracks/7/enabled = true
tracks/7/keys = {
"times": PoolRealArray( 0.1, 3, 4.3 ),
"transitions": PoolRealArray( 0.378929, 1, 1 ),
"update": 0,
"values": [ Transform( -0.051191, -0.998691, -4.36541e-08, 0, -4.37114e-08, 1, -0.998691, 0.0511908, 2.23762e-09, 5.99915, 8.68658, 1.70702 ), Transform( -0.051191, -0.998691, -5.96047e-08, 5.96048e-08, -1.1921e-07, 1, -0.998692, 0.0511909, 0, 5.99915, 26.1085, 1.70702 ), Transform( -0.0511911, 3.90797e-14, 0.99869, 0, 1, -3.91309e-14, -0.998692, -2.00315e-15, -0.0511909, 10.7917, 27.756, 1.46136 ) ]
}

[sub_resource type="Animation" id=280]
length = 0.001
tracks/0/type = "value"
tracks/0/path = NodePath("../../platform_square:transform")
tracks/0/interp = 1
tracks/0/loop_wrap = true
tracks/0/imported = false
tracks/0/enabled = true
tracks/0/keys = {
"times": PoolRealArray( 0 ),
"transitions": PoolRealArray( 1 ),
"update": 0,
"values": [ Transform( 0.99896, 0.0456095, -1.99365e-09, 0, -4.37114e-08, -1, -0.0456095, 0.99896, -4.36659e-08, 11.7135, 4.9623, 12.4686 ) ]
}
tracks/1/type = "value"
tracks/1/path = NodePath("../../platform_square2:transform")
tracks/1/interp = 1
tracks/1/loop_wrap = true
tracks/1/imported = false
tracks/1/enabled = true
tracks/1/keys = {
"times": PoolRealArray( 0 ),
"transitions": PoolRealArray( 1 ),
"update": 0,
"values": [ Transform( 0.99896, 0.0456095, -1.99365e-09, 0, -4.37114e-08, -1, -0.0456095, 0.99896, -4.36659e-08, 11.7622, 4.9623, 13.5337 ) ]
}
tracks/2/type = "value"
tracks/2/path = NodePath("../../platform_square3:transform")
tracks/2/interp = 1
tracks/2/loop_wrap = true
tracks/2/imported = false
tracks/2/enabled = true
tracks/2/keys = {
"times": PoolRealArray( 0 ),
"transitions": PoolRealArray( 1 ),
"update": 0,
"values": [ Transform( 0.99869, 0.0511909, -2.23762e-09, 0, -4.37114e-08, -1, -0.0511908, 0.99869, -4.36541e-08, 1.33593, 4.9623, 13.1182 ) ]
}
tracks/3/type = "value"
tracks/3/path = NodePath("../../platform_square5:transform")
tracks/3/interp = 1
tracks/3/loop_wrap = true
tracks/3/imported = false
tracks/3/enabled = true
tracks/3/keys = {
"times": PoolRealArray( 0 ),
"transitions": PoolRealArray( 1 ),
"update": 0,
"values": [ Transform( 0.99869, -1.82094e-15, 0.0511908, 0, 1, 3.55715e-14, -0.0511909, -3.55249e-14, 0.99869, 1.53834, 24.7531, 7.1401 ) ]
}
tracks/4/type = "value"
tracks/4/path = NodePath("../../platform_square6:transform")
tracks/4/interp = 1
tracks/4/loop_wrap = true
tracks/4/imported = false
tracks/4/enabled = true
tracks/4/keys = {
"times": PoolRealArray( 0 ),
"transitions": PoolRealArray( 1 ),
"update": 0,
"values": [ Transform( 0.99869, -1.82094e-15, 0.0511908, 0, 1, 3.55715e-14, -0.0511908, -3.55249e-14, 0.99869, 10.2787, 24.7531, 6.69209 ) ]
}
tracks/5/type = "value"
tracks/5/path = NodePath("../../platform_square4:transform")
tracks/5/interp = 1
tracks/5/loop_wrap = true
tracks/5/imported = false
tracks/5/enabled = true
tracks/5/keys = {
"times": PoolRealArray( 0 ),
"transitions": PoolRealArray( 1 ),
"update": 0,
"values": [ Transform( 0.99869, 0.0511908, -2.23762e-09, 0, -4.37114e-08, -1, -0.0511909, 0.99869, -4.36541e-08, 1.39051, 4.9623, 14.183 ) ]
}
tracks/6/type = "value"
tracks/6/path = NodePath("../../platform_square7:transform")
tracks/6/interp = 1
tracks/6/loop_wrap = true
tracks/6/imported = false
tracks/6/enabled = true
tracks/6/keys = {
"times": PoolRealArray( 0 ),
"transitions": PoolRealArray( 1 ),
"update": 0,
"values": [ Transform( 0.0511908, 0.99869, 4.36541e-08, 0, -4.37114e-08, 1, 0.998691, -0.0511908, -2.23762e-09, 5.14307, 8.68658, 1.73327 ) ]
}
tracks/7/type = "value"
tracks/7/path = NodePath("../../platform_square8:transform")
tracks/7/interp = 1
tracks/7/loop_wrap = true
tracks/7/imported = false
tracks/7/enabled = true
tracks/7/keys = {
"times": PoolRealArray( 0 ),
"transitions": PoolRealArray( 1 ),
"update": 0,
"values": [ Transform( -0.051191, -0.998691, -4.36541e-08, 0, -4.37114e-08, 1, -0.998691, 0.0511908, 2.23762e-09, 5.99915, 8.68658, 1.70702 ) ]
}

[node name="chunk113" instance=ExtResource( 2 )]
script = ExtResource( 3 )

[node name="tower" parent="." index="0"]
material/0 = ExtResource( 21 )
material/1 = ExtResource( 1 )

[node name="entry" parent="tower" index="0"]
material/0 = ExtResource( 21 )
material/1 = ExtResource( 1 )

[node name="StaticBody" parent="tower/entry" index="0"]
collision_layer = 257

[node name="interior" parent="tower" index="1"]
material/0 = ExtResource( 21 )

[node name="StaticBody" parent="tower/interior" index="0"]
collision_layer = 257

[node name="StaticBody" parent="tower" index="2"]
collision_layer = 257

[node name="palace1" parent="." index="1" instance=ExtResource( 4 )]
transform = Transform( -0.133093, 0.920271, 0.367951, 0.948155, 0.0101213, 0.317647, 0.288597, 0.391151, -0.873906, 154.628, 39.2251, -4.12603 )

[node name="active_entities" type="MultiMeshSystem" parent="." index="2"]

[node name="tower_exterior" type="Spatial" parent="active_entities" index="0"]
transform = Transform( 1, 0, 0, 0, 1, 0, 0, 0, 1, 153.945, 42.3289, 3.38622 )

[node name="npc_riley" parent="active_entities/tower_exterior" index="0" instance=ExtResource( 16 )]
transform = Transform( -0.649633, 0, 0.760248, 0, 1, 0, -0.760248, 0, -0.649633, 7.5025, -3.44859, -5.23253 )
custom_entry = "_entry113"
only_if_saved = false
delete_if_saved = false
enemies = [ NodePath("../deathgnat"), NodePath("../deathgnat2"), NodePath("../deathgnat3") ]

[node name="deathgnat" parent="active_entities/tower_exterior" index="1" instance=ExtResource( 5 )]
transform = Transform( 1, 0, 0, 0, 1, 0, 0, 0, 1, -11.3525, 4.78192, -20.2416 )
respawns = false
reset_on_player_death = true

[node name="deathgnat2" parent="active_entities/tower_exterior" index="2" instance=ExtResource( 5 )]
transform = Transform( 0.754065, 0, 0.656799, 0, 1, 0, -0.656799, 0, 0.754065, -24.4085, 13.7023, -20.9225 )
respawns = false
reset_on_player_death = true

[node name="deathgnat3" parent="active_entities/tower_exterior" index="3" instance=ExtResource( 5 )]
transform = Transform( 0.226601, 0, 0.973988, 0, 1, 0, -0.973988, 0, 0.226601, -38.8045, 13.7023, -14.6903 )
respawns = false
reset_on_player_death = true

[node name="target_flower" parent="active_entities/tower_exterior" index="4" instance=ExtResource( 6 )]
transform = Transform( 1, 0, 0, 0, 1, 0, 0, 0, 1, -26.4245, 14.3093, 12.3246 )
open = false

[node name="target_flower2" parent="active_entities/tower_exterior" index="5" instance=ExtResource( 6 )]
transform = Transform( 1, 0, 0, 0, 1, 0, 0, 0, 1, -20.9585, 11.703, 11.0708 )
open = false

[node name="target_flower3" parent="active_entities/tower_exterior" index="6" instance=ExtResource( 6 )]
transform = Transform( 1, 0, 0, 0, 1, 0, 0, 0, 1, -14.5205, 10.463, 6.45092 )
open = false

[node name="target_flower4" parent="active_entities/tower_exterior" index="7" instance=ExtResource( 6 )]
transform = Transform( 1, 0, 0, 0, 1, 0, 0, 0, 1, -8.1785, 8.99361, 1.92514 )
open = false

[node name="env_tower" type="Spatial" parent="active_entities" index="1"]

[node name="ext1" type="ReflectionProbe" parent="active_entities/env_tower" index="0"]
transform = Transform( 0.956115, 0, -0.292991, 0, 1, 0, 0.292991, 0, 0.956115, 106.688, 62.4763, 9.77894 )
extents = Vector3( 4.40371, 3.29186, 3.14943 )
origin_offset = Vector3( 0.0786133, 0, 0 )

[node name="ext2" type="ReflectionProbe" parent="active_entities/env_tower" index="1"]
transform = Transform( 0.956115, 0, -0.292991, 0, 1, 0, 0.292991, 0, 0.956115, 105.294, 56.3255, 14.326 )
extents = Vector3( 4.40371, 7.89883, 3.14943 )
origin_offset = Vector3( 0.0786133, 0, 0 )
interior_enable = true
interior_ambient_color = Color( 0.133333, 0.180392, 0.180392, 1 )

[node name="int1" type="ReflectionProbe" parent="active_entities/env_tower" index="2"]
transform = Transform( 1, 0, 0, 0, 1, 0, 0, 0, 1, 74.8738, 44.2597, 25.2743 )
max_distance = 68.5
extents = Vector3( 54.3558, 15.7167, 42.7955 )
origin_offset = Vector3( 0, 8.50195, -1.05664 )
interior_enable = true
interior_ambient_color = Color( 0.133333, 0.180392, 0.180392, 1 )

[node name="int2" type="ReflectionProbe" parent="active_entities/env_tower" index="3"]
transform = Transform( 1, 0, 0, 0, 1, 0, 0, 0, 1, 74.8738, 69.3171, 25.2743 )
extents = Vector3( 54.3558, 10.5403, 42.7955 )
interior_enable = true
interior_ambient_color = Color( 0.286275, 0.188235, 0.188235, 1 )

[node name="int3" type="ReflectionProbe" parent="active_entities/env_tower" index="4"]
transform = Transform( 1, 0, 0, 0, 1, 0, 0, 0, 1, 74.8738, 103.888, 25.2743 )
extents = Vector3( 54.3558, 24.5285, 42.7955 )
interior_enable = true
interior_ambient_color = Color( 0.439216, 0.443137, 0.317647, 1 )

[node name="OmniLight" type="OmniLight" parent="active_entities/env_tower" index="5"]
transform = Transform( 1, 0, 0, 0, 1, 0, 0, 0, 1, 95.957, 70.6531, 23.4169 )
light_color = Color( 0.592157, 0.819608, 0.776471, 1 )
omni_range = 110.862
omni_attenuation = 3.86374

[node name="OmniLight2" type="OmniLight" parent="active_entities/env_tower" index="6"]
transform = Transform( 1, 0, 0, 0, 1, 0, 0, 0, 1, 62.5489, 158.211, 33.8862 )
light_color = Color( 0.592157, 0.819608, 0.776471, 1 )
omni_range = 110.862

[node name="tower_interior1" type="Spatial" parent="active_entities" index="2"]
transform = Transform( 1, 0, 0, 0, 1, 0, 0, 0, 1, 74.8738, 44.2597, 25.2743 )

[node name="random_ammo_pickup" parent="active_entities/tower_interior1" index="0" instance=ExtResource( 8 )]
transform = Transform( 1, 0, 0, 0, 1, 0, 0, 0, 1, 31.0014, -3.52607, -7.14231 )
generate_on_ready = true
regenerate_on_death = true

[node name="random_ammo_pickup2" parent="active_entities/tower_interior1" index="1" instance=ExtResource( 8 )]
transform = Transform( 1, 0, 0, 0, 1, 0, 0, 0, 1, 31.4756, -3.52607, -6.57255 )
generate_on_ready = true
regenerate_on_death = true

[node name="random_ammo_pickup3" parent="active_entities/tower_interior1" index="2" instance=ExtResource( 8 )]
transform = Transform( 1, 0, 0, 0, 1, 0, 0, 0, 1, 31.7641, -3.52607, -5.86731 )
generate_on_ready = true
regenerate_on_death = true

[node name="platform_square" parent="active_entities/tower_interior1" index="3" instance=ExtResource( 23 )]
transform = Transform( 0.674898, -0.737911, -3.22551e-08, 0, -4.37114e-08, 1, -0.737911, -0.674898, -2.95007e-08, 24.7711, 7.09093, 9.14988 )

[node name="platform_square2" parent="active_entities/tower_interior1" index="4" instance=ExtResource( 23 )]
transform = Transform( 0.674898, -0.737911, -3.22551e-08, 0, -4.37114e-08, 1, -0.737911, -0.674898, -2.95007e-08, 21.8865, 7.09093, 12.3038 )

[node name="platform_square3" parent="active_entities/tower_interior1" index="5" instance=ExtResource( 23 )]
transform = Transform( 0.674898, -0.737911, -3.22551e-08, 0, -4.37114e-08, 1, -0.737911, -0.674898, -2.95007e-08, 18.9046, 7.09093, 15.5641 )

[node name="platform_square4" parent="active_entities/tower_interior1" index="6" instance=ExtResource( 23 )]
transform = Transform( 0.674898, -0.737911, -3.22551e-08, 0, -4.37114e-08, 1, -0.737911, -0.674898, -2.95007e-08, 15.7408, 7.09093, 19.0234 )

[node name="door1" type="AnimationPlayer" parent="active_entities/tower_interior1" index="7"]
playback_process_mode = 0
anims/Activate = SubResource( 1 )
anims/RESET = SubResource( 2 )
script = ExtResource( 28 )

[node name="dswitch_a1" parent="active_entities/tower_interior1" index="8" instance=ExtResource( 29 )]
transform = Transform( 0.776006, 0, -0.630725, 0, 1, 0, 0.630725, 0, 0.776006, 20.5382, 3.7247, 2.2416 )
reset_upon_death = true

[node name="CSGBox" type="CSGBox" parent="active_entities/tower_interior1" index="9"]
transform = Transform( 0.960828, 0, -0.277144, 0, 1, 0, 0.277144, 0, 0.960828, 30.6983, 3.49522, -7.60861 )
use_collision = true
collision_layer = 257
width = 17.1985
height = 16.3509
depth = 27.9827
material = ExtResource( 21 )

[node name="CSGBox2" type="CSGBox" parent="active_entities/tower_interior1/CSGBox" index="0"]
transform = Transform( 1, 0, 0, 0, 1, 0, 0, 0, 1, 0, -4.18528, 0 )
operation = 2
use_collision = true
width = 10.1047
height = 7.14149
depth = 14.4775
material = ExtResource( 21 )

[node name="CSGBox6" type="CSGBox" parent="active_entities/tower_interior1/CSGBox" index="1"]
transform = Transform( 1, 0, 0, 0, 1, 0, 0, 0, 1, 0, 5.14579, 0 )
operation = 2
use_collision = true
width = 23.914
height = 9.94544
depth = 32.2503
material = ExtResource( 21 )

[node name="CSGBox5" type="CSGBox" parent="active_entities/tower_interior1/CSGBox" index="2"]
transform = Transform( 1, 0, 0, 0, 1, 0, 0, 0, 1, -2.42805, -1.60028, 9.66624 )
operation = 2
use_collision = true
width = 3.75789
height = 21.8711
depth = 7.62818
material = ExtResource( 21 )

[node name="CSGBox4" type="CSGBox" parent="active_entities/tower_interior1/CSGBox" index="3"]
transform = Transform( 0.0639004, 0, -0.997957, 0, 1, 0, 0.997957, 0, 0.0639004, -0.00917053, -1.60028, -12.2636 )
operation = 2
use_collision = true
width = 10.1047
height = 20.4429
depth = 19.8227
material = ExtResource( 21 )

[node name="CSGBox3" type="CSGBox" parent="active_entities/tower_interior1/CSGBox" index="4"]
transform = Transform( 0.989602, 0, 0.143832, 0, 1, 0, -0.143832, 0, 0.989602, -1.01767, 1.26187, -2.36964 )
operation = 2
use_collision = true
width = 2.4918
height = 14.8082
depth = 2.90095
material = ExtResource( 21 )

[node name="fountainA_large" parent="active_entities/tower_interior1" index="10" instance=ExtResource( 10 )]
transform = Transform( 1, 0, 0, 0, 1, 0, 0, 0, 1, 29.8388, -4.15047, -5.4919 )

[node name="fountainA_large2" parent="active_entities/tower_interior1" index="11" instance=ExtResource( 10 )]
transform = Transform( 1, 0, 0, 0, 1, 0, 0, 0, 1, 1.31799, 6.93367, 29.5741 )

