[gd_scene load_steps=100 format=2]

[ext_resource path="res://entities/env/copper/palace1.tscn" type="PackedScene" id=1]
[ext_resource path="res://areas/chunk_content.gd" type="Script" id=2]
[ext_resource path="res://_glb/chunks/chunk124.glb" type="PackedScene" id=3]
[ext_resource path="res://entities/env/stone/hut.tscn" type="PackedScene" id=4]
[ext_resource path="res://entities/wardrobe.tscn" type="PackedScene" id=5]
[ext_resource path="res://entities/dialog_trigger.gd" type="Script" id=6]
[ext_resource path="res://dialog/main/medium.dialog" type="Resource" id=7]
[ext_resource path="res://dialog/main/mum.dialog" type="Resource" id=8]
[ext_resource path="res://entities/control/power_thing.tscn" type="PackedScene" id=9]
[ext_resource path="res://_glb/chunks/mat_basic.material" type="Material" id=10]
[ext_resource path="res://entities/control/door.gd" type="Script" id=11]
[ext_resource path="res://items/capacitor_pickup.tscn" type="PackedScene" id=12]
[ext_resource path="res://management/player_start.gd" type="Script" id=13]
[ext_resource path="res://items/bug_pickup.tscn" type="PackedScene" id=14]
[ext_resource path="res://entities/env/stone/rock1.tscn" type="PackedScene" id=15]
[ext_resource path="res://entities/one_time/the_medium.gd" type="Script" id=16]
[ext_resource path="res://items/coat_pickup.tscn" type="PackedScene" id=17]
[ext_resource path="res://entities/npc/npc.tscn" type="PackedScene" id=18]
[ext_resource path="res://entities/enemies/deathgnat.tscn" type="PackedScene" id=19]
[ext_resource path="res://items/gem_pickup.tscn" type="PackedScene" id=20]
[ext_resource path="res://dialog/intro/landlord.dialog" type="Resource" id=21]
[ext_resource path="res://entities/npc/npc_armstrong.gd" type="Script" id=22]
[ext_resource path="res://entities/enemies/crawly.tscn" type="PackedScene" id=23]
[ext_resource path="res://entities/env/stone/rock2.tscn" type="PackedScene" id=24]
[ext_resource path="res://material/env/copper/copper_corroded.material" type="Material" id=25]
[ext_resource path="res://material/env/metal/chainlink1.png" type="Texture" id=26]
[ext_resource path="res://entities/env/copper/scrap1.tscn" type="PackedScene" id=27]
[ext_resource path="res://entities/env/copper/palace2.tscn" type="PackedScene" id=28]
[ext_resource path="res://entities/env/copper/scrap2.tscn" type="PackedScene" id=29]
[ext_resource path="res://entities/env/copper/palace_roof1.tscn" type="PackedScene" id=30]
[ext_resource path="res://entities/env/stone/pillar.tscn" type="PackedScene" id=31]
[ext_resource path="res://entities/env/stone/ruin1.tscn" type="PackedScene" id=32]
[ext_resource path="res://entities/env/stone/fountain.tscn" type="PackedScene" id=33]
[ext_resource path="res://items/ammo/pistol_pickup.tscn" type="PackedScene" id=34]
[ext_resource path="res://entities/visual/mum.tscn" type="PackedScene" id=35]
[ext_resource path="res://ui/diagetic/dialog_circle.tscn" type="PackedScene" id=36]
[ext_resource path="res://entities/env/stone/hut_bath.tscn" type="PackedScene" id=37]
[ext_resource path="res://entities/env/stone/wall1.tscn" type="PackedScene" id=38]
[ext_resource path="res://entities/env/furniture/sofa.tscn" type="PackedScene" id=39]
[ext_resource path="res://entities/env/jackie/tea_table.tscn" type="PackedScene" id=40]
[ext_resource path="res://entities/env/jackie/tea_chair.tscn" type="PackedScene" id=41]
[ext_resource path="res://entities/env/jackie/tea_cup.tscn" type="PackedScene" id=42]
[ext_resource path="res://entities/env/jackie/tea_plate.tscn" type="PackedScene" id=43]
[ext_resource path="res://entities/env/jackie/tea_pot.tscn" type="PackedScene" id=44]
[ext_resource path="res://items/item_pickup.tscn" type="PackedScene" id=45]
[ext_resource path="res://ui/items/vis/mesh_pistol.tscn" type="PackedScene" id=46]
[ext_resource path="res://entities/env/copper/crate1.tscn" type="PackedScene" id=47]
[ext_resource path="res://entities/one_time/target.tscn" type="PackedScene" id=48]
[ext_resource path="res://items/random_ammo_pickup.tscn" type="PackedScene" id=49]
[ext_resource path="res://dialog/intro/armstrong.dialog" type="Resource" id=50]
[ext_resource path="res://entities/control/dswitch.tscn" type="PackedScene" id=51]
[ext_resource path="res://entities/env/stone/rock3.tscn" type="PackedScene" id=52]
[ext_resource path="res://entities/env/copper/rail_cart.tscn" type="PackedScene" id=53]
[ext_resource path="res://tutorial_prompt.gd" type="Script" id=54]
[ext_resource path="res://material/env/transparent.shader" type="Shader" id=55]
[ext_resource path="res://material/env/stone/bricks.material" type="Material" id=56]
[ext_resource path="res://material/triplanar_local_coords.shader" type="Shader" id=57]
[ext_resource path="res://material/env/foundry/metal_generic.png" type="Texture" id=58]
[ext_resource path="res://entities/env/copper/pail.tscn" type="PackedScene" id=59]
[ext_resource path="res://entities/env/furniture/bed_jackie.tscn" type="PackedScene" id=60]
[ext_resource path="res://entities/enemies/doppleganger/doppleganger.tscn" type="PackedScene" id=61]
[ext_resource path="res://dialog/intro/cave.dialog" type="Resource" id=62]
[ext_resource path="res://_glb/npc_clothes/hats_goggles_asym.mesh" type="ArrayMesh" id=63]
[ext_resource path="res://entities/control/trigger_zone.gd" type="Script" id=64]
[ext_resource path="res://entities/env/copper/tower.tscn" type="PackedScene" id=65]
[ext_resource path="res://entities/env/copper/scrap_pile3.tscn" type="PackedScene" id=66]
[ext_resource path="res://entities/env/copper/scrap_pile4.tscn" type="PackedScene" id=67]
[ext_resource path="res://entities/env/copper/scrap_pile1.tscn" type="PackedScene" id=68]
[ext_resource path="res://entities/env/copper/scrap4.tscn" type="PackedScene" id=69]
[ext_resource path="res://entities/env/copper/c_table.tscn" type="PackedScene" id=70]
[ext_resource path="res://entities/env/copper/scrap_pile2.tscn" type="PackedScene" id=71]
[ext_resource path="res://entities/env/ancient/ascrap1.tscn" type="PackedScene" id=72]
[ext_resource path="res://entities/env/ancient/bobble.tscn" type="PackedScene" id=73]
[ext_resource path="res://entities/env/stone/rock_kinematic.tscn" type="PackedScene" id=74]
[ext_resource path="res://management/environment_override.gd" type="Script" id=75]

[sub_resource type="OccluderShapePolygon" id=263]
polygon_points = PoolVector2Array( 141.68, -113.101, 88.7279, 18.4084, -117.586, -18.3186, -109.166, -90.4652, -5.99673, 33.6345 )

[sub_resource type="OccluderShapePolygon" id=266]
polygon_points = PoolVector2Array( 177.138, -444.604, 115.645, -19.5806, -34.3827, 23.4342, -134.662, -86.6232 )

[sub_resource type="OccluderShapePolygon" id=264]
polygon_points = PoolVector2Array( 279.692, -233.021, 235.474, 54.6092, -65.3707, 32.8862, -249.044, -133.066 )

[sub_resource type="Animation" id=260]
resource_name = "Activate"
length = 8.0
tracks/0/type = "value"
tracks/0/path = NodePath(".:translation")
tracks/0/interp = 1
tracks/0/loop_wrap = true
tracks/0/imported = false
tracks/0/enabled = true
tracks/0/keys = {
"times": PoolRealArray( 0, 1, 2, 4, 6, 8 ),
"transitions": PoolRealArray( 1, 1, 1, 1, 1, 1 ),
"update": 0,
"values": [ Vector3( -237.056, -218.035, -83.3147 ), Vector3( -234.07, -211.081, -88.3814 ), Vector3( -232.252, -204.126, -92.9398 ), Vector3( -229.88, -190.218, -98.9951 ), Vector3( -228.676, -176.309, -102.203 ), Vector3( -228.201, -162.4, -103.425 ) ]
}
tracks/1/type = "value"
tracks/1/path = NodePath(".:rotation_degrees")
tracks/1/interp = 1
tracks/1/loop_wrap = true
tracks/1/imported = false
tracks/1/enabled = true
tracks/1/keys = {
"times": PoolRealArray( 0, 1, 2, 4, 6, 8 ),
"transitions": PoolRealArray( 1, 1, 1, 1, 1, 1 ),
"update": 0,
"values": [ Vector3( 0, -122.315, 0 ), Vector3( 0, -117.701, 0 ), Vector3( 0, -115.43, 0 ), Vector3( 0, -111.904, 0 ), Vector3( 0, -116.064, 0 ), Vector3( 0, -120.223, 0 ) ]
}

[sub_resource type="Animation" id=261]
length = 0.001
tracks/0/type = "value"
tracks/0/path = NodePath(".:translation")
tracks/0/interp = 1
tracks/0/loop_wrap = true
tracks/0/imported = false
tracks/0/enabled = true
tracks/0/keys = {
"times": PoolRealArray( 0 ),
"transitions": PoolRealArray( 1 ),
"update": 0,
"values": [ Vector3( -237.056, -218.035, -83.3147 ) ]
}
tracks/1/type = "value"
tracks/1/path = NodePath(".:rotation_degrees")
tracks/1/interp = 1
tracks/1/loop_wrap = true
tracks/1/imported = false
tracks/1/enabled = true
tracks/1/keys = {
"times": PoolRealArray( 0 ),
"transitions": PoolRealArray( 1 ),
"update": 0,
"values": [ Vector3( 0, -122.315, 0 ) ]
}

[sub_resource type="BoxShape" id=262]
extents = Vector3( 9.25974, 2.62014, 2.34377 )

[sub_resource type="BoxShape" id=272]
extents = Vector3( 18.5566, 18.4452, 27.3279 )

[sub_resource type="BoxShape" id=273]
extents = Vector3( 6.1589, 5.35991, 4.74683 )

[sub_resource type="SphereShape" id=274]
radius = 19.9496

[sub_resource type="CubeMesh" id=253]
size = Vector3( 2.5, 2, 2 )

[sub_resource type="BoxShape" id=254]
extents = Vector3( 1.75, 2, 0.5 )

[sub_resource type="Animation" id=255]
resource_name = "Activate"
length = 3.0
tracks/0/type = "value"
tracks/0/path = NodePath(".:translation")
tracks/0/interp = 1
tracks/0/loop_wrap = true
tracks/0/imported = false
tracks/0/enabled = true
tracks/0/keys = {
"times": PoolRealArray( 0, 0.5, 3 ),
"transitions": PoolRealArray( 1, 1, 1 ),
"update": 0,
"values": [ Vector3( 3.21773, 0.0294952, 5.62034 ), Vector3( 3.21773, 0.0294952, 5.23832 ), Vector3( 3.21773, -4.65025, 5.23832 ) ]
}

[sub_resource type="Animation" id=256]
length = 0.01
tracks/0/type = "value"
tracks/0/path = NodePath(".:translation")
tracks/0/interp = 1
tracks/0/loop_wrap = true
tracks/0/imported = false
tracks/0/enabled = true
tracks/0/keys = {
"times": PoolRealArray( 0 ),
"transitions": PoolRealArray( 1 ),
"update": 0,
"values": [ Vector3( 3.21773, 0.0294952, 5.62034 ) ]
}

[sub_resource type="Animation" id=257]
resource_name = "Activate"
length = 3.0
tracks/0/type = "value"
tracks/0/path = NodePath(".:translation")
tracks/0/interp = 1
tracks/0/loop_wrap = true
tracks/0/imported = false
tracks/0/enabled = true
tracks/0/keys = {
"times": PoolRealArray( 0, 0.7, 1.1, 3 ),
"transitions": PoolRealArray( 1, 1, 1, 1 ),
"update": 0,
"values": [ Vector3( 1.24524, -0.359253, -3.03695 ), Vector3( 0.632339, -0.359253, -3.03695 ), Vector3( 0.632339, -0.359253, -3.03695 ), Vector3( 0.632339, -4.70335, -3.03695 ) ]
}

[sub_resource type="Animation" id=258]
length = 0.001
tracks/0/type = "value"
tracks/0/path = NodePath(".:translation")
tracks/0/interp = 1
tracks/0/loop_wrap = true
tracks/0/imported = false
tracks/0/enabled = true
tracks/0/keys = {
"times": PoolRealArray( 0 ),
"transitions": PoolRealArray( 1 ),
"update": 0,
"values": [ Vector3( 1.24524, -0.359253, -3.03695 ) ]
}

[sub_resource type="BoxShape" id=259]
extents = Vector3( 1.24123, 1.82926, 1 )

[sub_resource type="BoxShape" id=250]
extents = Vector3( 2.65809, 1.56186, 1 )

[sub_resource type="CylinderShape" id=251]
radius = 0.574467

[sub_resource type="OccluderShapePolygon" id=268]
polygon_points = PoolVector2Array( 7.84183, -4.42842, 7.83727, 2.81516, -8.08119, 2.20998, -7.9166, -3.8607 )

[sub_resource type="OccluderShapePolygon" id=267]
polygon_points = PoolVector2Array( 7.20355, -8.07906, 7.36118, 7.78926, -8.39911, 7.76288, -8.36946, -8.16253 )

[sub_resource type="OccluderShapePolygon" id=269]
polygon_points = PoolVector2Array( 4.16739, -6.33401, 4.23732, 2.50775, -6.00702, 2.74455, -6.07927, -5.12074 )

[sub_resource type="BoxShape" id=275]
extents = Vector3( 7.78851, 2.11673, 7.30009 )

[sub_resource type="ShaderMaterial" id=270]
shader = ExtResource( 55 )
shader_param/subsurface_scattering = -1.0
shader_param/softness = 1.0
shader_param/specularity = 2.876
shader_param/alpha_clip = 0.502
shader_param/main_texture = ExtResource( 26 )

[sub_resource type="ShaderMaterial" id=271]
shader = ExtResource( 57 )
shader_param/uv_scale = 1.0
shader_param/power = 5.0
shader_param/softness = 0.5
shader_param/specularity = 1.0
shader_param/light_bias = 0.0
shader_param/wall = ExtResource( 58 )
shader_param/ground = ExtResource( 58 )
shader_param/ceiling = ExtResource( 58 )

[node name="chunk124" instance=ExtResource( 3 )]
script = ExtResource( 2 )
lighting_preview = true

[node name="StaticBody" parent="medium" index="0"]
collision_layer = 257

[node name="rail" parent="." index="1"]
material/0 = ExtResource( 25 )

[node name="Occluder" type="Occluder" parent="." index="2"]
transform = Transform( 0.238195, 0.481613, 0.843394, 0, 0.868388, -0.495885, -0.971217, 0.118117, 0.206845, -63.7707, -213.667, -15.64 )
shape = SubResource( 263 )

[node name="Occluder2" type="Occluder" parent="." index="3"]
transform = Transform( -0.547005, 0.481613, 0.684715, 0.403163, 0.868388, -0.288725, -0.733652, 0.118117, -0.669181, -50.1913, -210.602, -93.539 )
shape = SubResource( 266 )

[node name="Occluder4" type="Occluder" parent="." index="4"]
transform = Transform( -0.782128, -0.00255837, -0.623112, 0.0290326, 0.998756, -0.0405424, 0.62244, -0.0497999, -0.781081, 9.98512, -184.615, -197.965 )
shape = SubResource( 264 )

[node name="rail_cart_shortcut" parent="." index="5" instance=ExtResource( 53 )]
transform = Transform( -0.534574, 0, -0.845122, 0, 1, 0, 0.845122, 0, -0.534574, -237.056, -218.035, -83.3147 )

[node name="AnimationPlayer" type="AnimationPlayer" parent="rail_cart_shortcut" index="1"]
playback_process_mode = 0
anims/Activate = SubResource( 260 )
anims/RESET = SubResource( 261 )

[node name="village_area" type="MultiMeshSystem" parent="." index="6"]
transform = Transform( 1, 0, 0, 0, 1, 0, 0, 0, 1, -206.564, -223.545, -11.3175 )

[node name="hut" parent="village_area" index="0" instance=ExtResource( 4 )]
transform = Transform( -0.965926, 0, -0.258819, 0, 1, 0, 0.258819, 0, -0.965926, -13.436, -7.33182, 25.3175 )

[node name="SpotLight" type="SpotLight" parent="village_area/hut" index="0"]
transform = Transform( 1, 1.49012e-08, 1.16415e-10, 0, -0.00618077, 0.999981, 0, -0.999981, -0.00618077, 0, 8.897, -0.0121841 )
light_color = Color( 1, 0.929412, 0.792157, 1 )
spot_range = 6.64951
spot_angle = 67.6998

[node name="player_start" type="Position3D" parent="village_area/hut" index="1"]
transform = Transform( 0.253782, 0, 0.967262, 0, 1, 0, -0.967262, 0, 0.253782, -2.01971, 4.12927, 1.15509 )
script = ExtResource( 13 )

[node name="wardrobe" parent="village_area/hut" index="2" instance=ExtResource( 5 )]
transform = Transform( -0.48664, 0, -0.873603, 0, 1, 0, 0.873603, 0, -0.48664, 2.72159, 4.09042, 1.96338 )

[node name="tea_chair" parent="village_area/hut" index="4" instance=ExtResource( 41 )]
transform = Transform( -0.630621, 0, 0.77609, 0, 1, 0, -0.77609, 0, -0.630621, -0.281479, 4.07346, 0.304508 )

[node name="tea_chair2" parent="village_area/hut" index="5" instance=ExtResource( 41 )]
transform = Transform( 0.630621, 0, -0.77609, 0, 1, 0, 0.77609, 0, 0.630621, 1.23399, 4.07346, -0.920723 )

[node name="tea_table" parent="village_area/hut" index="6" instance=ExtResource( 40 )]
transform = Transform( -0.736737, 0, -0.67618, 0, 1, 0, 0.67618, 0, -0.736737, 0.428391, 4.1067, -0.349312 )

[node name="tea_plate" parent="village_area/hut/tea_table" index="1" instance=ExtResource( 43 )]
transform = Transform( -0.752725, 0, 0.658335, 0, 1, 0, -0.658335, 0, -0.752725, 0.200272, 0.7173, 0.185638 )

[node name="tea_cup" parent="village_area/hut/tea_table/tea_plate" index="1" instance=ExtResource( 42 )]
transform = Transform( -0.898288, 0, -0.439406, 0, 1, 0, 0.439406, 0, -0.898288, 0, 0, -2.86102e-06 )

[node name="tea_plate3" parent="village_area/hut/tea_table" index="2" instance=ExtResource( 43 )]
transform = Transform( 0.988019, 0, -0.154331, 0, 1, 0, 0.154331, 0, 0.988019, -0.0789642, 0.7173, -0.210281 )

[node name="tea_plate2" parent="village_area/hut/tea_table/tea_plate3" index="1" instance=ExtResource( 43 )]
transform = Transform( 0.526689, 0, 0.850058, 0, 1, 0, -0.850058, 0, 0.526689, -0.000518799, 0.00724792, 0.000832558 )

[node name="tea_plate3" parent="village_area/hut/tea_table/tea_plate3" index="2" instance=ExtResource( 43 )]
transform = Transform( 0.998757, 0, -0.0498434, 0, 1, 0, 0.0498434, 0, 0.998757, -0.00050354, 0.0130005, 0.000832558 )

[node name="tea_plate4" parent="village_area/hut/tea_table/tea_plate3" index="3" instance=ExtResource( 43 )]
transform = Transform( -0.472843, 0, 0.881147, 0, 1, 0, -0.881147, 0, -0.472843, -0.00050354, 0.0194702, 0.000832558 )

[node name="tea_cup" parent="village_area/hut/tea_table" index="3" instance=ExtResource( 42 )]
transform = Transform( -0.188804, 0, -0.982015, 0, 1, 0, 0.982015, 0, -0.188804, -0.0802612, 0.738297, -0.20845 )

[node name="tea_cup2" parent="village_area/hut/tea_table/tea_cup" index="1" instance=ExtResource( 42 )]
transform = Transform( 0.332849, -0.0215127, 0.942735, 0.114511, 0.993263, -0.0177644, -0.936001, 0.113867, 0.33307, -0.0015564, 0.0297394, 0.000796318 )

[node name="tea_cup3" parent="village_area/hut/tea_table/tea_cup" index="2" instance=ExtResource( 42 )]
transform = Transform( -0.464726, 0.0377553, -0.884649, 0.0678321, 0.997673, 0.00694525, 0.882853, -0.05678, -0.466205, -0.00157166, 0.0542603, 0.000796318 )

[node name="tea_cup4" parent="village_area/hut/tea_table/tea_cup" index="3" instance=ExtResource( 42 )]
transform = Transform( -0.81751, 0.225887, 0.529767, 0.167394, 0.973355, -0.156715, -0.551051, -0.0394362, -0.833539, -0.00157166, 0.080246, 0.000796318 )

[node name="tea_pot" parent="village_area/hut/tea_table" index="4" instance=ExtResource( 44 )]
transform = Transform( 0.83749, 0, 0.546453, 0, 1, 0, -0.546453, 0, 0.83749, -0.164627, 0.7173, 0.10495 )

[node name="bed_jackie" parent="village_area/hut" index="7" instance=ExtResource( 60 )]
transform = Transform( 0.0551165, 0, -0.998479, 0, 1, 0, 0.998479, 0, 0.0551165, -0.0132141, 4.08292, 3.06611 )

[node name="sofa" parent="village_area/hut" index="8" instance=ExtResource( 39 )]
transform = Transform( 0.400989, 0, -0.916083, 0, 1, 0, 0.916083, 0, 0.400989, -3.68472, 0.936371, 1.14431 )

[node name="rock31" parent="village_area" index="1" instance=ExtResource( 15 )]
transform = Transform( 0.0453978, -0.872481, -0.486535, 0.998969, 0.0396496, 0.0221104, -1.49012e-08, -0.487037, 0.873381, -34.669, -1.35382, -65.5622 )

[node name="wall1" parent="village_area" index="2" instance=ExtResource( 38 )]
transform = Transform( 0.996535, 0, 0.0831735, 0, 1, 0, -0.0831735, 0, 0.996535, -42.491, -7.75381, 34.2805 )

[node name="target" parent="village_area" index="3" instance=ExtResource( 48 )]
transform = Transform( 1, 0, 0, 0, 1, 0, 0, 0, 1, -2.86996, -2.07481, -34.3901 )

[node name="target2" parent="village_area" index="4" instance=ExtResource( 48 )]
transform = Transform( -0.998095, 0, -0.061693, 0, 1, 0, 0.061693, 0, -0.998095, -7.63496, -2.67482, -34.9989 )

[node name="target3" parent="village_area" index="5" instance=ExtResource( 48 )]
transform = Transform( 1, 0, 0, 0, 1, 0, 0, 0, 1, -13.226, -2.57281, -35.1901 )

[node name="rock28" parent="village_area" index="6" instance=ExtResource( 15 )]
transform = Transform( 0.857751, 0.514065, -7.66017e-09, -0.146045, 0.243686, -0.958795, -0.492883, 0.822407, 0.284099, -31.991, 53.9242, -96.1515 )

[node name="rock27" parent="village_area" index="7" instance=ExtResource( 15 )]
transform = Transform( 0.932096, 0, 0.36221, 0, 1, 0, -0.36221, 0, 0.932096, -39.6, 30.8582, -92.4965 )

[node name="rock29" parent="village_area" index="8" instance=ExtResource( 52 )]
transform = Transform( 0.579011, 0, 0.81532, 0, 1, 0, -0.81532, 0, 0.579011, -40.47, 60.6542, -104.883 )

[node name="rock30" parent="village_area" index="9" instance=ExtResource( 15 )]
transform = Transform( 0.107028, -3.72529e-09, -0.994256, 0.381239, 0.923565, 0.0410388, 0.91826, -0.383441, 0.098847, -33.331, 64.9002, -93.3435 )

[node name="pillar6" parent="village_area" index="10" instance=ExtResource( 31 )]
transform = Transform( 0.353297, 0.534468, -0.767806, 0.902932, 0.0198954, 0.429323, 0.244735, -0.844955, -0.475559, -20.655, 68.0152, -94.0185 )

[node name="intro_npc" parent="village_area" index="11" instance=ExtResource( 18 )]
transform = Transform( 0.978946, 0, 0.20412, 0, 1, 0, -0.20412, 0, 0.978946, -18.282, -7.05283, 15.9389 )
dialog = ExtResource( 21 )
visual_name = "Landlord"

[node name="armstrong_npc" parent="village_area" index="12" instance=ExtResource( 18 )]
transform = Transform( 0.897689, 0, -0.440629, 0, 1, 0, 0.440629, 0, 0.897689, -35.223, -5.49382, -28.5292 )
script = ExtResource( 22 )
dialog = ExtResource( 50 )
visual_name = "Armstrong"
friendly_id = "armstrong"
accessory = ExtResource( 63 )
tutorial_node = NodePath("../tutorials")

[node name="bug_pickup" parent="village_area" index="13" instance=ExtResource( 14 )]
transform = Transform( -0.900782, 0, -0.434272, 0, 1, 0, 0.434272, 0, -0.900782, -23.4216, 2.44794, -28.2891 )

[node name="bug_pickup2" parent="village_area" index="14" instance=ExtResource( 14 )]
transform = Transform( -0.780958, -0.198222, 0.592294, -0.246018, 0.969265, -7.22159e-09, -0.57409, -0.145715, -0.805721, -21.0406, 2.02994, -32.1276 )

[node name="bug_pickup3" parent="village_area" index="15" instance=ExtResource( 14 )]
transform = Transform( -0.492792, -0.0352028, 0.869435, -0.0712537, 0.997458, 1.85791e-09, -0.867225, -0.0619505, -0.494048, -25.9836, 3.66493, -30.2599 )

[node name="bug_pickup17" parent="village_area" index="16" instance=ExtResource( 14 )]
transform = Transform( 1, 0, 0, 0, 1, 0, 0, 0, 1, -13.5736, 3.60893, 25.4998 )

[node name="gem_pickup141" parent="village_area" index="17" instance=ExtResource( 20 )]
transform = Transform( 1, 0, 0, 0, 1, 0, 0, 0, 1, -42.4906, 2.03494, 34.8351 )

[node name="gem_pickup142" parent="village_area" index="18" instance=ExtResource( 20 )]
transform = Transform( 1, 0, 0, 0, 1, 0, 0, 0, 1, -43.7436, 2.71394, 31.4261 )

[node name="gem_pickup143" parent="village_area" index="19" instance=ExtResource( 20 )]
transform = Transform( 1, 0, 0, 0, 1, 0, 0, 0, 1, -44.4586, 1.61194, 24.1232 )

[node name="bug_pickup47" parent="village_area" index="20" instance=ExtResource( 14 )]
transform = Transform( 0.512672, 0, -0.858584, 0, 1, 0, 0.858584, 0, 0.512672, -45.2386, -4.93703, 31.9691 )

[node name="dswitch_shortcut" parent="village_area" index="21" instance=ExtResource( 51 )]
transform = Transform( -0.993989, -0.109477, -1.73974e-08, 0.0125339, -0.113801, 0.993424, -0.108757, 0.987453, 0.114489, -40.69, 29.7302, -88.512 )
time_deactivate = 11.0

[node name="tutorials" type="Spatial" parent="village_area" index="22"]
transform = Transform( 1, 0, 0, 0, 1, 0, 0, 0, 1, -11.21, -5.72682, -24.4024 )

[node name="pistol" type="Spatial" parent="village_area/tutorials" index="0"]

[node name="ref_armstrong" type="Spatial" parent="village_area/tutorials/pistol" index="0"]
transform = Transform( 0.0630866, 0, -0.998008, 0, 1, 0, 0.998008, 0, 0.0630866, 12.1386, 0.644897, 1.34521 )

[node name="ref_player" type="Spatial" parent="village_area/tutorials/pistol" index="1"]
transform = Transform( 1, 0, 0, 0, 1, 0, 0, 0, 1, 6.24559, 0, 3.06249 )

[node name="prompt_shoot" type="Area" parent="village_area/tutorials/pistol" index="2"]
collision_layer = 0
collision_mask = 2
script = ExtResource( 54 )
enabled = false
input_actions = [ "combat_shoot" ]
text = "Fire"

[node name="CollisionShape" type="CollisionShape" parent="village_area/tutorials/pistol/prompt_shoot" index="0"]
transform = Transform( 1, 0, 0, 0, 1, 0, 0, 0, 1, 4.03036, 2.17842, 0 )
shape = SubResource( 262 )

[node name="prompt_aim" type="Area" parent="village_area/tutorials/pistol" index="3"]
transform = Transform( 1, 0, 0, 0, 1, 0, 0, 0, 1, 0, 0, -4.86374 )
collision_layer = 0
collision_mask = 2
script = ExtResource( 54 )
enabled = false
text = "Aim"

[node name="CollisionShape" type="CollisionShape" parent="village_area/tutorials/pistol/prompt_aim" index="0"]
transform = Transform( 1, 0, 0, 0, 1, 0, 0, 0, 1, 4.03036, 2.17842, 0 )
shape = SubResource( 262 )

[node name="hut_bath" parent="village_area" index="23" instance=ExtResource( 37 )]
transform = Transform( 0.354732, 0, -0.934968, 0, 1, 0, 0.934968, 0, 0.354732, -27.787, -6.15681, 27.8693 )

[node name="pail" parent="village_area/hut_bath" index="2" instance=ExtResource( 59 )]
transform = Transform( -0.84109, 0, -0.540896, 0, 1, 0, 0.540896, 0, -0.84109, 1.5953, -0.219009, -2.41946 )

[node name="pillar5" parent="village_area" index="24" instance=ExtResource( 31 )]
transform = Transform( 0.0167477, -0.999826, -0.00822058, 0.897533, 0.0186565, -0.440552, 0.440629, 2.98023e-08, 0.897689, 2.08205, -4.50282, -34.4595 )

[node name="rock1" parent="village_area" index="25" instance=ExtResource( 15 )]
transform = Transform( 1, 0, 0, 0, 0.947311, 0.320315, 0, -0.320315, 0.947311, -34.433, -2.63982, -43.7479 )

[node name="ReflectionProbe" type="ReflectionProbe" parent="village_area" index="26"]
transform = Transform( -0.00197713, 0, -0.999998, 0, 1, 0, 0.999998, 0, -0.00197713, -25.654, -2.91382, -31.0628 )
max_distance = 16384.0
extents = Vector3( 7.83775, 3.57362, 7.87931 )
origin_offset = Vector3( 2.54492, 0, -3.05566 )
enable_shadows = true
interior_enable = true

[node name="ReflectionProbe2" type="ReflectionProbe" parent="village_area" index="27"]
transform = Transform( 1, 0, 0, 0, 1, 0, 0, 0, 1, -21.6017, -2.84669, -24.6956 )
max_distance = 16384.0
extents = Vector3( 1.55691, 2.30765, 1.56461 )
origin_offset = Vector3( 0.0517578, -0.0644531, -0.777344 )
interior_ambient_color = Color( 0.403922, 0.403922, 0.403922, 1 )

[node name="npc_guard" parent="village_area" index="28" instance=ExtResource( 18 )]
transform = Transform( 0.627725, 0, -0.778435, 0, 1, 0, 0.778435, 0, 0.627725, 25.8233, -6.283, -7.78677 )
dialog = ExtResource( 62 )
visual_name = "Guard"

[node name="area_cave" type="MultiMeshSystem" parent="." index="7"]
transform = Transform( 1, 0, 0, 0, 1, 0, 0, 0, 1, -128.238, -222.404, 8.43033 )

[node name="scrap1" parent="area_cave" index="0" instance=ExtResource( 27 )]
transform = Transform( -0.114154, 0.0404781, 0.992638, -0.00462457, -0.99918, 0.040213, 0.993452, -4.65661e-08, 0.114248, -10.8891, -5.16794, -15.4119 )

[node name="enter_cave" type="Area" parent="area_cave" index="1"]
transform = Transform( 1, 0, 0, 0, 1, 0, 0, 0, 1, -11.5254, 4.66829, -19.7478 )
collision_layer = 0
collision_mask = 2
script = ExtResource( 64 )
stat = "cave_124_entered"

[node name="CollisionShape" type="CollisionShape" parent="area_cave/enter_cave" index="0"]
transform = Transform( 0.999957, 0, 0.00931153, 0, 1, 0, -0.00931153, 0, 0.999957, -12.8106, 0, -0.731411 )
shape = SubResource( 272 )

[node name="capacitor_pickup" parent="area_cave" index="2" instance=ExtResource( 12 )]
transform = Transform( 1, 0, 0, 0, 0.10283, 0.994699, 0, -0.994699, 0.10283, 0.300751, -6.51453, 49.8321 )
friendly_name = "cave_capacitor_124"

[node name="rock15" parent="area_cave" index="3" instance=ExtResource( 24 )]
transform = Transform( -0.93222, -0.291605, -0.214318, -0.311812, 0.947799, 0.0667025, 0.18368, 0.129008, -0.974483, 9.34904, 21.4861, 30.6162 )

[node name="rock32" parent="area_cave" index="4" instance=ExtResource( 52 )]
transform = Transform( -0.820865, -0.478924, 0.311146, -0.285342, 0.815841, 0.502974, -0.494732, 0.324091, -0.806353, -38.5302, 27.2411, -22.3627 )

[node name="tower" parent="area_cave" index="5" instance=ExtResource( 65 )]
transform = Transform( 0.955648, -0.294513, -4.45008e-10, 0.294449, 0.955441, -0.0207834, 0.00612098, 0.0198616, 0.999784, 6.92316, -10.5733, -44.7418 )

[node name="tut_wall_jump" type="Area" parent="area_cave" index="6"]
transform = Transform( 0.889878, 0, -0.456198, 0, 1, 0, 0.456198, 0, 0.889878, -17.7252, -7.72418, -18.3938 )
collision_layer = 0
collision_mask = 2
script = ExtResource( 54 )
input_actions = [ "mv_crouch", "mv_jump" ]
text = "Wall Jump"
removal_stat = "cave_capacitor_124"

[node name="CollisionShape" type="CollisionShape" parent="area_cave/tut_wall_jump" index="0"]
shape = SubResource( 273 )

[node name="gem_pickup" parent="area_cave" index="7" instance=ExtResource( 20 )]
transform = Transform( 1, 0, 0, 0, 1, 0, 0, 0, 1, -13.0034, -9.23375, -18.0253 )

[node name="gem_pickup2" parent="area_cave" index="8" instance=ExtResource( 20 )]
transform = Transform( 1, 0, 0, 0, 1, 0, 0, 0, 1, -14.7908, -8.03259, -16.0394 )

[node name="gem_pickup3" parent="area_cave" index="9" instance=ExtResource( 20 )]
transform = Transform( 1, 0, 0, 0, 1, 0, 0, 0, 1, -12.6011, -6.36824, -16.0555 )

[node name="gem_pickup4" parent="area_cave" index="10" instance=ExtResource( 20 )]
transform = Transform( 1, 0, 0, 0, 1, 0, 0, 0, 1, -13.4667, -6.36824, -15.766 )

[node name="bug_pickup" parent="area_cave" index="11" instance=ExtResource( 14 )]
transform = Transform( -0.934165, 0, -0.356842, 0, 1, 0, 0.356842, 0, -0.934165, -12.6189, -5.39455, -16.7888 )

[node name="scrap_pile4" parent="area_cave" index="12" instance=ExtResource( 67 )]
transform = Transform( 0.990454, 0.0493559, 0.128705, 0, 0.9337, -0.358055, -0.137844, 0.354637, 0.924787, -30.8952, -8.71492, -32.631 )

[node name="scrap_pile5" parent="area_cave" index="13" instance=ExtResource( 67 )]
transform = Transform( 0.284235, -0.0578652, 0.957007, -0.385307, -0.920916, 0.0587548, 0.877923, -0.385441, -0.284053, -30.7166, -7.13889, -29.9341 )

[node name="scrap_pile3" parent="area_cave" index="14" instance=ExtResource( 66 )]
transform = Transform( 1, 0, 0, 0, 1, 0, 0, 0, 1, -31.6736, -5.4825, -32.6384 )

[node name="rail_cart" parent="area_cave" index="15" instance=ExtResource( 53 )]
transform = Transform( 1, 0, 0, 0, -0.98945, -0.144873, 0, 0.144873, -0.98945, -35.1426, -8.92706, -24.5357 )
script = null

[node name="scrap_pile1" parent="area_cave" index="16" instance=ExtResource( 68 )]
transform = Transform( 0.487301, 0, 0.873234, 0, 1, 0, -0.873234, 0, 0.487301, -36.7425, -7.81532, -11.2311 )

[node name="scrap4" parent="area_cave" index="17" instance=ExtResource( 69 )]
transform = Transform( -0.872542, 0.43102, -0.229984, 0.442892, 0.896575, -4.9953e-09, 0.206198, -0.101858, -0.973194, -23.6654, -9.6467, -30.6084 )

[node name="scrap5" parent="area_cave" index="18" instance=ExtResource( 69 )]
transform = Transform( 0.256771, 0.247226, 0.934317, 0.447874, 0.826222, -0.341709, -0.856433, 0.506197, 0.101424, -10.242, -11.0336, -36.3367 )

[node name="c_table" parent="area_cave" index="19" instance=ExtResource( 70 )]
transform = Transform( 0.0522573, -0.998634, 0, 0.998634, 0.0522573, 0, 0, 0, 1, -29.7218, -9.06343, -10.4486 )

[node name="scrap_pile2" parent="area_cave" index="20" instance=ExtResource( 71 )]
transform = Transform( 0.995236, 4.65661e-10, -0.0975002, -0.00551636, 0.998398, -0.0563083, 0.0973441, 0.0565779, 0.993641, 22.2153, -5.31711, -13.6276 )

[node name="rock3" parent="area_cave" index="21" instance=ExtResource( 52 )]
transform = Transform( -0.136752, 0.60028, -0.788012, -0.980084, 0.0336431, 0.195712, 0.143993, 0.799082, 0.583724, -15.2641, -4.08479, 8.85487 )

[node name="rock1" parent="area_cave" index="22" instance=ExtResource( 15 )]
transform = Transform( -0.0745799, 0.997215, 0, -0.997215, -0.0745799, 0, 0, 0, 1, 8.21843, -11.9395, 1.91899 )

[node name="rock4" parent="area_cave" index="23" instance=ExtResource( 15 )]
transform = Transform( 0.990133, -0.14013, 0, 0.14013, 0.990133, 0, 0, 0, 1, 36.3303, -10.408, -36.1953 )

[node name="rock7" parent="area_cave" index="24" instance=ExtResource( 15 )]
transform = Transform( -0.0632629, -0.997997, 0, 0.997997, -0.0632629, 0, 0, 0, 1, 24.3674, -9.18608, -9.44321 )

[node name="rock6" parent="area_cave" index="25" instance=ExtResource( 15 )]
transform = Transform( -0.65476, 0.755836, 0, -0.755836, -0.65476, 0, 0, 0, 1, -26.7723, -6.70827, -41.5098 )

[node name="rock5" parent="area_cave" index="26" instance=ExtResource( 15 )]
transform = Transform( -0.242947, 0.97004, 0, -0.97004, -0.242947, 0, 0, 0, 1, 23.6333, -10.7286, -41.5442 )

[node name="rock2" parent="area_cave" index="27" instance=ExtResource( 24 )]
transform = Transform( 0.178859, -0.706342, 0.684902, 0.983875, 0.128406, -0.124509, 7.45058e-09, 0.696127, 0.717918, 13.4693, -8.20749, -32.0886 )

[node name="scrap2" parent="area_cave" index="28" instance=ExtResource( 27 )]
transform = Transform( 0.856977, 0.500043, 0.124689, -0.515354, 0.831516, 0.207344, 7.45058e-09, -0.241948, 0.970289, -26.3386, -11.5117, -8.76806 )

[node name="scrap_pile6" parent="area_cave" index="29" instance=ExtResource( 68 )]
transform = Transform( 0.850513, 0.325588, -0.413062, 0, 0.785358, 0.619042, 0.525954, -0.526503, 0.667957, -7.1069, -2.49074, 48.318 )

[node name="rock8" parent="area_cave" index="30" instance=ExtResource( 15 )]
transform = Transform( -0.997641, 0.0686412, 0, -0.0686412, -0.997641, 0, 0, 0, 1, 15.0609, -2.99538, 30.456 )

[node name="crawly" parent="area_cave" index="31" instance=ExtResource( 23 )]
transform = Transform( -0.999995, 0, 0.00314918, 0, 1, 0, -0.00314918, 0, -0.999995, 3.6988, -6.40247, 38.7855 )
respawns = false

[node name="crawly2" parent="area_cave" index="32" instance=ExtResource( 23 )]
transform = Transform( -0.448998, 0, -0.893533, 0, 1, 0, 0.893533, 0, -0.448998, 34.6108, -9.68619, 3.09261 )
respawns = false

[node name="ReflectionProbe" type="ReflectionProbe" parent="area_cave" index="33"]
transform = Transform( 0.986062, 0, -0.16638, 0, 1, 0, 0.16638, 0, 0.986062, -30.1206, 6.88411, -23.2546 )
extents = Vector3( 20.0267, 23.134, 31.818 )

[node name="ReflectionProbe2" type="ReflectionProbe" parent="area_cave" index="34"]
transform = Transform( -0.28153, -0.179302, -0.942651, 0, 0.982387, -0.18686, 0.959552, -0.0526068, -0.276572, 7.58137, 5.89404, -17.319 )
intensity = 0.32
extents = Vector3( 55.3006, 25.2156, 35.3296 )
interior_enable = true
interior_ambient_color = Color( 0.184314, 0.2, 0.211765, 1 )

[node name="ReflectionProbe4" type="ReflectionProbe" parent="area_cave" index="35"]
transform = Transform( -0.36868, 0.154802, -0.916576, -0.365063, 0.8827, 0.295922, 0.854871, 0.443708, -0.268921, 47.6456, 0.597946, -8.92219 )
intensity = 0.32
extents = Vector3( 42.1217, 26.7097, 16.4822 )
interior_enable = true
interior_ambient_color = Color( 0.133333, 0.141176, 0.14902, 1 )

[node name="ReflectionProbe3" type="ReflectionProbe" parent="area_cave" index="36"]
transform = Transform( -0.28153, 0.496148, -0.821327, 0, 0.855948, 0.517062, 0.959552, 0.145569, -0.240975, 1.91677, 2.98828, 42.8264 )
intensity = 0.32
extents = Vector3( 21.7003, 25.2156, 35.3296 )
interior_enable = true
interior_ambient_color = Color( 0.133333, 0.141176, 0.14902, 1 )

[node name="SpotLight" type="SpotLight" parent="area_cave" index="37"]
transform = Transform( 0.985062, 0.13888, -0.101812, -0.00636461, 0.620199, 0.784419, 0.172084, -0.772053, 0.611818, 20.205, 18.8332, 18.2512 )
light_color = Color( 0.768627, 1, 0.941176, 1 )
light_energy = 0.205
spot_range = 79.5257
spot_angle = 41.9044

[node name="SpotLight2" type="SpotLight" parent="area_cave" index="38"]
transform = Transform( 0.985062, 0.15037, 0.0839178, -0.00636465, -0.455198, 0.890368, 0.172084, -0.877601, -0.447441, -4.36145, 22.6323, 19.6587 )
light_color = Color( 0.482353, 1, 0.843137, 1 )
light_energy = 0.304
spot_range = 44.445
spot_angle = 52.1144

[node name="SpotLight3" type="SpotLight" parent="area_cave" index="39"]
transform = Transform( 0.985185, 0.155949, -0.0713523, 0.143037, -0.517664, 0.843543, 0.0946131, -0.841251, -0.532301, -28.7188, 17.4866, -42.8231 )
light_color = Color( 1, 0.988235, 0.796078, 1 )
light_energy = 0.304
spot_range = 63.4228
spot_angle = 37.4862

[node name="rock9" parent="area_cave" index="40" instance=ExtResource( 15 )]
transform = Transform( -0.202064, 0.979372, 0, -0.979372, -0.202064, 0, 0, 0, 1, 28.5792, 17.2134, 33.7423 )

[node name="ascrap1" parent="area_cave" index="41" instance=ExtResource( 72 )]
transform = Transform( 0.929055, -0.369941, 0, 0.369941, 0.929055, 0, 0, 0, 1, 4.01047, -6.23691, 25.5908 )

[node name="bobble" parent="area_cave" index="42" instance=ExtResource( 73 )]
transform = Transform( 1, 0, 0, 0, 1, 0, 0, 0, 1, 8.0106, -5.70462, 23.3523 )

[node name="bobble2" parent="area_cave" index="43" instance=ExtResource( 73 )]
transform = Transform( 0.420423, 0.357437, 0.833957, -0.898023, 0.0326265, 0.438737, 0.129611, -0.933367, 0.334703, -5.89577, -3.39998, 22.8815 )

[node name="bobble3" parent="area_cave" index="44" instance=ExtResource( 73 )]
transform = Transform( 0.00464012, -0.0609528, 0.99813, 0.999842, -0.0168227, -0.00567539, 0.0171372, 0.997999, 0.0608651, 8.04983, -3.67076, 23.2866 )

[node name="scrap_pile7" parent="area_cave" index="45" instance=ExtResource( 68 )]
transform = Transform( -0.98678, 0, 0.162063, 0, 1, 0, -0.162063, 0, -0.98678, 43.4519, -9.19505, -10.355 )

[node name="scrap_pile8" parent="area_cave" index="46" instance=ExtResource( 67 )]
transform = Transform( -0.736269, -0.127608, 0.664548, -0.115118, 0.991363, 0.0628217, -0.666825, -0.0302478, -0.7446, 38.9971, -11.3589, -24.5771 )

[node name="scrap_pile9" parent="area_cave" index="47" instance=ExtResource( 67 )]
transform = Transform( -0.761003, -0.245991, -0.600302, -0.282192, 0.958715, -0.0351256, 0.584159, 0.14267, -0.799002, 35.1218, -11.1788, -19.9922 )

[node name="gem_pickup5" parent="area_cave" index="48" instance=ExtResource( 20 )]
transform = Transform( 1, 0, 0, 0, 1, 0, 0, 0, 1, -39.954, -5.29988, -18.5308 )

[node name="gem_pickup6" parent="area_cave" index="49" instance=ExtResource( 20 )]
transform = Transform( 1, 0, 0, 0, 1, 0, 0, 0, 1, -37.3952, -3.1124, -12.9773 )

[node name="gem_pickup7" parent="area_cave" index="50" instance=ExtResource( 20 )]
transform = Transform( 1, 0, 0, 0, 1, 0, 0, 0, 1, -26.9795, -8.78157, -9.36865 )

[node name="gem_pickup8" parent="area_cave" index="51" instance=ExtResource( 20 )]
transform = Transform( 1, 0, 0, 0, 1, 0, 0, 0, 1, -32.7828, -6.36983, -13.4997 )

[node name="gem_pickup9" parent="area_cave" index="52" instance=ExtResource( 20 )]
transform = Transform( 1, 0, 0, 0, 1, 0, 0, 0, 1, -31.7049, -3.39403, -33.0608 )

[node name="gem_pickup10" parent="area_cave" index="53" instance=ExtResource( 20 )]
transform = Transform( 1, 0, 0, 0, 1, 0, 0, 0, 1, -31.1602, -8.25642, -25.0262 )

[node name="gem_pickup11" parent="area_cave" index="54" instance=ExtResource( 20 )]
transform = Transform( 1, 0, 0, 0, 1, 0, 0, 0, 1, -47.5146, 8.66138, -29.9943 )

[node name="gem_pickup12" parent="area_cave" index="55" instance=ExtResource( 20 )]
transform = Transform( 1, 0, 0, 0, 1, 0, 0, 0, 1, -46.9471, 8.66138, -31.5746 )

[node name="gem_pickup13" parent="area_cave" index="56" instance=ExtResource( 20 )]
transform = Transform( 1, 0, 0, 0, 1, 0, 0, 0, 1, -15.8036, -0.691635, -14.9734 )

[node name="gem_pickup14" parent="area_cave" index="57" instance=ExtResource( 20 )]
transform = Transform( 1, 0, 0, 0, 1, 0, 0, 0, 1, -12.4313, -0.708344, -18.6 )

[node name="gem_pickup15" parent="area_cave" index="58" instance=ExtResource( 20 )]
transform = Transform( 1, 0, 0, 0, 1, 0, 0, 0, 1, -28.0575, 5.12254, 2.00605 )

[node name="bug_pickup2" parent="area_cave" index="59" instance=ExtResource( 14 )]
transform = Transform( 1, 0, 0, 0, 1, 0, 0, 0, 1, -13.3442, -0.135208, -14.0392 )

[node name="bug_pickup3" parent="area_cave" index="60" instance=ExtResource( 14 )]
transform = Transform( 1, 0, 0, 0, 1, 0, 0, 0, 1, -38.2283, -6.62595, -15.3015 )

[node name="bug_pickup4" parent="area_cave" index="61" instance=ExtResource( 14 )]
transform = Transform( 1, 0, 0, 0, 1, 0, 0, 0, 1, -31.2071, -7.2718, -36.1005 )

[node name="gem_pickup16" parent="area_cave" index="62" instance=ExtResource( 20 )]
transform = Transform( 1, 0, 0, 0, 1, 0, 0, 0, 1, -26.773, -1.45018, -41.0632 )

[node name="gem_pickup17" parent="area_cave" index="63" instance=ExtResource( 20 )]
transform = Transform( 1, 0, 0, 0, 1, 0, 0, 0, 1, -8.56996, -0.952698, -20.5862 )

[node name="gem_pickup18" parent="area_cave" index="64" instance=ExtResource( 20 )]
transform = Transform( 1, 0, 0, 0, 1, 0, 0, 0, 1, -8.84129, -0.551758, -17.3139 )

