[gd_scene load_steps=8 format=2]

[ext_resource path="res://areas/chunk_content.gd" type="Script" id=1]
[ext_resource path="res://entities/env/train_set/20m-1v-slant_to_slant.tscn" type="PackedScene" id=2]
[ext_resource path="res://entities/env/train_set/20m-1v-straight_to_slant.tscn" type="PackedScene" id=3]
[ext_resource path="res://entities/env/train_set/straight_to_45.tscn" type="PackedScene" id=4]
[ext_resource path="res://entities/env/train_set/straight_to_15.tscn" type="PackedScene" id=5]
[ext_resource path="res://entities/env/train_set/20m-1v-slant_to_straight.tscn" type="PackedScene" id=6]
[ext_resource path="res://entities/env/train_set/20m_straight.tscn" type="PackedScene" id=7]

[node name="chunk122" type="Spatial"]
script = ExtResource( 1 )

[node name="rail" parent="." instance=ExtResource( 3 )]
transform = Transform( -0.944731, -1.851e-08, 0.327855, 4.35975e-08, 0.999998, -4.33648e-08, -0.327855, -4.82544e-08, -0.944731, 23.0477, 7.61186, -240.254 )

[node name="straight_to_15" parent="rail" instance=ExtResource( 5 )]
transform = Transform( -1, 0, -1.50996e-07, 0, 1, 0, 1.50996e-07, 0, -1, 0, 0, 0 )

[node name="straight_to_16" parent="rail" instance=ExtResource( 5 )]
transform = Transform( -0.956698, -1.34308e-15, 0.291081, -1.75217e-15, 1, -1.14479e-15, -0.291081, -1.60524e-15, -0.956698, -21.5086, 0, -3.51308 )

[node name="20m-1v-straight_to_slant" parent="rail" instance=ExtResource( 3 )]
transform = Transform( -0.817085, 5.32907e-15, 0.576517, 0, 1, -5.32907e-15, -0.576517, -3.55271e-15, -0.817085, -41.0629, 0, -13.1318 )

[node name="20m-1v-slant_to_slant" parent="rail/20m-1v-straight_to_slant" instance=ExtResource( 2 )]
transform = Transform( 1, 0, -2.98023e-08, 8.88178e-15, 1, -3.55271e-15, 2.98023e-08, -1.77636e-15, 1, 20, -0.986142, 0 )

[node name="20m-1v-slant_to_slant2" parent="rail/20m-1v-straight_to_slant" instance=ExtResource( 2 )]
transform = Transform( 1, 0, -2.98023e-08, 1.59872e-14, 1, -3.55271e-15, 2.98023e-08, -1.77636e-15, 1, 39.9999, -1.98614, 0 )

[node name="20m-1v-slant_to_straight" parent="rail/20m-1v-straight_to_slant" instance=ExtResource( 6 )]
transform = Transform( 1, 0, -2.98023e-08, 3.01981e-14, 1, -3.55271e-15, 2.98023e-08, -1.77636e-15, 1, 59.9999, -2.98615, 0 )

[node name="20m_straight" parent="rail/20m-1v-straight_to_slant/20m-1v-slant_to_straight" instance=ExtResource( 7 )]
transform = Transform( 1, -7.10543e-15, -2.98023e-08, 1.77636e-15, 1, -3.55271e-15, 2.98023e-08, -1.77636e-15, 1, 19.9999, -1, 0 )

[node name="20m_straight2" parent="rail/20m-1v-straight_to_slant/20m-1v-slant_to_straight" instance=ExtResource( 7 )]
transform = Transform( 1, -7.10543e-15, -2.98023e-08, 3.55271e-15, 1, -3.55271e-15, 2.98023e-08, -3.55271e-15, 1, 39.9999, -1, 0 )

[node name="20m_straight3" parent="rail/20m-1v-straight_to_slant/20m-1v-slant_to_straight" instance=ExtResource( 7 )]
transform = Transform( 1, -1.06581e-14, -2.98023e-08, 7.10543e-15, 1, -3.55271e-15, 2.98023e-08, -5.32907e-15, 1, 59.9998, -1, 0 )

[node name="20m_straight4" parent="rail/20m-1v-straight_to_slant/20m-1v-slant_to_straight" instance=ExtResource( 7 )]
transform = Transform( 1, -1.06581e-14, -2.98023e-08, 8.88178e-15, 1, -3.55271e-15, 2.98023e-08, -5.32907e-15, 1, 79.9998, -1, 1.52588e-05 )

[node name="20m-1v-straight_to_slant" parent="rail/20m-1v-straight_to_slant" instance=ExtResource( 3 )]
transform = Transform( 1, -7.10543e-15, -2.98023e-08, 5.15143e-14, 1, -3.55271e-15, 2.98023e-08, -8.88178e-15, 1, 160, -3.98615, 4.57764e-05 )

[node name="20m-1v-slant_to_straight" parent="rail/20m-1v-straight_to_slant/20m-1v-straight_to_slant" instance=ExtResource( 6 )]
transform = Transform( 1, 0, -2.98023e-08, -1.77636e-15, 1, -1.77636e-15, 2.98023e-08, -1.77636e-15, 1, 20, -1, -1.52588e-05 )

[node name="20m_straight5" parent="rail/20m-1v-straight_to_slant/20m-1v-straight_to_slant" instance=ExtResource( 7 )]
transform = Transform( 1, 0, -2.98023e-08, 1.77636e-15, 1, -1.77636e-15, 2.98023e-08, -1.77636e-15, 1, 39.9999, -2, 0 )

[node name="20m_straight6" parent="rail/20m-1v-straight_to_slant/20m-1v-straight_to_slant" instance=ExtResource( 7 )]
transform = Transform( 1, 0, -2.98023e-08, 3.55271e-15, 1, -1.77636e-15, 2.98023e-08, -1.77636e-15, 1, 59.9998, -2, -1.52588e-05 )

[node name="20m_straight7" parent="rail/20m-1v-straight_to_slant/20m-1v-straight_to_slant" instance=ExtResource( 7 )]
transform = Transform( 1, 0, -2.98023e-08, 5.32907e-15, 1, -1.77636e-15, 2.98023e-08, -1.77636e-15, 1, 79.9998, -2, 0 )

[node name="straight_to_45" parent="rail/20m-1v-straight_to_slant/20m-1v-straight_to_slant/20m_straight7" instance=ExtResource( 4 )]
transform = Transform( -0.707107, 0, -0.707107, 2.22045e-15, 1, -1.95399e-14, 0.707107, -1.77636e-15, -0.707107, 41.7886, 4.76837e-07, -7.06789 )

[node name="20m_straight" parent="rail" instance=ExtResource( 7 )]
transform = Transform( -0.984878, -3.33073e-08, -0.173234, 5.04506e-08, 1, -3.51565e-08, 0.173234, -3.95187e-08, -0.984878, -275.365, -5.98127, -169.817 )
