[gd_scene load_steps=22 format=2]

[ext_resource path="res://material/env/road1.material" type="Material" id=1]
[ext_resource path="res://entities/env/stone/rock2.tscn" type="PackedScene" id=2]
[ext_resource path="res://material/env/copper/copper_corroded.material" type="Material" id=3]
[ext_resource path="res://_glb/chunks/chunk074.glb" type="PackedScene" id=4]
[ext_resource path="res://areas/chunk_content.gd" type="Script" id=5]
[ext_resource path="res://entities/env/copper/palace_extension.tscn" type="PackedScene" id=6]
[ext_resource path="res://entities/env/copper/palace1.tscn" type="PackedScene" id=7]
[ext_resource path="res://entities/env/copper/palace_roof1.tscn" type="PackedScene" id=8]
[ext_resource path="res://entities/env/copper/palace2.tscn" type="PackedScene" id=9]
[ext_resource path="res://entities/env/stone/rock1.tscn" type="PackedScene" id=10]
[ext_resource path="res://entities/env/copper/scrap_pile2.tscn" type="PackedScene" id=11]
[ext_resource path="res://entities/env/copper/scrap_pile1.tscn" type="PackedScene" id=12]
[ext_resource path="res://entities/env/copper/scrap1.tscn" type="PackedScene" id=13]
[ext_resource path="res://entities/env/copper/scrap3.tscn" type="PackedScene" id=14]
[ext_resource path="res://entities/env/copper/scrap_pile3.tscn" type="PackedScene" id=15]
[ext_resource path="res://entities/env/copper/scrap2.tscn" type="PackedScene" id=16]
[ext_resource path="res://entities/env/copper/platform_small.tscn" type="PackedScene" id=17]
[ext_resource path="res://entities/env/stone/hut.tscn" type="PackedScene" id=18]
[ext_resource path="res://entities/env/stone/pillar.tscn" type="PackedScene" id=19]
[ext_resource path="res://entities/env/stone/ruin1.tscn" type="PackedScene" id=20]
[ext_resource path="res://entities/env/copper/platform_large.tscn" type="PackedScene" id=21]

[node name="chunk074" instance=ExtResource( 4 )]
script = ExtResource( 5 )

[node name="subroad" parent="." index="0"]
material/0 = ExtResource( 1 )

[node name="subroad001" parent="." index="1"]
material/0 = ExtResource( 1 )

[node name="subroad002" parent="." index="2"]
material/0 = ExtResource( 1 )

[node name="subroad003" parent="." index="3"]
material/0 = ExtResource( 1 )

[node name="apartment1" parent="." index="4"]
material/0 = ExtResource( 3 )

[node name="static_collision" parent="apartment1" index="0"]
collision_layer = 257

[node name="apartment1001" parent="." index="5"]
material/0 = ExtResource( 3 )

[node name="static_collision" parent="apartment1001" index="0"]
collision_layer = 257

[node name="road001" parent="." index="6"]
material/0 = ExtResource( 1 )
material/1 = ExtResource( 3 )

[node name="palace1" parent="." index="7" instance=ExtResource( 7 )]
transform = Transform( 0.0189182, 0, 0.999821, 0, 1, 0, -0.999821, 0, 0.0189182, 67.3099, 418, 190.791 )

[node name="palace2" parent="palace1" index="1" instance=ExtResource( 9 )]
transform = Transform( 1, 0, 0, 0, 1, 0, 0, 0, 1, 0, 19.6262, 0 )

[node name="palace_roof1" parent="palace1" index="2" instance=ExtResource( 8 )]
transform = Transform( 1, 0, 0, 0, 1, 0, 0, 0, 1, 0, 35.3924, 0 )

[node name="palace_extension" parent="palace1" index="3" instance=ExtResource( 6 )]
transform = Transform( -0.432054, 0, 0.901847, 0, 1, 0, -0.901847, 0, -0.432054, 1.24571, 2.9201, 0.487907 )

[node name="palace_extension2" parent="palace1" index="4" instance=ExtResource( 6 )]
transform = Transform( -0.432054, 0, 0.901846, 0, 1, 0, -0.901846, 0, -0.432054, 1.27806, -11.0244, 0.816818 )

[node name="scrap2" parent="palace1" index="5" instance=ExtResource( 16 )]
transform = Transform( 0.0122694, -0.999924, 0, 0.999925, 0.0122694, 0, 0, 0, 1, 9.39928, 9.90445, 2.34013 )

[node name="palace2" parent="." index="8" instance=ExtResource( 7 )]
transform = Transform( 1, 0, 0, 0, 0.985952, -0.167027, 0, 0.167027, 0.985952, 162.432, 415.302, 202.591 )

[node name="palace2" parent="palace2" index="1" instance=ExtResource( 9 )]
transform = Transform( 0.837118, -0.0373012, -0.545749, 0.163937, 0.968923, 0.185237, 0.52188, -0.244534, 0.817217, 0.813858, 15.8975, -2.457 )

[node name="palace3" parent="palace2" index="2" instance=ExtResource( 9 )]
transform = Transform( 0.796435, 0, 0.604724, 0, 1, 0, -0.604724, 0, 0.796435, 0, 29.6965, -3.05176e-05 )

[node name="palace_roof1" parent="palace2" index="3" instance=ExtResource( 8 )]
transform = Transform( 1, 0, 0, 0, 0.146566, -0.989201, 0, 0.989201, 0.146566, 10.8074, 1.24344, -6.91048 )

[node name="rock2" parent="." index="9" instance=ExtResource( 2 )]
transform = Transform( 0.600043, 0, -0.799968, 0, 1, 0, 0.799968, 0, 0.600043, -62.4084, 414.032, 164.02 )

[node name="rock3" parent="." index="10" instance=ExtResource( 2 )]
transform = Transform( -0.210336, 0.56197, -0.799968, -0.93655, -0.350534, 0, -0.280416, 0.74921, 0.600043, -49.724, 420.045, 180.931 )

[node name="rock4" parent="." index="11" instance=ExtResource( 2 )]
transform = Transform( 0.882121, -0.460881, 0.0972145, -0.0895296, -0.366687, -0.926026, 0.462435, 0.808164, -0.364725, -50.9066, 420.212, 151.509 )

[node name="rock1" parent="." index="12" instance=ExtResource( 10 )]
transform = Transform( 1, 0, 0, 0, 0.0191625, -0.999816, 0, 0.999816, 0.0191625, -60.8687, 423.99, 162.18 )

[node name="rock5" parent="." index="13" instance=ExtResource( 10 )]
transform = Transform( 1, 0, 0, 0, 0.999681, -0.0252523, 0, 0.0252523, 0.999681, -42.6578, 417.018, 165.451 )

[node name="scrap_pile2" parent="." index="14" instance=ExtResource( 11 )]
transform = Transform( -0.922794, 0.372589, 0.0981292, -0.385294, -0.892363, -0.235023, 7.45058e-09, -0.254686, 0.967024, -72.685, 423.347, 166.485 )

[node name="scrap_pile1" parent="." index="15" instance=ExtResource( 12 )]
transform = Transform( 1, 0, 0, 0, 0.910792, -0.412866, 0, 0.412866, 0.910792, -59.6681, 422.707, 175.687 )

[node name="scrap_pile3" parent="." index="16" instance=ExtResource( 11 )]
transform = Transform( 1, 0, 0, 0, 0.829164, 0.559005, 0, -0.559005, 0.829164, -17.6863, 414.115, 177.345 )

[node name="scrap1" parent="." index="17" instance=ExtResource( 13 )]
transform = Transform( -0.363427, 0.128147, -0.922767, 0.33254, 0.943089, 7.02656e-09, 0.870252, -0.306857, -0.385359, -16.6547, 416.814, 186.24 )

[node name="rock6" parent="." index="18" instance=ExtResource( 10 )]
transform = Transform( 1, 0, 0, 0, 1, 0, 0, 0, 1, -19.9615, 419.162, 190.924 )

[node name="scrap3" parent="." index="19" instance=ExtResource( 14 )]
transform = Transform( 0.870616, 0.453337, 0.191083, 0.233556, -0.0390191, -0.97156, -0.432989, 0.890485, -0.13985, 4.42075, 417.53, 173.688 )

[node name="scrap_pile4" parent="." index="20" instance=ExtResource( 15 )]
transform = Transform( 0.969149, 0, 0.246475, 0, 1, 0, -0.246475, 0, 0.969149, 18.4433, 417.519, 166.872 )

[node name="scrap4" parent="." index="21" instance=ExtResource( 14 )]
transform = Transform( 0.909001, -0.038162, -0.415043, 0.0419454, 0.99912, 0, 0.414677, -0.0174091, 0.909802, -30.658, 438.662, 191.73 )

[node name="scrap2" parent="." index="22" instance=ExtResource( 13 )]
transform = Transform( 1, 0, 0, 0, -1, 1.50996e-07, 0, -1.50996e-07, -1, -30.4138, 417.375, 196.628 )

[node name="scrap2" parent="scrap2" index="1" instance=ExtResource( 16 )]
transform = Transform( 0.273858, -0.96177, 0, 0.96177, 0.273858, 0, 0, 0, 1, -1.44678, -5.98291, -0.058609 )

[node name="scrap3" parent="scrap2" index="2" instance=ExtResource( 13 )]
transform = Transform( -0.973279, 0.229625, 0, -0.229625, -0.973279, 0, 0, 0, 1, -2.61035, -11.8961, 0 )

[node name="palace3" parent="." index="23" instance=ExtResource( 9 )]
transform = Transform( 1, 0, 0, 0, 0.887872, -0.460091, 0, 0.460091, 0.887872, 209.173, 414.396, 109.136 )

[node name="rock7" parent="." index="24" instance=ExtResource( 10 )]
transform = Transform( 1, 0, 0, 0, 0.0342018, -0.999415, 0, 0.999415, 0.0342018, 213.215, 415.047, 117.307 )

[node name="rock8" parent="." index="25" instance=ExtResource( 2 )]
transform = Transform( 0.418436, 0.252946, 0.872313, -0.813308, 0.531862, 0.235907, -0.404279, -0.808171, 0.428273, 20.5714, 413.038, 94.5008 )

[node name="hut" parent="." index="26" instance=ExtResource( 18 )]
transform = Transform( 1, 0, 0, 0, 1, 0, 0, 0, 1, 35.0432, 415.363, 26.8435 )

[node name="scrap6" parent="." index="27" instance=ExtResource( 13 )]
transform = Transform( 1, 0, 0, 0, 0.0537128, -0.998556, 0, 0.998556, 0.0537128, 15.5955, 414.839, 53.4129 )

[node name="scrap7" parent="." index="28" instance=ExtResource( 16 )]
transform = Transform( 0.418311, 0.908304, 0, -0.908304, 0.418311, 0, 0, 0, 1, 15.781, 418.037, 53.9865 )

[node name="scrap8" parent="." index="29" instance=ExtResource( 14 )]
transform = Transform( 0.51784, -0.138139, -0.844251, -0.24141, 0.923171, -0.299126, 0.820709, 0.358709, 0.444707, 18.0087, 418.4, 66.1642 )

[node name="scrap_pile5" parent="." index="30" instance=ExtResource( 12 )]
transform = Transform( -0.32791, 0, 0.944709, 0, 1, 0, -0.944709, 0, -0.32791, 17.1563, 414.799, 60.54 )

[node name="ruin1" parent="." index="31" instance=ExtResource( 20 )]
transform = Transform( 1, 0, 0, 0, 1, 0, 0, 0, 1, 52.3842, 415.867, 47.6364 )

[node name="pillar" parent="." index="32" instance=ExtResource( 19 )]
transform = Transform( 0.703573, -0.309477, -0.639694, 0.402635, 0.915361, 0, 0.585551, -0.257563, 0.76863, -12.0739, 414.953, 52.4099 )

[node name="scrap_pile6" parent="." index="33" instance=ExtResource( 11 )]
transform = Transform( 0.723589, -0.296635, -0.623238, 0.0190598, 0.911185, -0.411557, 0.689968, 0.285919, 0.664977, 9.80975, 417.979, 72.8352 )

[node name="rock9" parent="." index="34" instance=ExtResource( 10 )]
transform = Transform( 1, 0, 0, 0, 0.681513, 0.731806, 0, -0.731806, 0.681513, 56.3798, 414.281, 20.0115 )

[node name="platform2" parent="." index="35" instance=ExtResource( 17 )]
transform = Transform( 1, 0, 0, 0, 1, 0, 0, 0, 1, 126.099, 315.85, -172.382 )

[node name="scrap9" parent="." index="36" instance=ExtResource( 13 )]
transform = Transform( 1, 0, 0, 0, 1, 0, 0, 0, 1, 130.983, 301.151, -174.11 )

[node name="scrap10" parent="." index="37" instance=ExtResource( 13 )]
transform = Transform( 1, 0, 0, 0, 1, 0, 0, 0, 1, 122.225, 301.151, -174.11 )

[node name="scrap11" parent="." index="38" instance=ExtResource( 16 )]
transform = Transform( 0.00773167, 0.99997, 0, -0.976271, 0.00754843, 0.216423, 0.216416, -0.00167331, 0.9763, 127.574, 298.63, -176.784 )

[node name="scrap12" parent="." index="39" instance=ExtResource( 16 )]
transform = Transform( -0.0325383, -0.990353, -0.134689, -0.943917, 0.0747521, -0.32161, 0.328576, 0.116671, -0.937243, 123.745, 298.827, -176.54 )

[node name="scrap13" parent="." index="40" instance=ExtResource( 16 )]
transform = Transform( -0.0325383, -0.990353, -0.134689, -0.943917, 0.0747521, -0.32161, 0.328576, 0.116671, -0.937243, 125.798, 298.511, -177.244 )

[node name="scrap14" parent="." index="41" instance=ExtResource( 16 )]
transform = Transform( -0.135408, -0.983605, -0.119102, -0.965809, 0.15786, -0.205653, 0.221082, 0.0871833, -0.97135, 129.463, 298.695, -176.253 )

[node name="hut2" parent="." index="42" instance=ExtResource( 18 )]
transform = Transform( 1, 0, 0, 0, 1, 0, 0, 0, 1, -22.0389, 415.385, 134.844 )

[node name="ruin2" parent="." index="43" instance=ExtResource( 20 )]
transform = Transform( 1, 0, 0, 0, 1, 0, 0, 0, 1, -1.8795, 414.343, 142.118 )

[node name="platform_large" parent="." index="44" instance=ExtResource( 21 )]
transform = Transform( 1, 0, 0, 0, 1, 0, 0, 0, 1, 96.5758, 430.412, 130.947 )

[node name="rock10" parent="platform_large" index="1" instance=ExtResource( 10 )]
transform = Transform( 0.811645, 0.584151, 0, -0.584151, 0.811645, 0, 0, 0, 1, -6.5359, -13.7684, 0.616302 )

[node name="scrap15" parent="platform_large" index="2" instance=ExtResource( 13 )]
transform = Transform( 1, 0, 0, 0, 0.896386, 0.443275, 0, -0.443275, 0.896386, -3.58124, -9.30249, -2.06544 )

[node name="scrap16" parent="platform_large" index="3" instance=ExtResource( 16 )]
transform = Transform( 0.122805, 0.992431, 0, -0.992431, 0.122805, 0, 0, 0, 1, 6.0061, -10.5416, -1.42371 )

[node name="scrap17" parent="platform_large" index="4" instance=ExtResource( 16 )]
transform = Transform( 0.0400363, -0.371433, -0.927596, -0.976693, 0.181373, -0.114782, 0.210875, 0.910572, -0.355515, 5.33247, -10.6249, -0.620087 )

[node name="platform_large2" parent="." index="45" instance=ExtResource( 21 )]
transform = Transform( 1, 0, 0, 0, 1, 0, 0, 0, 1, -9.94494, 409.724, -71.3731 )
