[gd_scene load_steps=87 format=2]

[ext_resource path="res://entities/env/copper/palace1.tscn" type="PackedScene" id=1]
[ext_resource path="res://areas/chunk_content.gd" type="Script" id=2]
[ext_resource path="res://_glb/chunks/chunk124.glb" type="PackedScene" id=3]
[ext_resource path="res://entities/env/stone/hut.tscn" type="PackedScene" id=4]
[ext_resource path="res://entities/wardrobe.tscn" type="PackedScene" id=5]
[ext_resource path="res://entities/dialog_trigger.gd" type="Script" id=6]
[ext_resource path="res://dialog/main/medium.dialog" type="Resource" id=7]
[ext_resource path="res://dialog/main/mum.dialog" type="Resource" id=8]
[ext_resource path="res://entities/control/power_thing.tscn" type="PackedScene" id=9]
[ext_resource path="res://_glb/chunks/mat_basic.material" type="Material" id=10]
[ext_resource path="res://entities/control/door.gd" type="Script" id=11]
[ext_resource path="res://items/capacitor_pickup.tscn" type="PackedScene" id=12]
[ext_resource path="res://management/player_start.gd" type="Script" id=13]
[ext_resource path="res://items/bug_pickup.tscn" type="PackedScene" id=14]
[ext_resource path="res://entities/env/stone/rock1.tscn" type="PackedScene" id=15]
[ext_resource path="res://entities/one_time/the_medium.gd" type="Script" id=16]
[ext_resource path="res://items/coat_pickup.tscn" type="PackedScene" id=17]
[ext_resource path="res://entities/npc/npc.tscn" type="PackedScene" id=18]
[ext_resource path="res://entities/enemies/deathgnat.tscn" type="PackedScene" id=19]
[ext_resource path="res://items/gem_pickup.tscn" type="PackedScene" id=20]
[ext_resource path="res://dialog/intro/landlord.dialog" type="Resource" id=21]
[ext_resource path="res://entities/npc/npc_armstrong.gd" type="Script" id=22]
[ext_resource path="res://entities/enemies/crawly.tscn" type="PackedScene" id=23]
[ext_resource path="res://entities/env/stone/rock2.tscn" type="PackedScene" id=24]
[ext_resource path="res://material/env/copper/copper_corroded.material" type="Material" id=25]
[ext_resource path="res://material/env/metal/chainlink1.png" type="Texture" id=26]
[ext_resource path="res://entities/env/copper/scrap1.tscn" type="PackedScene" id=27]
[ext_resource path="res://entities/env/copper/palace2.tscn" type="PackedScene" id=28]
[ext_resource path="res://entities/env/copper/scrap2.tscn" type="PackedScene" id=29]
[ext_resource path="res://entities/env/copper/palace_roof1.tscn" type="PackedScene" id=30]
[ext_resource path="res://entities/env/stone/pillar.tscn" type="PackedScene" id=31]
[ext_resource path="res://entities/env/stone/ruin1.tscn" type="PackedScene" id=32]
[ext_resource path="res://entities/env/stone/fountain.tscn" type="PackedScene" id=33]
[ext_resource path="res://items/ammo/pistol_pickup.tscn" type="PackedScene" id=34]
[ext_resource path="res://entities/visual/mum.tscn" type="PackedScene" id=35]
[ext_resource path="res://ui/diagetic/dialog_circle.tscn" type="PackedScene" id=36]
[ext_resource path="res://entities/env/stone/hut_bath.tscn" type="PackedScene" id=37]
[ext_resource path="res://entities/env/stone/wall1.tscn" type="PackedScene" id=38]
[ext_resource path="res://entities/env/furniture/sofa.tscn" type="PackedScene" id=39]
[ext_resource path="res://entities/env/jackie/tea_table.tscn" type="PackedScene" id=40]
[ext_resource path="res://entities/env/jackie/tea_chair.tscn" type="PackedScene" id=41]
[ext_resource path="res://entities/env/jackie/tea_cup.tscn" type="PackedScene" id=42]
[ext_resource path="res://entities/env/jackie/tea_plate.tscn" type="PackedScene" id=43]
[ext_resource path="res://entities/env/jackie/tea_pot.tscn" type="PackedScene" id=44]
[ext_resource path="res://items/item_pickup.tscn" type="PackedScene" id=45]
[ext_resource path="res://_glb/weapons/pistol.glb" type="PackedScene" id=46]
[ext_resource path="res://entities/env/copper/crate1.tscn" type="PackedScene" id=47]
[ext_resource path="res://entities/one_time/target.tscn" type="PackedScene" id=48]
[ext_resource path="res://entities/env/furniture/stump_table.tscn" type="PackedScene" id=49]
[ext_resource path="res://dialog/intro/armstrong.dialog" type="Resource" id=50]
[ext_resource path="res://entities/control/dswitch.tscn" type="PackedScene" id=51]
[ext_resource path="res://entities/env/stone/rock3.tscn" type="PackedScene" id=52]
[ext_resource path="res://entities/env/copper/rail_cart.tscn" type="PackedScene" id=53]
[ext_resource path="res://entities/one_time/tutorial_prompt.gd" type="Script" id=54]
[ext_resource path="res://material/env/transparent.shader" type="Shader" id=55]
[ext_resource path="res://material/env/stone/bricks.material" type="Material" id=56]
[ext_resource path="res://material/triplanar_local_coords.shader" type="Shader" id=57]
[ext_resource path="res://material/env/foundry/metal_generic.png" type="Texture" id=58]
[ext_resource path="res://entities/env/copper/pail.tscn" type="PackedScene" id=59]
[ext_resource path="res://entities/env/furniture/bed_jackie.tscn" type="PackedScene" id=60]
[ext_resource path="res://areas/chunks/_lightmaps/chunk124.lmbake" type="BakedLightmapData" id=61]
[ext_resource path="res://dialog/intro/cave.dialog" type="Resource" id=62]
[ext_resource path="res://_glb/npc_clothes/hats_goggles_asym.mesh" type="ArrayMesh" id=63]
[ext_resource path="res://entities/control/trigger_zone.gd" type="Script" id=64]

[sub_resource type="OccluderShapePolygon" id=263]
polygon_points = PoolVector2Array( 141.68, -113.101, 88.7279, 18.4084, -117.586, -18.3186, -109.166, -90.4652, -5.99673, 33.6345 )

[sub_resource type="OccluderShapePolygon" id=264]
polygon_points = PoolVector2Array( 279.692, -233.021, 235.474, 54.6092, -65.3707, 32.8862, -249.044, -133.066 )

[sub_resource type="OccluderShapeSphere" id=265]
spheres = [ Plane( 0, 0, 0, 37.2436 ) ]

[sub_resource type="OccluderShapePolygon" id=266]
polygon_points = PoolVector2Array( 177.138, -444.604, 115.645, -19.5806, -34.3827, 23.4342, -134.662, -86.6232 )

[sub_resource type="Animation" id=260]
resource_name = "Activate"
length = 8.0
tracks/0/type = "value"
tracks/0/path = NodePath(".:translation")
tracks/0/interp = 1
tracks/0/loop_wrap = true
tracks/0/imported = false
tracks/0/enabled = true
tracks/0/keys = {
"times": PoolRealArray( 0, 1, 2, 4, 6, 8 ),
"transitions": PoolRealArray( 1, 1, 1, 1, 1, 1 ),
"update": 0,
"values": [ Vector3( -237.056, -218.035, -83.3147 ), Vector3( -234.07, -211.081, -88.3814 ), Vector3( -232.252, -204.126, -92.9398 ), Vector3( -229.88, -190.218, -98.9951 ), Vector3( -228.676, -176.309, -102.203 ), Vector3( -228.201, -162.4, -103.425 ) ]
}
tracks/1/type = "value"
tracks/1/path = NodePath(".:rotation_degrees")
tracks/1/interp = 1
tracks/1/loop_wrap = true
tracks/1/imported = false
tracks/1/enabled = true
tracks/1/keys = {
"times": PoolRealArray( 0, 1, 2, 4, 6, 8 ),
"transitions": PoolRealArray( 1, 1, 1, 1, 1, 1 ),
"update": 0,
"values": [ Vector3( 0, -122.315, 0 ), Vector3( 0, -117.701, 0 ), Vector3( 0, -115.43, 0 ), Vector3( 0, -111.904, 0 ), Vector3( 0, -116.064, 0 ), Vector3( 0, -120.223, 0 ) ]
}

[sub_resource type="Animation" id=261]
length = 0.001
tracks/0/type = "value"
tracks/0/path = NodePath(".:translation")
tracks/0/interp = 1
tracks/0/loop_wrap = true
tracks/0/imported = false
tracks/0/enabled = true
tracks/0/keys = {
"times": PoolRealArray( 0 ),
"transitions": PoolRealArray( 1 ),
"update": 0,
"values": [ Vector3( -237.056, -218.035, -83.3147 ) ]
}
tracks/1/type = "value"
tracks/1/path = NodePath(".:rotation_degrees")
tracks/1/interp = 1
tracks/1/loop_wrap = true
tracks/1/imported = false
tracks/1/enabled = true
tracks/1/keys = {
"times": PoolRealArray( 0 ),
"transitions": PoolRealArray( 1 ),
"update": 0,
"values": [ Vector3( 0, -122.315, 0 ) ]
}

[sub_resource type="BoxShape" id=262]
extents = Vector3( 9.25974, 2.62014, 2.34377 )

[sub_resource type="BoxShape" id=272]
extents = Vector3( 18.5566, 18.4452, 27.3279 )

[sub_resource type="CubeMesh" id=253]

[sub_resource type="BoxShape" id=254]
extents = Vector3( 1.5, 2, 0.5 )

[sub_resource type="Animation" id=255]
resource_name = "Activate"
length = 3.0
tracks/0/type = "value"
tracks/0/path = NodePath(".:translation")
tracks/0/interp = 1
tracks/0/loop_wrap = true
tracks/0/imported = false
tracks/0/enabled = true
tracks/0/keys = {
"times": PoolRealArray( 0, 0.5, 3 ),
"transitions": PoolRealArray( 1, 1, 1 ),
"update": 0,
"values": [ Vector3( 3.21773, 0.0294952, 5.62034 ), Vector3( 3.21773, 0.0294952, 5.23832 ), Vector3( 3.21773, -4.65025, 5.23832 ) ]
}

[sub_resource type="Animation" id=256]
length = 0.01
tracks/0/type = "value"
tracks/0/path = NodePath(".:translation")
tracks/0/interp = 1
tracks/0/loop_wrap = true
tracks/0/imported = false
tracks/0/enabled = true
tracks/0/keys = {
"times": PoolRealArray( 0 ),
"transitions": PoolRealArray( 1 ),
"update": 0,
"values": [ Vector3( 3.21773, 0.0294952, 5.62034 ) ]
}

[sub_resource type="Animation" id=257]
resource_name = "Activate"
length = 3.0
tracks/0/type = "value"
tracks/0/path = NodePath(".:translation")
tracks/0/interp = 1
tracks/0/loop_wrap = true
tracks/0/imported = false
tracks/0/enabled = true
tracks/0/keys = {
"times": PoolRealArray( 0, 0.7, 1.1, 3 ),
"transitions": PoolRealArray( 1, 1, 1, 1 ),
"update": 0,
"values": [ Vector3( 1.24524, -0.359253, -3.03695 ), Vector3( 0.632339, -0.359253, -3.03695 ), Vector3( 0.632339, -0.359253, -3.03695 ), Vector3( 0.632339, -4.70335, -3.03695 ) ]
}

[sub_resource type="Animation" id=258]
length = 0.001
tracks/0/type = "value"
tracks/0/path = NodePath(".:translation")
tracks/0/interp = 1
tracks/0/loop_wrap = true
tracks/0/imported = false
tracks/0/enabled = true
tracks/0/keys = {
"times": PoolRealArray( 0 ),
"transitions": PoolRealArray( 1 ),
"update": 0,
"values": [ Vector3( 1.24524, -0.359253, -3.03695 ) ]
}

[sub_resource type="BoxShape" id=259]
extents = Vector3( 1.24123, 1.82926, 1 )

[sub_resource type="BoxShape" id=250]
extents = Vector3( 2.65809, 1.56186, 1 )

[sub_resource type="CylinderShape" id=251]
radius = 0.634045

[sub_resource type="OccluderShapePolygon" id=268]
polygon_points = PoolVector2Array( 7.84183, -4.42842, 7.83727, 2.81516, -8.08119, 2.20998, -7.9166, -3.8607 )

[sub_resource type="OccluderShapePolygon" id=267]
polygon_points = PoolVector2Array( 7.20355, -8.07906, 7.36118, 7.78926, -8.39911, 7.76288, -8.36946, -8.16253 )

[sub_resource type="OccluderShapePolygon" id=269]
polygon_points = PoolVector2Array( 4.16739, -6.33401, 4.23732, 2.50775, -6.00702, 2.74455, -6.07927, -5.12074 )

[sub_resource type="ShaderMaterial" id=270]
shader = ExtResource( 55 )
shader_param/subsurface_scattering = -1.0
shader_param/softness = 1.0
shader_param/specularity = 2.876
shader_param/alpha_clip = 0.502
shader_param/main_texture = ExtResource( 26 )

[sub_resource type="ShaderMaterial" id=271]
shader = ExtResource( 57 )
shader_param/uv_scale = 1.0
shader_param/power = 5.0
shader_param/softness = 0.5
shader_param/specularity = 1.0
shader_param/light_bias = 0.0
shader_param/wall = ExtResource( 58 )
shader_param/ground = ExtResource( 58 )
shader_param/ceiling = ExtResource( 58 )

[node name="chunk124" instance=ExtResource( 3 )]
script = ExtResource( 2 )
lighting_preview = true

[node name="rail" parent="." index="1"]
material/0 = ExtResource( 25 )

[node name="BakedLightmap" type="BakedLightmap" parent="." index="2"]
transform = Transform( 0.0430957, 0, -0.999071, 0, 1, 0, 0.999071, 0, 0.0430957, -31.0443, -201.742, -32.1858 )
extents = Vector3( 222.153, 70.9235, 286.474 )
environment_mode = 1
capture_enabled = false
light_data = ExtResource( 61 )

[node name="Occluder" type="Occluder" parent="." index="3"]
transform = Transform( 0.238195, 0.481613, 0.843394, 0, 0.868388, -0.495885, -0.971217, 0.118117, 0.206845, -63.7707, -213.667, -15.64 )
shape = SubResource( 263 )

[node name="Occluder4" type="Occluder" parent="." index="4"]
transform = Transform( -0.782128, -0.00255837, -0.623112, 0.0290326, 0.998756, -0.0405424, 0.62244, -0.0497999, -0.781081, 9.98512, -184.615, -197.965 )
shape = SubResource( 264 )

[node name="Occluder3" type="Occluder" parent="." index="5"]
transform = Transform( -0.547005, 0.481613, 0.684715, 0.403163, 0.868388, -0.288725, -0.733652, 0.118117, -0.669181, 14.4584, -183.644, -193.399 )
shape = SubResource( 265 )

[node name="Occluder2" type="Occluder" parent="." index="6"]
transform = Transform( -0.547005, 0.481613, 0.684715, 0.403163, 0.868388, -0.288725, -0.733652, 0.118117, -0.669181, -50.1913, -210.602, -93.539 )
shape = SubResource( 266 )

[node name="rail_cart_shortcut" parent="." index="7" instance=ExtResource( 53 )]
transform = Transform( -0.534574, 0, -0.845122, 0, 1, 0, 0.845122, 0, -0.534574, -237.056, -218.035, -83.3147 )

[node name="AnimationPlayer" type="AnimationPlayer" parent="rail_cart_shortcut" index="1"]
playback_process_mode = 0
anims/Activate = SubResource( 260 )
anims/RESET = SubResource( 261 )

[node name="village_area" type="Spatial" parent="." index="8"]
transform = Transform( 1, 0, 0, 0, 1, 0, 0, 0, 1, -206.564, -223.545, -11.3175 )

[node name="hut" parent="village_area" index="0" instance=ExtResource( 4 )]
transform = Transform( -0.965926, 0, -0.258819, 0, 1, 0, 0.258819, 0, -0.965926, -13.436, -7.33182, 25.3175 )

[node name="SpotLight" type="SpotLight" parent="village_area/hut" index="0"]
transform = Transform( 1, 1.49012e-08, 1.16415e-10, 0, -0.00618077, 0.999981, 0, -0.999981, -0.00618077, 0, 8.897, -0.0121841 )
light_color = Color( 1, 0.929412, 0.792157, 1 )
spot_range = 6.64951
spot_angle = 67.6998

[node name="player_start" type="Position3D" parent="village_area/hut" index="1"]
transform = Transform( 0.253782, 0, 0.967262, 0, 1, 0, -0.967262, 0, 0.253782, -2.01971, 4.12927, 1.15509 )
script = ExtResource( 13 )

[node name="wardrobe" parent="village_area/hut" index="2" instance=ExtResource( 5 )]
transform = Transform( 0.873603, 0, -0.48664, 0, 1, 0, 0.48664, 0, 0.873603, 2.72163, 5.08853, 1.96338 )

[node name="tea_chair" parent="village_area/hut" index="4" instance=ExtResource( 41 )]
transform = Transform( -0.630621, 0, 0.77609, 0, 1, 0, -0.77609, 0, -0.630621, -0.281479, 4.07346, 0.304508 )

[node name="tea_table" parent="village_area/hut" index="5" instance=ExtResource( 40 )]
transform = Transform( -0.736737, 0, -0.67618, 0, 1, 0, 0.67618, 0, -0.736737, 0.428391, 4.1067, -0.349312 )

[node name="tea_plate" parent="village_area/hut/tea_table" index="1" instance=ExtResource( 43 )]
transform = Transform( -0.752725, 0, 0.658335, 0, 1, 0, -0.658335, 0, -0.752725, 0.200272, 0.7173, 0.185638 )

[node name="tea_cup" parent="village_area/hut/tea_table/tea_plate" index="1" instance=ExtResource( 42 )]
transform = Transform( -0.898288, 0, -0.439406, 0, 1, 0, 0.439406, 0, -0.898288, 0, 0, -2.86102e-06 )

[node name="tea_plate3" parent="village_area/hut/tea_table" index="2" instance=ExtResource( 43 )]
transform = Transform( 0.988019, 0, -0.154331, 0, 1, 0, 0.154331, 0, 0.988019, -0.0789642, 0.7173, -0.210281 )

[node name="tea_plate2" parent="village_area/hut/tea_table/tea_plate3" index="1" instance=ExtResource( 43 )]
transform = Transform( 0.526689, 0, 0.850058, 0, 1, 0, -0.850058, 0, 0.526689, -0.000518799, 0.00724792, 0.000832558 )

[node name="tea_plate3" parent="village_area/hut/tea_table/tea_plate3" index="2" instance=ExtResource( 43 )]
transform = Transform( 0.998757, 0, -0.0498434, 0, 1, 0, 0.0498434, 0, 0.998757, -0.00050354, 0.0130005, 0.000832558 )

[node name="tea_plate4" parent="village_area/hut/tea_table/tea_plate3" index="3" instance=ExtResource( 43 )]
transform = Transform( -0.472843, 0, 0.881147, 0, 1, 0, -0.881147, 0, -0.472843, -0.00050354, 0.0194702, 0.000832558 )

[node name="tea_cup" parent="village_area/hut/tea_table" index="3" instance=ExtResource( 42 )]
transform = Transform( -0.188804, 0, -0.982015, 0, 1, 0, 0.982015, 0, -0.188804, -0.0802612, 0.738297, -0.20845 )

[node name="tea_cup2" parent="village_area/hut/tea_table/tea_cup" index="1" instance=ExtResource( 42 )]
transform = Transform( 0.332849, -0.0215127, 0.942735, 0.114511, 0.993263, -0.0177644, -0.936001, 0.113867, 0.33307, -0.0015564, 0.0297394, 0.000796318 )

[node name="tea_cup3" parent="village_area/hut/tea_table/tea_cup" index="2" instance=ExtResource( 42 )]
transform = Transform( -0.464726, 0.0377553, -0.884649, 0.0678321, 0.997673, 0.00694525, 0.882853, -0.05678, -0.466205, -0.00157166, 0.0542603, 0.000796318 )

[node name="tea_cup4" parent="village_area/hut/tea_table/tea_cup" index="3" instance=ExtResource( 42 )]
transform = Transform( -0.81751, 0.225887, 0.529767, 0.167394, 0.973355, -0.156715, -0.551051, -0.0394362, -0.833539, -0.00157166, 0.080246, 0.000796318 )

[node name="tea_pot" parent="village_area/hut/tea_table" index="4" instance=ExtResource( 44 )]
transform = Transform( 0.83749, 0, 0.546453, 0, 1, 0, -0.546453, 0, 0.83749, -0.164627, 0.7173, 0.10495 )

[node name="bed_jackie" parent="village_area/hut" index="6" instance=ExtResource( 60 )]
transform = Transform( 0.0551165, 0, -0.998479, 0, 1, 0, 0.998479, 0, 0.0551165, -0.0132141, 4.08292, 3.06611 )

[node name="sofa" parent="village_area/hut" index="7" instance=ExtResource( 39 )]
transform = Transform( 0.400989, 0, -0.916083, 0, 1, 0, 0.916083, 0, 0.400989, -3.68472, 1, 1.14431 )

[node name="rock31" parent="village_area" index="1" instance=ExtResource( 15 )]
transform = Transform( 0.0453978, -0.872481, -0.486535, 0.998969, 0.0396496, 0.0221104, -1.49012e-08, -0.487037, 0.873381, -34.669, -1.35382, -65.5622 )

[node name="wall1" parent="village_area" index="2" instance=ExtResource( 38 )]
transform = Transform( 0.996535, 0, 0.0831735, 0, 1, 0, -0.0831735, 0, 0.996535, -42.491, -7.75381, 34.2805 )

[node name="target" parent="village_area" index="3" instance=ExtResource( 48 )]
transform = Transform( 1, 0, 0, 0, 1, 0, 0, 0, 1, -2.86996, -2.07481, -34.3901 )

[node name="target2" parent="village_area" index="4" instance=ExtResource( 48 )]
transform = Transform( -0.998095, 0, -0.061693, 0, 1, 0, 0.061693, 0, -0.998095, -7.63496, -2.67482, -34.9989 )

[node name="target3" parent="village_area" index="5" instance=ExtResource( 48 )]
transform = Transform( 1, 0, 0, 0, 1, 0, 0, 0, 1, -13.226, -2.57281, -35.1901 )

[node name="rock28" parent="village_area" index="6" instance=ExtResource( 15 )]
transform = Transform( 0.857751, 0.514065, -7.66017e-09, -0.146045, 0.243686, -0.958795, -0.492883, 0.822407, 0.284099, -31.991, 53.9242, -96.1515 )

[node name="rock27" parent="village_area" index="7" instance=ExtResource( 15 )]
transform = Transform( 0.932096, 0, 0.36221, 0, 1, 0, -0.36221, 0, 0.932096, -39.6, 30.8582, -92.4965 )

[node name="rock29" parent="village_area" index="8" instance=ExtResource( 52 )]
transform = Transform( 0.579011, 0, 0.81532, 0, 1, 0, -0.81532, 0, 0.579011, -40.47, 60.6542, -104.883 )

[node name="rock30" parent="village_area" index="9" instance=ExtResource( 15 )]
transform = Transform( 0.107028, -3.72529e-09, -0.994256, 0.381239, 0.923565, 0.0410388, 0.91826, -0.383441, 0.098847, -33.331, 64.9002, -93.3435 )

[node name="pillar6" parent="village_area" index="10" instance=ExtResource( 31 )]
transform = Transform( 0.353297, 0.534468, -0.767806, 0.902932, 0.0198954, 0.429323, 0.244735, -0.844955, -0.475559, -20.655, 68.0152, -94.0185 )

[node name="rock15" parent="village_area" index="11" instance=ExtResource( 24 )]
transform = Transform( -0.93222, -0.291605, -0.214318, -0.311812, 0.947799, 0.0667025, 0.18368, 0.129008, -0.974483, 87.675, 22.6272, 50.364 )

[node name="intro_npc" parent="village_area" index="12" instance=ExtResource( 18 )]
transform = Transform( 0.978946, 0, 0.20412, 0, 1, 0, -0.20412, 0, 0.978946, -18.282, -7.05283, 15.9389 )
dialog = ExtResource( 21 )
visual_name = "Landlord"

[node name="armstrong_npc" parent="village_area" index="13" instance=ExtResource( 18 )]
transform = Transform( 0.897689, 0, -0.440629, 0, 1, 0, 0.440629, 0, 0.897689, -35.223, -5.49382, -28.5292 )
script = ExtResource( 22 )
dialog = ExtResource( 50 )
visual_name = "Armstrong"
friendly_id = "armstrong"
accessory = ExtResource( 63 )
tutorial_node = NodePath("../tutorials")

[node name="town_pickups" type="MultiMeshSystem" parent="village_area" index="14"]
transform = Transform( 1, 0, 0, 0, 1, 0, 0, 0, 1, 12.333, 7.66718, 6.54477 )

[node name="bug_pickup" parent="village_area/town_pickups" index="0" instance=ExtResource( 14 )]
transform = Transform( -0.900782, 0, -0.434272, 0, 1, 0, 0.434272, 0, -0.900782, -35.7546, -5.21924, -34.8339 )

[node name="bug_pickup2" parent="village_area/town_pickups" index="1" instance=ExtResource( 14 )]
transform = Transform( -0.780958, -0.198222, 0.592294, -0.246018, 0.969265, -7.22159e-09, -0.57409, -0.145715, -0.805721, -33.3736, -5.63724, -38.6724 )

[node name="bug_pickup3" parent="village_area/town_pickups" index="2" instance=ExtResource( 14 )]
transform = Transform( -0.492792, -0.0352028, 0.869435, -0.0712537, 0.997458, 1.85791e-09, -0.867225, -0.0619505, -0.494048, -38.3166, -4.00224, -36.8047 )

[node name="bug_pickup17" parent="village_area/town_pickups" index="3" instance=ExtResource( 14 )]
transform = Transform( 1, 0, 0, 0, 1, 0, 0, 0, 1, -25.9066, -4.05824, 18.955 )

[node name="gem_pickup141" parent="village_area/town_pickups" index="4" instance=ExtResource( 20 )]
transform = Transform( 1, 0, 0, 0, 1, 0, 0, 0, 1, -54.8236, -5.63223, 28.2903 )

[node name="gem_pickup142" parent="village_area/town_pickups" index="5" instance=ExtResource( 20 )]
transform = Transform( 1, 0, 0, 0, 1, 0, 0, 0, 1, -56.0766, -4.95323, 24.8813 )

[node name="gem_pickup143" parent="village_area/town_pickups" index="6" instance=ExtResource( 20 )]
transform = Transform( 1, 0, 0, 0, 1, 0, 0, 0, 1, -56.7916, -6.05524, 17.5784 )

[node name="bug_pickup47" parent="village_area/town_pickups" index="7" instance=ExtResource( 14 )]
transform = Transform( 0.512672, 0, -0.858584, 0, 1, 0, 0.858584, 0, 0.512672, -57.5716, -12.6042, 25.4243 )

[node name="pistol_pickup2" parent="village_area/town_pickups" index="8" instance=ExtResource( 34 )]
transform = Transform( 0.936959, 0, 0.349439, 0, 1, 0, -0.349439, 0, 0.936959, -31.5916, -11.9582, -41.8265 )

[node name="pistol_pickup3" parent="village_area/town_pickups" index="9" instance=ExtResource( 34 )]
transform = Transform( 0.936959, 0, 0.349439, 0, 1, 0, -0.349439, 0, 0.936959, -31.8696, -11.9582, -42.9305 )

[node name="pistol_pickup4" parent="village_area/town_pickups" index="10" instance=ExtResource( 34 )]
transform = Transform( 0.936959, 0, 0.349439, 0, 1, 0, -0.349439, 0, 0.936959, -31.7186, -11.9582, -42.3636 )

[node name="wep_pistol_pickup" parent="village_area/town_pickups" index="11" instance=ExtResource( 45 )]
transform = Transform( -3.42961e-08, 2.7101e-08, -1, 0.0520311, 0.998645, 2.52798e-08, 0.998645, -0.0520311, -3.56597e-08, -33.7586, -10.9152, -43.6591 )
item_id = "wep_pistol"
preview = ExtResource( 46 )

[node name="capacitor_pickup" parent="village_area/town_pickups" index="12" instance=ExtResource( 12 )]
transform = Transform( 1, 0, 0, 0, 0.10283, 0.994699, 0, -0.994699, 0.10283, 63.5593, -12.3737, 39.8976 )
friendly_name = "cave_capacitor_124"

[node name="rock32" parent="village_area" index="15" instance=ExtResource( 52 )]
transform = Transform( -0.820865, -0.478924, 0.311146, -0.285342, 0.815841, 0.502974, -0.494732, 0.324091, -0.806353, 39.7958, 28.3822, -2.61483 )

[node name="dswitch_shortcut" parent="village_area" index="16" instance=ExtResource( 51 )]
transform = Transform( -0.993989, -0.109477, -1.73974e-08, 0.0125339, -0.113801, 0.993424, -0.108757, 0.987453, 0.114489, -40.69, 29.7302, -88.512 )
time_deactivate = 11.0

[node name="tutorials" type="Spatial" parent="village_area" index="17"]
transform = Transform( 1, 0, 0, 0, 1, 0, 0, 0, 1, -11.21, -5.72682, -24.4024 )

[node name="pistol" type="Spatial" parent="village_area/tutorials" index="0"]

[node name="ref_armstrong" type="Spatial" parent="village_area/tutorials/pistol" index="0"]
transform = Transform( 0.0630866, 0, -0.998008, 0, 1, 0, 0.998008, 0, 0.0630866, 12.1386, 0.644897, 1.34521 )

[node name="ref_player" type="Spatial" parent="village_area/tutorials/pistol" index="1"]
transform = Transform( 1, 0, 0, 0, 1, 0, 0, 0, 1, 6.24559, 0, 3.06249 )

[node name="prompt_shoot" type="Area" parent="village_area/tutorials/pistol" index="2"]
collision_layer = 0
collision_mask = 2
script = ExtResource( 54 )
enabled = false
input_actions = [ "combat_shoot" ]
text = "Fire"

[node name="CollisionShape" type="CollisionShape" parent="village_area/tutorials/pistol/prompt_shoot" index="0"]
transform = Transform( 1, 0, 0, 0, 1, 0, 0, 0, 1, 4.03036, 2.17842, 0 )
shape = SubResource( 262 )

[node name="prompt_aim" type="Area" parent="village_area/tutorials/pistol" index="3"]
transform = Transform( 1, 0, 0, 0, 1, 0, 0, 0, 1, 0, 0, -4.86374 )
collision_layer = 0
collision_mask = 2
script = ExtResource( 54 )
enabled = false
text = "Aim"

[node name="CollisionShape" type="CollisionShape" parent="village_area/tutorials/pistol/prompt_aim" index="0"]
transform = Transform( 1, 0, 0, 0, 1, 0, 0, 0, 1, 4.03036, 2.17842, 0 )
shape = SubResource( 262 )

[node name="hut_bath" parent="village_area" index="18" instance=ExtResource( 37 )]
transform = Transform( 0.354732, 0, -0.934968, 0, 1, 0, 0.934968, 0, 0.354732, -27.787, -6.15681, 27.8693 )

[node name="pail" parent="village_area/hut_bath" index="2" instance=ExtResource( 59 )]
transform = Transform( -0.84109, 0, -0.540896, 0, 1, 0, 0.540896, 0, -0.84109, 1.5953, -0.219009, -2.41946 )

[node name="pillar5" parent="village_area" index="19" instance=ExtResource( 31 )]
transform = Transform( 0.0167477, -0.999826, -0.00822058, 0.897533, 0.0186565, -0.440552, 0.440629, 2.98023e-08, 0.897689, 2.08205, -4.50282, -34.4595 )

[node name="rock1" parent="village_area" index="20" instance=ExtResource( 15 )]
transform = Transform( 1, 0, 0, 0, 0.947311, 0.320315, 0, -0.320315, 0.947311, -34.433, -2.63982, -43.7479 )

[node name="ReflectionProbe" type="ReflectionProbe" parent="village_area" index="21"]
transform = Transform( -0.00197713, 0, -0.999998, 0, 1, 0, 0.999998, 0, -0.00197713, -25.654, -2.91382, -31.0628 )
max_distance = 16384.0
extents = Vector3( 7.83775, 3.57362, 7.87931 )
origin_offset = Vector3( 2.54492, 0, -3.05566 )
enable_shadows = true
interior_enable = true

[node name="ReflectionProbe2" type="ReflectionProbe" parent="village_area" index="22"]
transform = Transform( 1, 0, 0, 0, 1, 0, 0, 0, 1, -21.6017, -2.84669, -24.4536 )
max_distance = 16384.0
extents = Vector3( 1.55691, 2.30765, 2.32843 )
origin_offset = Vector3( 0.0517578, -0.0644531, -0.777344 )
interior_ambient_color = Color( 0.403922, 0.403922, 0.403922, 1 )

[node name="enter_cave" type="Area" parent="village_area" index="23"]
transform = Transform( 1, 0, 0, 0, 1, 0, 0, 0, 1, 66.8006, 5.80942, 0 )
collision_layer = 0
collision_mask = 2
script = ExtResource( 64 )
stat = "cave_124_entered"

[node name="CollisionShape" type="CollisionShape" parent="village_area/enter_cave" index="0"]
transform = Transform( 0.999957, 0, 0.00931153, 0, 1, 0, -0.00931153, 0, 0.999957, -12.8106, 0, -0.731411 )
shape = SubResource( 272 )

[node name="npc_guard" parent="village_area" index="24" instance=ExtResource( 18 )]
transform = Transform( 0.627725, 0, -0.778435, 0, 1, 0, 0.778435, 0, 0.627725, 25.8233, -6.283, -7.78677 )
dialog = ExtResource( 62 )
visual_name = "Guard"

[node name="mountain_pickups" type="MultiMeshSystem" parent="." index="9"]
transform = Transform( 1, 0, 0, 0, 1, 0, 0, 0, 1, -147.011, -71.2366, -73.8094 )

[node name="bug_pickup4" parent="mountain_pickups" index="0" instance=ExtResource( 14 )]
transform = Transform( 1, 0, 0, 0, 1, 0, 0, 0, 1, 139.682, -61.7426, -107.522 )

[node name="bug_pickup5" parent="mountain_pickups" index="1" instance=ExtResource( 14 )]
transform = Transform( -0.0964016, 0, 0.995342, 0, 1, 0, -0.995342, 0, -0.0964016, 146.803, -57.4846, -110.53 )

[node name="bug_pickup6" parent="mountain_pickups" index="2" instance=ExtResource( 14 )]
transform = Transform( -0.0462348, 0, -0.998931, 0, 1, 0, 0.998931, 0, -0.0462348, 157.383, -57.5176, -115.239 )

[node name="bug_pickup7" parent="mountain_pickups" index="3" instance=ExtResource( 14 )]
transform = Transform( -0.0462348, 0, -0.998931, 0, 1, 0, 0.998931, 0, -0.0462348, 165.63, -56.6256, -114.628 )

[node name="gem_pickup" parent="mountain_pickups" index="4" instance=ExtResource( 20 )]
transform = Transform( 0.942938, 0, 0.332968, 0, 1, 0, -0.332968, 0, 0.942938, -0.144028, 1.32357, 6.07061 )
quantity = 3

[node name="gem_pickup2" parent="mountain_pickups" index="5" instance=ExtResource( 20 )]
transform = Transform( 0.942938, 0, 0.332968, 0, 1, 0, -0.332968, 0, 0.942938, 2.59798, -0.123421, 11.2026 )
quantity = 3

[node name="gem_pickup3" parent="mountain_pickups" index="6" instance=ExtResource( 20 )]
transform = Transform( 1, 0, 0, 0, 1, 0, 0, 0, 1, 11.441, -6.44543, 20.8548 )
quantity = 3

[node name="gem_pickup4" parent="mountain_pickups" index="7" instance=ExtResource( 20 )]
transform = Transform( 1, 0, 0, 0, 1, 0, 0, 0, 1, 11.446, -8.15243, 33.9643 )
quantity = 3

[node name="gem_pickup5" parent="mountain_pickups" index="8" instance=ExtResource( 20 )]
transform = Transform( 1, 0, 0, 0, 1, 0, 0, 0, 1, 13.21, -10.8454, 41.6717 )
quantity = 3

[node name="bug_pickup11" parent="mountain_pickups" index="9" instance=ExtResource( 14 )]
transform = Transform( -0.917297, 0, 0.398205, 0, 1, 0, -0.398205, 0, -0.917297, 0.968979, 5.38457, -2.17239 )

[node name="bug_pickup12" parent="mountain_pickups" index="10" instance=ExtResource( 14 )]
transform = Transform( -0.288731, 0, -0.95741, 0, 1, 0, 0.95741, 0, -0.288731, 0.654968, 6.44457, -3.05879 )

[node name="bug_pickup13" parent="mountain_pickups" index="11" instance=ExtResource( 14 )]
transform = Transform( -0.974492, 0, 0.224424, 0, 1, 0, -0.224424, 0, -0.974492, 1.75697, 4.58057, -4.1718 )

[node name="bug_pickup14" parent="mountain_pickups" index="12" instance=ExtResource( 14 )]
transform = Transform( 0.950817, 0.0827008, -0.298508, -0.0866515, 0.996239, 2.58242e-09, 0.297385, 0.0258662, 0.954407, 2.00298, 4.92558, -2.70979 )

[node name="bug_pickup15" parent="mountain_pickups" index="13" instance=ExtResource( 14 )]
transform = Transform( 0.954407, 0, -0.298508, 0, 1, 0, 0.298508, 0, 0.954407, 1.45396, 5.12658, -3.66599 )

[node name="bug_pickup50" parent="mountain_pickups" index="14" instance=ExtResource( 14 )]
transform = Transform( 1, 0, 0, 0, 1, 0, 0, 0, 1, -55.421, -39.9764, -48.5463 )

[node name="gem_pickup146" parent="mountain_pickups" index="15" instance=ExtResource( 20 )]
transform = Transform( 1, 0, 0, 0, 1, 0, 0, 0, 1, -76.904, -62.5776, -53.9123 )
quantity = 3

[node name="gem_pickup147" parent="mountain_pickups" index="16" instance=ExtResource( 20 )]
transform = Transform( 1, 0, 0, 0, 1, 0, 0, 0, 1, -69.258, -49.9436, -53.9123 )
quantity = 3

[node name="gem_pickup149" parent="mountain_pickups" index="17" instance=ExtResource( 20 )]
transform = Transform( 1, 0, 0, 0, 1, 0, 0, 0, 1, -47.846, -30.8994, -25.547 )
quantity = 3

[node name="gem_pickup150" parent="mountain_pickups" index="18" instance=ExtResource( 20 )]
transform = Transform( 1, 0, 0, 0, 1, 0, 0, 0, 1, -30.902, -12.1924, -12.2312 )
quantity = 3

[node name="gem_pickup148" parent="mountain_pickups" index="19" instance=ExtResource( 20 )]
transform = Transform( 1, 0, 0, 0, 1, 0, 0, 0, 1, -63.441, -49.9436, -63.7813 )
quantity = 3

[node name="gem_pickup10" parent="mountain_pickups" index="20" instance=ExtResource( 20 )]
transform = Transform( 1, 0, 0, 0, 1, 0, 0, 0, 1, 101.6, -113.023, 33.2317 )
quantity = 3

[node name="gem_pickup11" parent="mountain_pickups" index="21" instance=ExtResource( 20 )]
transform = Transform( 1, 0, 0, 0, 1, 0, 0, 0, 1, 103.618, -113.023, 29.1848 )
quantity = 3

[node name="gem_pickup12" parent="mountain_pickups" index="22" instance=ExtResource( 20 )]
transform = Transform( 1, 0, 0, 0, 1, 0, 0, 0, 1, 104.828, -113.023, 23.4352 )
quantity = 3

[node name="gem_pickup13" parent="mountain_pickups" index="23" instance=ExtResource( 20 )]
transform = Transform( 1, 0, 0, 0, 1, 0, 0, 0, 1, 104.968, -113.023, 17.3234 )
quantity = 3

[node name="gem_pickup14" parent="mountain_pickups" index="24" instance=ExtResource( 20 )]
transform = Transform( 1, 0, 0, 0, 1, 0, 0, 0, 1, 103.682, -112.664, 11.3865 )
quantity = 3

[node name="bug_pickup16" parent="mountain_pickups" index="25" instance=ExtResource( 14 )]
transform = Transform( -0.864889, 0, 0.501964, 0, 1, 0, -0.501964, 0, -0.864889, 100.583, -109.545, 5.38161 )

[node name="gem_pickup6" parent="mountain_pickups" index="26" instance=ExtResource( 20 )]
transform = Transform( 1, 0, 0, 0, 1, 0, 0, 0, 1, -58.584, -151.369, -111.884 )
quantity = 3

[node name="gem_pickup7" parent="mountain_pickups" index="27" instance=ExtResource( 20 )]
transform = Transform( 1, 0, 0, 0, 1, 0, 0, 0, 1, -37.119, -131.97, -92.8853 )
quantity = 3

[node name="bug_pickup49" parent="mountain_pickups" index="28" instance=ExtResource( 14 )]
transform = Transform( 1, 0, 0, 0, 1, 0, 0, 0, 1, -82.91, -86.7576, -29.5256 )

[node name="gem_pickup144" parent="mountain_pickups" index="29" instance=ExtResource( 20 )]
transform = Transform( 1, 0, 0, 0, 1, 0, 0, 0, 1, -92.579, -80.8476, -30.8426 )
quantity = 3

[node name="gem_pickup145" parent="mountain_pickups" index="30" instance=ExtResource( 20 )]
transform = Transform( 1, 0, 0, 0, 1, 0, 0, 0, 1, -90.558, -81.7546, -30.7966 )
quantity = 3

[node name="gem_pickup101" parent="mountain_pickups" index="31" instance=ExtResource( 20 )]
transform = Transform( 1, 0, 0, 0, 1, 0, 0, 0, 1, -78.524, -100.514, 222.639 )

[node name="gem_pickup102" parent="mountain_pickups" index="32" instance=ExtResource( 20 )]
transform = Transform( 1, 0, 0, 0, 1, 0, 0, 0, 1, -72.155, -100.514, 223.592 )

[node name="gem_pickup103" parent="mountain_pickups" index="33" instance=ExtResource( 20 )]
transform = Transform( 1, 0, 0, 0, 1, 0, 0, 0, 1, -64.696, -100.514, 222.753 )

[node name="gem_pickup104" parent="mountain_pickups" index="34" instance=ExtResource( 20 )]
transform = Transform( 1, 0, 0, 0, 1, 0, 0, 0, 1, -56.668, -100.514, 219.295 )

[node name="gem_pickup105" parent="mountain_pickups" index="35" instance=ExtResource( 20 )]
transform = Transform( 1, 0, 0, 0, 1, 0, 0, 0, 1, -99.935, -140.506, 264.828 )

[node name="gem_pickup106" parent="mountain_pickups" index="36" instance=ExtResource( 20 )]
transform = Transform( 1, 0, 0, 0, 1, 0, 0, 0, 1, -87.869, -141.201, 264.828 )

[node name="gem_pickup107" parent="mountain_pickups" index="37" instance=ExtResource( 20 )]
transform = Transform( 1, 0, 0, 0, 1, 0, 0, 0, 1, -77.465, -141.201, 267.07 )

[node name="gem_pickup108" parent="mountain_pickups" index="38" instance=ExtResource( 20 )]
transform = Transform( 1, 0, 0, 0, 1, 0, 0, 0, 1, -66.165, -141.201, 267.788 )

[node name="gem_pickup109" parent="mountain_pickups" index="39" instance=ExtResource( 20 )]
transform = Transform( 1, 0, 0, 0, 1, 0, 0, 0, 1, -53.7, -138.794, 269.134 )

[node name="gem_pickup110" parent="mountain_pickups" index="40" instance=ExtResource( 20 )]
transform = Transform( 1, 0, 0, 0, 1, 0, 0, 0, 1, -43.498, -138.794, 264.899 )

[node name="gem_pickup111" parent="mountain_pickups" index="41" instance=ExtResource( 20 )]
transform = Transform( 1, 0, 0, 0, 1, 0, 0, 0, 1, -27.88, -138.794, 256.006 )

[node name="gem_pickup112" parent="mountain_pickups" index="42" instance=ExtResource( 20 )]
transform = Transform( 1, 0, 0, 0, 1, 0, 0, 0, 1, -16.183, -138.794, 245.113 )

[node name="gem_pickup113" parent="mountain_pickups" index="43" instance=ExtResource( 20 )]
transform = Transform( 1, 0, 0, 0, 1, 0, 0, 0, 1, -4.11504, -137.425, 239.625 )

[node name="gem_pickup114" parent="mountain_pickups" index="44" instance=ExtResource( 20 )]
transform = Transform( 1, 0, 0, 0, 1, 0, 0, 0, 1, 7.86298, -137.425, 233.113 )

[node name="gem_pickup115" parent="mountain_pickups" index="45" instance=ExtResource( 20 )]
transform = Transform( 1, 0, 0, 0, 1, 0, 0, 0, 1, 22.583, -137.425, 224.001 )

[node name="gem_pickup116" parent="mountain_pickups" index="46" instance=ExtResource( 20 )]
transform = Transform( 1, 0, 0, 0, 1, 0, 0, 0, 1, 36.596, -137.425, 213.245 )

[node name="gem_pickup117" parent="mountain_pickups" index="47" instance=ExtResource( 20 )]
transform = Transform( 1, 0, 0, 0, 1, 0, 0, 0, 1, 52.3252, -137.425, 197.227 )

[node name="bug_pickup48" parent="mountain_pickups" index="48" instance=ExtResource( 14 )]
transform = Transform( 1, 0, 0, 0, 1, 0, 0, 0, 1, -95.029, -71.7866, -52.7333 )

[node name="palace_area" type="Spatial" parent="." index="10"]
transform = Transform( 1, 0, 0, 0, 1, 0, 0, 0, 1, 156.818, -240.56, -54.8446 )

[node name="palace1" parent="palace_area" index="0" instance=ExtResource( 1 )]
transform = Transform( -0.807444, 0, 0.589944, 0.0384403, 0.997875, 0.0526125, -0.58869, 0.0651593, -0.805728, 7.1944, -10.9601, 0.079258 )

[node name="pickups" type="MultiMeshSystem" parent="palace_area/palace1" index="0"]
transform = Transform( 1, 0, 2.98023e-08, 3.72529e-09, 1, 0, -5.96046e-08, 3.72529e-09, 1, 0, 0, 0 )

[node name="gem_pickup134" parent="palace_area/palace1/pickups" index="0" instance=ExtResource( 20 )]
transform = Transform( -0.807444, 0.0384404, -0.588691, -2.2435e-08, 0.997875, 0.0651593, 0.589944, 0.0526125, -0.805728, -14.1563, 10.7955, -61.6505 )

[node name="bug_pickup41" parent="palace_area/palace1/pickups" index="1" instance=ExtResource( 14 )]
transform = Transform( -0.807444, 0.0384404, -0.588691, -2.2435e-08, 0.997875, 0.0651593, 0.589944, 0.0526125, -0.805728, -29.0173, 14.4089, 24.8602 )

[node name="bug_pickup42" parent="palace_area/palace1/pickups" index="2" instance=ExtResource( 14 )]
transform = Transform( -0.807444, 0.0384404, -0.588691, -2.2435e-08, 0.997875, 0.0651593, 0.589944, 0.0526125, -0.805728, -30.6218, 15.232, 25.7408 )

[node name="bug_pickup43" parent="palace_area/palace1/pickups" index="3" instance=ExtResource( 14 )]
transform = Transform( -0.807444, 0.0384404, -0.588691, -2.2435e-08, 0.997875, 0.0651593, 0.589944, 0.0526125, -0.805728, -30.4756, 14.6676, 23.717 )

[node name="bug_pickup16" parent="palace_area/palace1/pickups" index="4" instance=ExtResource( 14 )]
transform = Transform( 0.338828, -0.306706, -0.889454, -0.14823, 0.916165, -0.372384, 0.929099, 0.258017, 0.264959, 99.7152, 2.64732, -76.3692 )

[node name="bug_pickup17" parent="palace_area/palace1/pickups" index="5" instance=ExtResource( 14 )]
transform = Transform( 0.28805, 0.0384404, 0.956844, 0.0393509, 0.997875, -0.051935, -0.956807, 0.0526125, 0.285926, 100.305, 4.7036, -74.0996 )

[node name="bug_pickup18" parent="palace_area/palace1/pickups" index="6" instance=ExtResource( 14 )]
transform = Transform( -0.561913, 0.0384404, -0.826303, -0.0219521, 0.997875, 0.0613501, 0.826905, 0.0526125, -0.559875, 101.059, 4.67041, -74.0214 )

[node name="coat_pickup" parent="palace_area/palace1/pickups" index="7" instance=ExtResource( 17 )]
transform = Transform( 0.345812, 0.0384404, 0.937517, 0.0361136, 0.997875, -0.054236, -0.937609, 0.0526125, 0.343689, 97.0155, 4.41896, -77.4166 )

[node name="pistol_pickup" parent="palace_area/palace1/pickups" index="8" instance=ExtResource( 34 )]
transform = Transform( -0.807444, 0.0384404, -0.588691, -2.2435e-08, 0.997875, 0.0651593, 0.589944, 0.0526125, -0.805728, 142.002, 19.4507, -82.6456 )

[node name="bug_pickup45" parent="palace_area/palace1/pickups" index="9" instance=ExtResource( 14 )]
transform = Transform( 0.712051, 0.0384404, -0.701075, -0.0642936, 0.997875, -0.0105861, 0.699178, 0.0526125, 0.713009, -55.7542, 5.47755, -4.97739 )

[node name="bug_pickup46" parent="palace_area/palace1/pickups" index="10" instance=ExtResource( 14 )]
transform = Transform( -0.807444, 0.0384404, -0.588691, -2.2435e-08, 0.997875, 0.0651593, 0.589944, 0.0526125, -0.805728, -58.0464, 6.3298, -4.35679 )

[node name="gem_pickup137" parent="palace_area/palace1/pickups" index="11" instance=ExtResource( 20 )]
transform = Transform( -0.807444, 0.0384404, -0.588691, -1.7691e-08, 0.997875, 0.0651593, 0.589944, 0.0526125, -0.805728, -56.0921, 8.80371, -2.72401 )

