[gd_scene load_steps=59 format=2]

[ext_resource path="res://areas/chunk_content.gd" type="Script" id=1]
[ext_resource path="res://items/item_pickup.tscn" type="PackedScene" id=2]
[ext_resource path="res://material/death_plane.shader" type="Shader" id=3]
[ext_resource path="res://entities/death_plane.tscn" type="PackedScene" id=4]
[ext_resource path="res://entities/env/stone/fountain.tscn" type="PackedScene" id=5]
[ext_resource path="res://entities/water_hut.tscn" type="PackedScene" id=6]
[ext_resource path="res://items/bug_pickup.tscn" type="PackedScene" id=7]
[ext_resource path="res://entities/env/stone/rock1.tscn" type="PackedScene" id=8]
[ext_resource path="res://entities/env/copper/crate1.tscn" type="PackedScene" id=9]
[ext_resource path="res://entities/env/stone/glass-furnace.tscn" type="PackedScene" id=10]
[ext_resource path="res://entities/env/stone/rock2.tscn" type="PackedScene" id=11]
[ext_resource path="res://entities/env/copper/glass-tools.tscn" type="PackedScene" id=12]
[ext_resource path="res://items/random_ammo_pickup.tscn" type="PackedScene" id=13]
[ext_resource path="res://entities/env/vaeler/v_rifle.tscn" type="PackedScene" id=14]
[ext_resource path="res://entities/env/plants/tree1.tscn" type="PackedScene" id=15]
[ext_resource path="res://entities/env/plants/cactus_round.tscn" type="PackedScene" id=16]
[ext_resource path="res://entities/env/plants/juniper_small.tscn" type="PackedScene" id=17]
[ext_resource path="res://entities/env/plants/cactus_round_flower.tscn" type="PackedScene" id=18]
[ext_resource path="res://entities/env/stone/rock_collapsible.tscn" type="PackedScene" id=19]
[ext_resource path="res://entities/enemies/crawly.tscn" type="PackedScene" id=20]
[ext_resource path="res://entities/env/copper/scrap2.tscn" type="PackedScene" id=21]
[ext_resource path="res://entities/env/stone/wall1.tscn" type="PackedScene" id=22]
[ext_resource path="res://entities/env/stone/pillar.tscn" type="PackedScene" id=23]
[ext_resource path="res://entities/env/copper/scrap3.tscn" type="PackedScene" id=24]
[ext_resource path="res://entities/env/stone/ruin1.tscn" type="PackedScene" id=25]
[ext_resource path="res://entities/env/stone/garden_empty.tscn" type="PackedScene" id=26]
[ext_resource path="res://ui/items/vis/mesh_hover_scooter.tscn" type="PackedScene" id=27]
[ext_resource path="res://entities/env/furniture/sitting_pillow.tscn" type="PackedScene" id=28]
[ext_resource path="res://entities/env/furniture/stump_table.tscn" type="PackedScene" id=29]
[ext_resource path="res://entities/env/stone/cup.tscn" type="PackedScene" id=30]
[ext_resource path="res://entities/env/stone/water_pot.tscn" type="PackedScene" id=31]
[ext_resource path="res://entities/wardrobe.tscn" type="PackedScene" id=32]
[ext_resource path="res://entities/env/furniture/bed_native.tscn" type="PackedScene" id=33]
[ext_resource path="res://entities/env/copper/table2.tscn" type="PackedScene" id=34]
[ext_resource path="res://material/env/transparent.shader" type="Shader" id=35]
[ext_resource path="res://material/mum/sketches.png" type="Texture" id=36]
[ext_resource path="res://audio/pickup/paper_pickup.wav" type="AudioStream" id=37]
[ext_resource path="res://entities/env/stone/rock_kinematic.tscn" type="PackedScene" id=38]
[ext_resource path="res://entities/env/furniture/carpet.tscn" type="PackedScene" id=39]
[ext_resource path="res://entities/env/stone/hut.tscn" type="PackedScene" id=40]
[ext_resource path="res://entities/env/furniture/bottle2.tscn" type="PackedScene" id=41]
[ext_resource path="res://items/gem_pickup.tscn" type="PackedScene" id=42]
[ext_resource path="res://entities/env/furniture/bottle1.tscn" type="PackedScene" id=43]
[ext_resource path="res://items/mesh/armor_piece.tscn" type="PackedScene" id=44]
[ext_resource path="res://entities/env/furniture/glass1.tscn" type="PackedScene" id=45]
[ext_resource path="res://entities/env/copper/c_table.tscn" type="PackedScene" id=46]
[ext_resource path="res://entities/dialog_node.gd" type="Script" id=47]
[ext_resource path="res://dialog/main/mum_found_sketches.dialog" type="Resource" id=48]
[ext_resource path="res://entities/env/plants/tree2.tscn" type="PackedScene" id=49]
[ext_resource path="res://entities/env/plants/tree3.tscn" type="PackedScene" id=50]
[ext_resource path="res://entities/env/vaeler/cannon_wheel.tscn" type="PackedScene" id=51]
[ext_resource path="res://entities/env/vaeler/cannon.tscn" type="PackedScene" id=52]
[ext_resource path="res://entities/env/vaeler/saddle.tscn" type="PackedScene" id=53]
[ext_resource path="res://entities/enemies/gunner.tscn" type="PackedScene" id=54]

[sub_resource type="ShaderMaterial" id=1]
resource_local_to_scene = true
shader = ExtResource( 3 )
shader_param/max_depth = 20.0
shader_param/depth_color = null

[sub_resource type="QuadMesh" id=2]

[sub_resource type="ShaderMaterial" id=3]
shader = ExtResource( 35 )
shader_param/subsurface_scattering = null
shader_param/softness = 1.0
shader_param/specularity = 1.0
shader_param/alpha_clip = 0.75
shader_param/main_texture = ExtResource( 36 )

[sub_resource type="Gradient" id=4]
colors = PoolColorArray( 0.683594, 1, 0.985168, 1, 0, 0.296875, 1, 1 )

[node name="chunk097" type="MultiMeshSystem"]
script = ExtResource( 1 )

[node name="zone_bowl" type="Spatial" parent="."]
transform = Transform( 1, 0, 0, 0, 1, 0, 0, 0, 1, 29.5237, 372.08, -39.5793 )

[node name="tree3" parent="zone_bowl" instance=ExtResource( 50 )]
transform = Transform( -0.832608, 0, -0.553862, 0, 1, 0, 0.553862, 0, -0.832608, 24.4815, -25.4359, -27.1813 )

[node name="rock11" parent="zone_bowl" instance=ExtResource( 11 )]
transform = Transform( 0.962693, -0.246656, 0.111276, 0.270595, 0.877526, -0.395886, 0, 0.411228, 0.911533, 172.166, 27.1811, -61.7087 )

[node name="rock12" parent="zone_bowl" instance=ExtResource( 8 )]
transform = Transform( 0.450508, 0.813794, -0.367127, -0.403881, -0.18096, -0.896735, -0.796193, 0.552262, 0.247151, 182.226, 31.0671, -77.7437 )

[node name="tree2" parent="zone_bowl" instance=ExtResource( 49 )]
transform = Transform( 1, 0, 0, 0, 1, 0, 0, 0, 1, 9.90986, 2.96912, -53.6152 )

[node name="tree4" parent="zone_bowl" instance=ExtResource( 49 )]
transform = Transform( -0.528825, 0, -0.848731, 0, 1, 0, 0.848731, 0, -0.528825, 59.7971, 26.7261, -93.9937 )

[node name="tree5" parent="zone_bowl" instance=ExtResource( 49 )]
transform = Transform( 1, 0, 0, 0, 1, 0, 0, 0, 1, 5.25506, -25.1859, -21.2312 )

[node name="rock1" parent="zone_bowl" instance=ExtResource( 8 )]
transform = Transform( 1, 0, 0, 0, 0.520186, -0.854053, 0, 0.854053, 0.520186, -27.664, -3.66489, 30.1443 )

[node name="rock14" parent="zone_bowl" instance=ExtResource( 11 )]
transform = Transform( 0.989148, 0.0880393, 0.117623, 0.0852596, -0.995952, 0.0284687, 0.119653, -0.0181312, -0.99265, 222.705, 48.0831, -70.1037 )

[node name="fountain" parent="zone_bowl" instance=ExtResource( 5 )]
transform = Transform( 1, 0, 0, 0, 1, 0, 0, 0, 1, -10.1444, -26.0409, -9.75389 )

[node name="zone_old_village" type="Spatial" parent="."]
transform = Transform( 1, 0, 0, 0, 1, 0, 0, 0, 1, 347.953, 430.476, 15.0423 )

[node name="hut4" parent="zone_old_village" instance=ExtResource( 40 )]
transform = Transform( -0.86165, 0, 0.507502, 0, 1, 0, -0.507502, 0, -0.86165, -8.25531, 9.34238, -11.1459 )

[node name="mums_hut" parent="zone_old_village" instance=ExtResource( 40 )]
transform = Transform( -0.98513, 0, 0.171808, 0, 1, 0, -0.171808, 0, -0.98513, -5.50565, 27.1746, 114.13 )

[node name="water_hut" parent="zone_old_village" instance=ExtResource( 6 )]
transform = Transform( -0.131516, 0, -0.991314, 0, 1, 0, 0.991314, 0, -0.131516, -77.4421, -5.32056, -67.073 )
open = true

[node name="fountain" parent="zone_old_village/water_hut" instance=ExtResource( 5 )]
transform = Transform( 1, 0, 0, 0, 0.996625, -0.0820858, 0, 0.0820857, 0.996625, 0, 0.258087, 0 )

[node name="table2" parent="zone_old_village" instance=ExtResource( 34 )]
transform = Transform( -0.622484, 0.068982, -0.779587, 0.268703, 0.954396, -0.130103, 0.73506, -0.290464, -0.612632, -2.31641, 9.20541, -22.3639 )

[node name="glass-furnace" parent="zone_old_village" instance=ExtResource( 10 )]
transform = Transform( 1, 0, 0, 0, 1, 0, 0, 0, 1, -41.4764, 1.29291, -70.3756 )
light_enabled = false

[node name="tree1" parent="zone_old_village" instance=ExtResource( 15 )]
transform = Transform( 1, 0, 0, 0, 1, 0, 0, 0, 1, -38.1635, 31.1463, 81.6231 )

[node name="scrap3" parent="zone_old_village" instance=ExtResource( 24 )]
transform = Transform( 0.977821, -0.209442, 3.64267e-09, 0.202087, 0.943485, 0.262673, -0.0550148, -0.256848, 0.964885, 6.04105, -0.648529, 18.5101 )

[node name="scrap2" parent="zone_old_village/scrap3" instance=ExtResource( 21 )]
transform = Transform( 0.0116479, -0.153726, -0.988045, 0.997142, 0.0755534, 3.72529e-08, 0.0746502, -0.985221, 0.154167, -4.26883, 1.75958, -5.14813 )

[node name="scrap4" parent="zone_old_village/scrap3" instance=ExtResource( 21 )]
transform = Transform( 0.847026, 0.531551, -5.80492e-16, -0.531551, 0.847026, -1.49012e-08, -7.92073e-09, 1.26217e-08, 1, 15.6107, 3.68262, 6.93852 )

[node name="garden_empty" parent="zone_old_village" instance=ExtResource( 26 )]
transform = Transform( 0.294497, 0.0501245, 0.954337, -0.167791, 0.985823, 0, -0.940807, -0.160129, 0.298732, -27.561, -2.62506, 12.1639 )

[node name="ruin3" parent="zone_old_village" instance=ExtResource( 25 )]
transform = Transform( -0.943575, 9.31323e-09, -0.331159, -0.019036, 0.998346, 0.0542396, 0.330611, 0.0574831, -0.942015, -12.835, 32.7258, -106.708 )

[node name="wall2" parent="zone_old_village" instance=ExtResource( 22 )]
transform = Transform( 0.948053, 0, -0.318112, 0, 1, 0, 0.318112, 0, 0.948053, -19.8339, -2.54907, 13.5284 )

[node name="wall2" parent="zone_old_village/wall2" instance=ExtResource( 22 )]
transform = Transform( 0.948053, 0, 0.318112, 0, 1, 0, -0.318112, 0, 0.948053, 5.37363, -0.675842, 23.326 )

[node name="pillar" parent="zone_old_village" instance=ExtResource( 23 )]
transform = Transform( 1, 0, 0, 0, 1, 0, 0, 0, 1, 9.08063, -2.06931, -4.75128 )

[node name="pillar2" parent="zone_old_village" instance=ExtResource( 23 )]
transform = Transform( 0.947821, -0.318804, -7.38087e-10, 0.0043821, 0.0130282, 0.999905, -0.318774, -0.947731, 0.0137454, -55.7251, -2.06931, 38.5623 )

[node name="ruin1" parent="zone_old_village" instance=ExtResource( 25 )]
transform = Transform( -0.631283, 0, 0.775552, 0, 1, 0, -0.775552, 0, -0.631283, -76.5266, -9.30637, -11.259 )

[node name="ruin2" parent="zone_old_village" instance=ExtResource( 25 )]
transform = Transform( 0.0261705, 0.173812, -0.984431, 0.139044, 0.974563, 0.175766, 0.98994, -0.141479, 0.0013372, -42.2175, -6.59918, -23.215 )

[node name="hut2" parent="zone_old_village" instance=ExtResource( 40 )]
transform = Transform( -0.940341, 0, -0.340235, 0, 1, 0, 0.340235, 0, -0.940341, 21.6085, 34.0336, -100.055 )

[node name="hut3" parent="zone_old_village" instance=ExtResource( 40 )]
transform = Transform( 0.715628, 0, -0.698482, 0, 1, 0, 0.698482, 0, 0.715628, 13.5469, 34.0336, -117.699 )

[node name="wall1" parent="zone_old_village" instance=ExtResource( 22 )]
transform = Transform( 0.949958, 0.127869, -0.285007, 0, 0.912381, 0.409342, 0.312377, -0.388858, 0.866724, 35.3807, 27.3842, -112.671 )

[node name="garden_empty4" parent="zone_old_village" instance=ExtResource( 26 )]
transform = Transform( 0.998882, -0.0472731, 0, 0.000605656, 0.0127975, -0.999918, 0.0472692, 0.9988, 0.0128119, -1.40729, 33.9597, -94.5054 )

[node name="rock2" parent="zone_old_village" instance=ExtResource( 8 )]
transform = Transform( -0.00169062, 0.232927, -0.972493, -0.000404976, -0.972494, -0.232926, -0.999999, 4.6246e-08, 0.00173845, -38.4056, -1.52609, -2.77042 )

[node name="pillar3" parent="zone_old_village" instance=ExtResource( 23 )]
transform = Transform( 1, 0, 0, 0, 1, 0, 0, 0, 1, -26.7537, 17.739, -122.454 )

[node name="wall3" parent="zone_old_village" instance=ExtResource( 22 )]
transform = Transform( 0.951524, 0.13139, -0.278099, 0, 0.904166, 0.427181, 0.307575, -0.406473, 0.860335, -62.489, -9.93802, -13.0993 )

[node name="rock3" parent="zone_old_village" instance=ExtResource( 8 )]
transform = Transform( 1, 0, 0, 0, 0.481796, 0.876283, 0, -0.876283, 0.481796, -0.729492, 8.24695, 78.1604 )

[node name="rock1" parent="zone_old_village" instance=ExtResource( 8 )]
transform = Transform( -0.956521, -0.270313, 0.109539, -3.28331e-08, -0.375566, -0.926796, 0.291664, -0.886499, 0.359237, -49.922, 2.75366, 52.4574 )

[node name="garden_empty3" parent="zone_old_village" instance=ExtResource( 26 )]
transform = Transform( -0.156337, 0.041648, -0.986825, -0.0728953, 0.995899, 0.0535793, 0.98501, 0.0803114, -0.15266, 3.60211, 8.9288, -41.5899 )

[node name="garden_empty2" parent="zone_old_village" instance=ExtResource( 26 )]
transform = Transform( 0.864654, 0.0669153, 0.497892, 0, 0.991089, -0.1332, -0.502368, 0.115172, 0.856949, -6.17416, 10.1125, -46.78 )

[node name="zone_village2" type="Spatial" parent="."]
transform = Transform( 1, 0, 0, 0, 1, 0, 0, 0, 1, 160.322, 436.22, 43.128 )

[node name="pillar3" parent="zone_village2" instance=ExtResource( 23 )]
transform = Transform( 1, 0, 0, 0, 1, 0, 0, 0, 1, 6.8495, -6.67236, 1.26682 )

[node name="pillar" parent="zone_village2" instance=ExtResource( 23 )]
transform = Transform( 1, 0, 0, 0, 1, 0, 0, 0, 1, 19.1715, -9.81537, 31.2025 )

[node name="rock1" parent="zone_village2" instance=ExtResource( 8 )]
transform = Transform( 0.00164337, -0.999999, 0, 0.999999, 0.00164337, 0, 0, 0, 1, -74.9445, 5.39264, -7.22118 )

[node name="fountain" parent="zone_village2" instance=ExtResource( 5 )]
transform = Transform( 1, 0, 0, 0, 1, 0, 0, 0, 1, 68.9725, 6.33664, 33.6429 )

[node name="hut" parent="zone_village2" instance=ExtResource( 40 )]
transform = Transform( 1, 0, 0, 0, 1, 0, 0, 0, 1, 68.0695, 6.13562, 14.8745 )

[node name="active_entities" type="Spatial" parent="."]

[node name="zone_bowl" type="MultiMeshSystem" parent="active_entities"]
transform = Transform( 1, 0, 0, 0, 1, 0, 0, 0, 1, 29.5237, 372.08, -39.5793 )

[node name="cactus_round" parent="active_entities/zone_bowl" instance=ExtResource( 16 )]
transform = Transform( 1, 0, 0, 0, 1, 0, 0, 0, 1, -8.04624, -25.9539, -6.30799 )

[node name="cactus_round2" parent="active_entities/zone_bowl" instance=ExtResource( 16 )]
transform = Transform( 1, 0, 0, 0, 1, 0, 0, 0, 1, -8.63535, -26.1809, -4.20869 )

[node name="cactus_round3" parent="active_entities/zone_bowl" instance=ExtResource( 16 )]
transform = Transform( 1, 0, 0, 0, 1, 0, 0, 0, 1, -4.33755, -26.0819, -5.62839 )

[node name="bug_pickup" parent="active_entities/zone_bowl" instance=ExtResource( 7 )]
transform = Transform( 1, 0, 0, 0, 1, 0, 0, 0, 1, 25.4697, -1.23489, -27.2164 )

[node name="bug_pickup2" parent="active_entities/zone_bowl" instance=ExtResource( 7 )]
transform = Transform( 1, 0, 0, 0, 1, 0, 0, 0, 1, -8.19044, -24.7819, -7.82119 )

[node name="bug_pickup3" parent="active_entities/zone_bowl" instance=ExtResource( 7 )]
transform = Transform( 1, 0, 0, 0, 1, 0, 0, 0, 1, -10.7289, -21.9989, -10.3142 )

[node name="bug_pickup4" parent="active_entities/zone_bowl" instance=ExtResource( 7 )]
transform = Transform( 1, 0, 0, 0, 1, 0, 0, 0, 1, -26.2506, 2.86209, 29.6018 )

[node name="bug_pickup5" parent="active_entities/zone_bowl" instance=ExtResource( 7 )]
transform = Transform( 1, 0, 0, 0, 1, 0, 0, 0, 1, -66.9642, 28.9171, 34.7186 )

[node name="bug_pickup6" parent="active_entities/zone_bowl" instance=ExtResource( 7 )]
transform = Transform( 1, 0, 0, 0, 1, 0, 0, 0, 1, -58.3441, 39.2851, 14.5776 )

[node name="death_plane" parent="active_entities/zone_bowl" instance=ExtResource( 4 )]
transform = Transform( 24.6384, -23.9397, -3.14189e-08, 0, -1.45585e-06, 1, -25.4727, -23.1555, -3.03898e-08, -68.8336, -41.6969, -3.49359 )
skeleton = NodePath("../../..")
material/0 = SubResource( 1 )

[node name="death_plane2" parent="active_entities/zone_bowl" instance=ExtResource( 4 )]
transform = Transform( 24.6384, -23.9397, -3.14189e-08, 0, -1.45585e-06, 1, -25.4727, -23.1555, -3.03898e-08, -68.8336, -52.9659, -3.49359 )
skeleton = NodePath("../../..")
material/0 = SubResource( 1 )

[node name="bug_pickup7" parent="active_entities/zone_bowl" instance=ExtResource( 7 )]
transform = Transform( 1, 0, 0, 0, 1, 0, 0, 0, 1, -76.9722, 95.4301, 2.75641 )
quantity = 8

[node name="bug_pickup8" parent="active_entities/zone_bowl" instance=ExtResource( 7 )]
transform = Transform( 1, 0, 0, 0, 1, 0, 0, 0, 1, -47.3011, 95.0121, 5.50381 )
quantity = 8

[node name="bug_pickup9" parent="active_entities/zone_bowl" instance=ExtResource( 7 )]
transform = Transform( 1, 0, 0, 0, 1, 0, 0, 0, 1, -34.5438, 113.233, -36.6561 )

[node name="zone_old_village" type="MultiMeshSystem" parent="active_entities"]
transform = Transform( 1, 0, 0, 0, 1, 0, 0, 0, 1, 347.953, 430.476, 15.0423 )

[node name="mum" type="Spatial" parent="active_entities/zone_old_village"]
transform = Transform( -0.98513, 0, 0.171808, 0, 1, 0, -0.171808, 0, -0.98513, -5.50565, 27.1746, 114.13 )

[node name="item_dialog" type="Node" parent="active_entities/zone_old_village/mum"]
script = ExtResource( 47 )
dialog_sequence = ExtResource( 48 )
friendly_id = "found_097"

[node name="pickup_sketches" parent="active_entities/zone_old_village/mum" instance=ExtResource( 2 )]
transform = Transform( -0.98513, -0.0013624, -0.171802, 0, 0.999969, -0.00792979, 0.171808, -0.00781187, -0.9851, -2.95068, 4.13358, 1.43814 )
item_id = "mum_sketches"
custom_sound = ExtResource( 37 )

[node name="MeshInstance" type="MeshInstance" parent="active_entities/zone_old_village/mum/pickup_sketches"]
transform = Transform( 0.999855, 3.70164e-10, -0.0170474, 0.0170474, -4.34215e-08, 0.999855, -3.70164e-10, -1, -4.34215e-08, 0, 0.00088501, 0 )
mesh = SubResource( 2 )
material/0 = SubResource( 3 )

[node name="c_table" parent="active_entities/zone_old_village/mum" instance=ExtResource( 46 )]
transform = Transform( 0.301651, 0.945607, 0.121793, -0.945607, 0.28041, 0.164915, 0.121793, -0.164915, 0.978759, -1.46777, 4.39594, 2.79985 )

[node name="stamina_up_pickup" parent="active_entities/zone_old_village/mum" instance=ExtResource( 2 )]
transform = Transform( -0.21387, 0.924164, 0.316514, 0, -0.324011, 0.946053, 0.976862, 0.202332, 0.0692962, 0.717651, 0.992432, -0.451096 )
item_id = "stamina_up"

[node name="preview" parent="active_entities/zone_old_village/mum/stamina_up_pickup" instance=ExtResource( 41 )]
transform = Transform( 1, 5.96046e-08, 2.23517e-08, 5.96046e-08, 1, -4.47035e-08, 1.49012e-08, 1.49012e-08, 1, 0.0322037, -0.153534, 0.0258179 )
palette = SubResource( 4 )

[node name="bottle2" parent="active_entities/zone_old_village/mum" instance=ExtResource( 41 )]
transform = Transform( 0.631277, -0.671824, -0.387481, 0.386455, -0.160684, 0.908203, -0.672415, -0.723072, 0.158194, -1.32419, 1.01993, 1.03699 )

[node name="bottle3" parent="active_entities/zone_old_village/mum" instance=ExtResource( 41 )]
transform = Transform( 0.240519, 0.752707, -0.612849, -0.734304, -0.271811, -0.622026, -0.634782, 0.599627, 0.48734, -1.53149, 1.0434, 0.154221 )

[node name="bottle4" parent="active_entities/zone_old_village/mum" instance=ExtResource( 41 )]
transform = Transform( -0.97182, -0.196571, 0.1301, 0.168556, -0.193652, 0.966482, -0.164788, 0.961176, 0.221328, -1.08582, 1.03778, 1.02347 )

[node name="bottle5" parent="active_entities/zone_old_village/mum" instance=ExtResource( 41 )]
transform = Transform( -0.192768, 0.958941, 0.20802, -0.958941, -0.229047, 0.16724, 0.20802, -0.16724, 0.963721, -0.954651, 1.03329, 0.862167 )

[node name="bottle1" parent="active_entities/zone_old_village/mum" instance=ExtResource( 43 )]
transform = Transform( 0.213208, 0.631464, 0.745517, 0.944929, -0.327202, 0.00690736, 0.248297, 0.702988, -0.666451, -0.933929, 1.07559, 0.440399 )

[node name="bottle6" parent="active_entities/zone_old_village/mum" instance=ExtResource( 43 )]
transform = Transform( -0.133151, -0.971193, 0.197623, 0.971193, -0.167617, -0.169377, 0.197623, 0.169377, 0.965534, -0.800781, 0.985809, 1.52003 )

[node name="bottle7" parent="active_entities/zone_old_village/mum" instance=ExtResource( 43 )]
transform = Transform( 0.689884, 0.344921, -0.636466, -0.565421, -0.292288, -0.771276, -0.452061, 0.891963, -0.00661888, -1.7153, 1.09088, 0.410645 )

[node name="stump_table" parent="active_entities/zone_old_village/mum" instance=ExtResource( 29 )]
transform = Transform( 0.324723, -0.934893, 0.143285, 0.842331, 0.354758, 0.405741, -0.430156, -0.0110605, 0.902687, 1.6976, 1.20273, -2.16776 )

[node name="bug_pickup" parent="active_entities/zone_old_village/mum" instance=ExtResource( 7 )]
transform = Transform( 1, 0, 0, 0, 1, 0, 0, 0, 1, 2.94907, 1.98203, 1.07244 )

[node name="carpet" parent="active_entities/zone_old_village/mum" instance=ExtResource( 39 )]
transform = Transform( 0.652246, 0, -0.758007, 0, 1, 0, 0.758007, 0, 0.652246, 0.348969, 4.09448, 0.417038 )

[node name="gem_pickup" parent="active_entities/zone_old_village/mum" instance=ExtResource( 42 )]
transform = Transform( 1, 0, 0, 0, 1, 0, 0, 0, 1, 0.184631, 4.07288, -0.492828 )

[node name="gem_pickup2" parent="active_entities/zone_old_village/mum" instance=ExtResource( 42 )]
transform = Transform( 1, 0, 0, 0, 1, 0, 0, 0, 1, 2.32724, 4.08328, -2.63854 )

[node name="gem_pickup3" parent="active_entities/zone_old_village/mum" instance=ExtResource( 42 )]
transform = Transform( 1, 0, 0, 0, 1, 0, 0, 0, 1, 0.937561, 4.09525, -2.00101 )

[node name="gem_pickup4" parent="active_entities/zone_old_village/mum" instance=ExtResource( 42 )]
transform = Transform( 1, 0, 0, 0, 1, 0, 0, 0, 1, 2.3403, 4.08133, -1.89285 )

[node name="bug_pickup3" parent="active_entities/zone_old_village/mum" instance=ExtResource( 7 )]
transform = Transform( -0.669762, 0, -0.742576, 0, 1, 0, 0.742576, 0, -0.669762, 0.786469, 5.04507, 3.064 )

[node name="bug_pickup2" parent="active_entities/zone_old_village/mum" instance=ExtResource( 7 )]
transform = Transform( -0.669762, 0, -0.742576, 0, 1, 0, 0.742576, 0, -0.669762, 1.4415, 4.71722, 0.608025 )

[node name="hover_scooter_pickup" parent="active_entities/zone_old_village/mum" instance=ExtResource( 2 )]
transform = Transform( 0.256254, 0.0219843, 0.96636, -0.529376, 0.839675, 0.121275, -0.808761, -0.542645, 0.226808, 0.294098, -0.0328369, 5.97532 )
item_id = "hover_scooter"
preview = ExtResource( 27 )
friendly_name = "mum/info"

[node name="sitting_pillow" parent="active_entities/zone_old_village/mum" instance=ExtResource( 28 )]
transform = Transform( 1, 0, 0, 0, 1, 0, 0, 0, 1, -2.24268, 4.13589, 2.9642 )

[node name="hut" type="Spatial" parent="active_entities/zone_old_village"]
transform = Transform( -0.86165, 0, 0.507502, 0, 1, 0, -0.507502, 0, -0.86165, -8.25531, 9.34238, -11.1459 )

[node name="sitting_pillow" parent="active_entities/zone_old_village/hut" instance=ExtResource( 28 )]
transform = Transform( 0.0373813, 0, -0.999302, 0, 1, 0, 0.999302, 0, 0.0373813, 0.07547, 0.959991, -1.7254 )

[node name="stump_table" parent="active_entities/zone_old_village/hut" instance=ExtResource( 29 )]
transform = Transform( 0.469269, 0.883055, -2.98023e-08, -0.883056, 0.469269, 0, 1.49012e-08, 5.96046e-08, 1, -1.14865, 0.959991, 1.92982 )

[node name="cup" parent="active_entities/zone_old_village/hut" instance=ExtResource( 30 )]
transform = Transform( -0.999882, 0.0153826, -1.49012e-07, -0.0153826, -0.999882, -7.15077e-09, -1.19209e-07, -5.12227e-09, 1, 0.32663, 1.02048, 1.26804 )

[node name="water_pot" parent="active_entities/zone_old_village/hut" instance=ExtResource( 31 )]
transform = Transform( -0.028308, 0.999599, -2.98023e-08, -0.9996, -0.028308, 0, -3.72529e-09, 1.19209e-07, 1, 5.09854, 0.532257, 4.6833 )

[node name="wardrobe" parent="active_entities/zone_old_village/hut" instance=ExtResource( 32 )]
transform = Transform( 0.72403, 0, -0.689769, 0, 1, 0, 0.689769, 0, 0.72403, 2.60022, 5.08392, 2.49742 )

[node name="bed_native" parent="active_entities/zone_old_village/hut" instance=ExtResource( 33 )]
transform = Transform( -0.772612, 0, -0.634879, 0, 1, 0, 0.634879, 0, -0.772612, 0.397644, 4.07956, 0.524216 )

[node name="crate1" parent="active_entities/zone_old_village/hut" instance=ExtResource( 9 )]
transform = Transform( 0.509559, 0, 0.860436, 0, 1, 0, -0.860436, 0, 0.509559, 1.25467, 4.12402, -2.83595 )

[node name="bug_pickup" parent="active_entities/zone_old_village/hut/crate1" instance=ExtResource( 7 )]
transform = Transform( -0.527203, 0, -0.849739, 0, 1, 0, 0.849739, 0, -0.527203, 0.0454712, -0.173126, -0.548904 )

[node name="sitting_pillow2" parent="active_entities/zone_old_village/hut" instance=ExtResource( 28 )]
transform = Transform( -0.929619, 0, -0.368524, 0, 1, 0, 0.368524, 0, -0.929619, 0.473511, 4.09698, 3.73061 )

[node name="sitting_pillow3" parent="active_entities/zone_old_village/hut" instance=ExtResource( 28 )]
transform = Transform( -0.782042, 0.030392, 0.622485, 0.0558972, 0.998205, 0.0214888, -0.620715, 0.0516004, -0.782337, 0.923859, 4.09543, 1.87941 )

[node name="gem_pickup" parent="active_entities/zone_old_village/hut" instance=ExtResource( 42 )]
transform = Transform( 1, 0, -2.98023e-08, 0, 1, 0, 2.98023e-08, 0, 1, 2.759, 4.08823, 0.804321 )

[node name="cannon" parent="active_entities/zone_old_village" instance=ExtResource( 52 )]
transform = Transform( 0.0913774, 0.421813, 0.902066, -0.0425113, 0.906683, -0.419666, -0.994909, 0, 0.100782, -67.8719, -5.76483, -27.4226 )

[node name="cannon2" parent="active_entities/zone_old_village" instance=ExtResource( 52 )]
transform = Transform( 0.0936276, -0.370054, 0.92428, 0.0372949, 0.92901, 0.36817, -0.994909, 0, 0.100782, -52.2802, -1.89612, -46.5459 )

[node name="cannon_wheel" parent="active_entities/zone_old_village" instance=ExtResource( 51 )]
transform = Transform( 1, 0, 0, 0, -0.0067338, 0.999977, 0, -0.999977, -0.0067338, -67.8993, -5.89319, -28.1845 )

[node name="cannon_wheel2" parent="active_entities/zone_old_village" instance=ExtResource( 51 )]
transform = Transform( 0.991941, 0.125674, -0.0161087, -0.126702, 0.983891, -0.126114, 0, 0.127138, 0.991885, -68.0945, -6.03793, -25.9314 )

[node name="gunner" parent="active_entities/zone_old_village" instance=ExtResource( 54 )]
transform = Transform( -0.528006, 0, -0.849241, 0, 1, 0, 0.849241, 0, -0.528006, 13.2719, 27.652, 44.4343 )
reset_on_player_death = true

[node name="gunner3" parent="active_entities/zone_old_village" instance=ExtResource( 54 )]
transform = Transform( -0.956521, 0, -0.291664, 0, 1, 0, 0.291664, 0, -0.956521, -30.1566, 25.9619, 64.2899 )
reset_on_player_death = true

[node name="gunner2" parent="active_entities/zone_old_village" instance=ExtResource( 54 )]
transform = Transform( 0.728553, 0, -0.684989, 0, 1, 0, 0.684989, 0, 0.728553, -10.3934, 16.5053, -4.82982 )
reset_on_player_death = true

[node name="gunner4" parent="active_entities/zone_old_village" instance=ExtResource( 54 )]
transform = Transform( 1, 0, 0, 0, 1, 0, 0, 0, 1, 4.71539, 31.0383, -78.0303 )
reset_on_player_death = true
drops_coat = true
time_to_shoot = 2.0
flee_radius = 2.0
safe_radius = 5.0
bounce_impulse_h = 10.0
laser_color = Color( 0.22, 2, 0, 1 )

[node name="bug_pickup" parent="active_entities/zone_old_village" instance=ExtResource( 7 )]
transform = Transform( 1, 0, 0, 0, 1, 0, 0, 0, 1, -76.5388, -3.18411, -70.2385 )

[node name="bug_pickup2" parent="active_entities/zone_old_village" instance=ExtResource( 7 )]
transform = Transform( 1, 0, 0, 0, 1, 0, 0, 0, 1, -78.1653, 0.837372, -65.9419 )

[node name="ReflectionProbe" type="ReflectionProbe" parent="active_entities/zone_old_village"]
transform = Transform( 0.996832, 0, -0.0795413, 0, 1, 0, 0.0795413, 0, 0.996832, -77.2993, -2.02795, -67.1417 )
max_distance = 16384.0
extents = Vector3( 7.51181, 6.52918, 6.46633 )

[node name="glass-tools" parent="active_entities/zone_old_village" instance=ExtResource( 12 )]
transform = Transform( 0.999203, 0, -0.039922, 0.039921, 0.00690107, 0.999179, 0.000275508, -0.999976, 0.00689556, -39.1161, 1.62683, -73.2548 )

[node name="crate1" parent="active_entities/zone_old_village" instance=ExtResource( 9 )]
transform = Transform( 0.526844, -0.450418, 0.720805, 0.214068, 0.891022, 0.400319, -0.822563, -0.0566043, 0.565849, -42.2496, 0.867249, -78.5417 )

[node name="random_ammo_pickup" parent="active_entities/zone_old_village/crate1" instance=ExtResource( 13 )]
transform = Transform( 1, -1.11759e-08, 0, 1.49012e-08, 1, 5.58794e-08, 0, -7.45058e-09, 1, 0.0846863, 0.101212, 0.411285 )

[node name="random_ammo_pickup2" parent="active_entities/zone_old_village/crate1" instance=ExtResource( 13 )]
transform = Transform( 1, -1.11759e-08, 0, 1.49012e-08, 1, 5.96046e-08, 0, -7.45058e-09, 1, -0.170746, 0.101227, 0.113892 )

[node name="random_ammo_pickup3" parent="active_entities/zone_old_village/crate1" instance=ExtResource( 13 )]
transform = Transform( 1, -1.11759e-08, 2.98023e-08, 1.49012e-08, 1, 6.33299e-08, 0, -7.45058e-09, 1, 0.0619202, 0.101257, -0.377777 )

[node name="crawly" parent="active_entities/zone_old_village" instance=ExtResource( 20 )]
transform = Transform( -0.215552, -0.0978853, -0.971574, 0, 0.994963, -0.100242, 0.976492, -0.0216074, -0.214467, -44.439, 1.1886, -71.9575 )
reset_on_player_death = true

[node name="crawly2" parent="active_entities/zone_old_village" instance=ExtResource( 20 )]
transform = Transform( -0.98821, -0.0301736, 0.150102, -0.0472132, 0.992666, -0.111286, -0.145643, -0.117061, -0.982387, -19.0621, -2.10654, 26.5743 )
reset_on_player_death = true
cloaked = true
run_speed = 10.0

[node name="rock_collapsible" parent="active_entities/zone_old_village" instance=ExtResource( 19 )]
transform = Transform( -0.258819, 0, 0.965926, 0, 1, 0, -0.965926, 0, -0.258819, -29.9409, 25.1097, 64.1279 )

[node name="juniper_small" parent="active_entities/zone_old_village" instance=ExtResource( 17 )]
transform = Transform( 1, 0, 0, 0, 1, 0, 0, 0, 1, -19.6014, 8.81067, 66.6266 )

[node name="juniper_small2" parent="active_entities/zone_old_village" instance=ExtResource( 17 )]
transform = Transform( -0.891793, 0, 0.452444, 0, 1, 0, -0.452444, 0, -0.891793, -17.9433, 8.18457, 65.2511 )

[node name="cactus_round" parent="active_entities/zone_old_village" instance=ExtResource( 16 )]
transform = Transform( 1, 0, 0, 0, 1, 0, 0, 0, 1, -54.0748, -2.5517, 25.8137 )

[node name="cactus_round2" parent="active_entities/zone_old_village" instance=ExtResource( 16 )]
transform = Transform( 1, 0, 0, 0, 1, 0, 0, 0, 1, -56.0118, -3.0043, 24.0398 )

[node name="cactus_round3" parent="active_entities/zone_old_village" instance=ExtResource( 16 )]
transform = Transform( 1, 0, 0, 0, 1, 0, 0, 0, 1, -55.7986, -2.36365, 27.2478 )

[node name="cactus_round_flower" parent="active_entities/zone_old_village" instance=ExtResource( 18 )]
transform = Transform( 1, 0, 0, 0, 1, 0, 0, 0, 1, -54.3846, -2.79346, 24.6663 )

[node name="cactus_round_flower2" parent="active_entities/zone_old_village" instance=ExtResource( 18 )]
transform = Transform( 1, 0, 0, 0, 1, 0, 0, 0, 1, -56.6068, -2.75717, 25.4641 )

[node name="cactus_round_flower3" parent="active_entities/zone_old_village" instance=ExtResource( 18 )]
transform = Transform( 1, 0, 0, 0, 1, 0, 0, 0, 1, -54.3143, -2.17377, 27.8068 )

[node name="armor_pickup" parent="active_entities/zone_old_village" instance=ExtResource( 2 )]
transform = Transform( -0.137327, 0.616165, 0.775552, 0.976052, 0.217537, -4.39985e-09, -0.168711, 0.756979, -0.631283, -72.2454, -6.93646, -10.676 )
item_id = "armor"
preview = ExtResource( 44 )
persistent = false

[node name="gunner5" parent="active_entities/zone_old_village" instance=ExtResource( 54 )]
transform = Transform( 1, 0, 0, 0, 1, 0, 0, 0, 1, 19.7615, 30.8945, -58.5941 )

[node name="cactus_round4" parent="active_entities/zone_old_village" instance=ExtResource( 16 )]
transform = Transform( 1, 0, 0, 0, 1, 0, 0, 0, 1, -4.55334, 9.16681, -25.583 )

[node name="cactus_round_flower4" parent="active_entities/zone_old_village" instance=ExtResource( 18 )]
transform = Transform( 1, 0, 0, 0, 1, 0, 0, 0, 1, -6.04187, 9.15115, -26.8602 )

[node name="cactus_round5" parent="active_entities/zone_old_village" instance=ExtResource( 16 )]
transform = Transform( 1, 0, 0, 0, 1, 0, 0, 0, 1, -6.50665, 9.14725, -25.472 )

[node name="juniper_small3" parent="active_entities/zone_old_village" instance=ExtResource( 17 )]
transform = Transform( 1, 0, 0, 0, 1, 0, 0, 0, 1, 26.0953, 10.3028, -48.3573 )

[node name="juniper_small4" parent="active_entities/zone_old_village" instance=ExtResource( 17 )]
transform = Transform( -0.999795, 0, -0.0202555, 0, 1, 0, 0.0202555, 0, -0.999795, 23.9336, 10.8563, -49.9727 )

[node name="rock_kinematic" parent="active_entities/zone_old_village" instance=ExtResource( 38 )]
transform = Transform( 1, 0, 0, 0, 1, 0, 0, 0, 1, -4.73502, 8.10519, 86.9022 )
damage_on_hit = 5.0

[node name="rock_kinematic2" parent="active_entities/zone_old_village" instance=ExtResource( 38 )]
transform = Transform( 1, 0, 0, 0, 1, 0, 0, 0, 1, 0.245972, 10.0507, 88.8827 )

[node name="cactus_round6" parent="active_entities/zone_old_village" instance=ExtResource( 16 )]
transform = Transform( 1, 0, 0, 0, 1, 0, 0, 0, 1, -3.02774, 26.8865, 104.406 )

[node name="cactus_round7" parent="active_entities/zone_old_village" instance=ExtResource( 16 )]
transform = Transform( 1, 0, 0, 0, 1, 0, 0, 0, 1, -1.9454, 27.0291, 104.665 )

[node name="cactus_round8" parent="active_entities/zone_old_village" instance=ExtResource( 16 )]
transform = Transform( 1, 0, 0, 0, 1, 0, 0, 0, 1, -1.97565, 27.09, 103.342 )

[node name="cactus_round9" parent="active_entities/zone_old_village" instance=ExtResource( 16 )]
transform = Transform( 1, 0, 0, 0, 1, 0, 0, 0, 1, -3.60696, 26.8069, 105.552 )

[node name="juniper_small5" parent="active_entities/zone_old_village" instance=ExtResource( 17 )]
transform = Transform( 1, 0, 0, 0, 1, 0, 0, 0, 1, -2.89111, 26.8967, 107.553 )

[node name="gem_pickup" parent="active_entities/zone_old_village" instance=ExtResource( 42 )]
transform = Transform( 1, 0, 0, 0, 1, 0, 0, 0, 1, -81.6479, -3.7674, -9.06709 )

[node name="gem_pickup2" parent="active_entities/zone_old_village" instance=ExtResource( 42 )]
transform = Transform( 1, 0, 0, 0, 1, 0, 0, 0, 1, -60.6075, -4.04285, 20.8071 )

[node name="gem_pickup3" parent="active_entities/zone_old_village" instance=ExtResource( 42 )]
transform = Transform( 1, 0, 0, 0, 1, 0, 0, 0, 1, 8.53595, 15.1027, -3.58164 )

[node name="gem_pickup4" parent="active_entities/zone_old_village" instance=ExtResource( 42 )]
transform = Transform( 1, 0, 0, 0, 1, 0, 0, 0, 1, 9.15762, 15.2518, -4.4916 )

[node name="gem_pickup5" parent="active_entities/zone_old_village" instance=ExtResource( 42 )]
transform = Transform( 1, 0, 0, 0, 1, 0, 0, 0, 1, 7.80463, 15.1572, -4.70425 )

[node name="gem_pickup6" parent="active_entities/zone_old_village" instance=ExtResource( 42 )]
transform = Transform( 1, 0, 0, 0, 1, 0, 0, 0, 1, -8.76514, 10.3024, -14.8629 )

[node name="gem_pickup7" parent="active_entities/zone_old_village" instance=ExtResource( 42 )]
transform = Transform( 0.953998, 0, 0.299814, 0, 1, 0, -0.299814, 0, 0.953998, -4.37753, 27.0856, 108.214 )

[node name="bug_pickup3" parent="active_entities/zone_old_village" instance=ExtResource( 7 )]
transform = Transform( -0.947839, 0, -0.318749, 0, 1, 0, 0.318749, 0, -0.947839, -3.68167, 28.1346, 115.22 )

[node name="bottle1" parent="active_entities/zone_old_village" instance=ExtResource( 43 )]
transform = Transform( 1, 0, 0, 0, -0.351973, 0.93601, 0, -0.93601, -0.351973, -54.0652, -0.922882, -73.5392 )

[node name="bottle2" parent="active_entities/zone_old_village" instance=ExtResource( 41 )]
transform = Transform( 1, 0, 0, 0, 0.623653, -0.781701, 0, 0.781701, 0.623653, -50.4478, 0.197723, -70.5093 )

[node name="gem_pickup22" parent="active_entities/zone_old_village" instance=ExtResource( 42 )]
transform = Transform( 1, 0, 0, 0, 1, 0, 0, 0, 1, -27.3467, 35.0504, -122.663 )

[node name="bug_pickup4" parent="active_entities/zone_old_village" instance=ExtResource( 7 )]
transform = Transform( 1, 0, 0, 0, 1, 0, 0, 0, 1, -27.6246, 35.5146, -124.142 )

[node name="gem_pickup8" parent="active_entities/zone_old_village" instance=ExtResource( 42 )]
transform = Transform( 1, 0, 0, 0, 1, 0, 0, 0, 1, -9.77032, 31.7292, -78.4105 )

[node name="gem_pickup9" parent="active_entities/zone_old_village" instance=ExtResource( 42 )]
transform = Transform( 1, 0, 0, 0, 1, 0, 0, 0, 1, -6.31998, 31.5129, -78.2235 )

[node name="gem_pickup10" parent="active_entities/zone_old_village" instance=ExtResource( 42 )]
transform = Transform( 1, 0, 0, 0, 1, 0, 0, 0, 1, -2.87952, 31.3182, -78.7978 )

[node name="gem_pickup11" parent="active_entities/zone_old_village" instance=ExtResource( 42 )]
transform = Transform( 1, 0, 0, 0, 1, 0, 0, 0, 1, 31.9585, 29.9799, -54.3496 )

[node name="gem_pickup12" parent="active_entities/zone_old_village" instance=ExtResource( 42 )]
transform = Transform( 1, 0, 0, 0, 1, 0, 0, 0, 1, 25.8664, 30.6278, -59.4709 )

[node name="bug_pickup8" parent="active_entities/zone_old_village" instance=ExtResource( 7 )]
transform = Transform( 0.414288, 3.33081e-09, 0.910145, 0.0523179, 0.998346, -0.0238146, -0.90864, 0.0574831, 0.413604, -10.3365, 36.1919, -109.061 )

[node name="bug_pickup9" parent="active_entities/zone_old_village" instance=ExtResource( 7 )]
transform = Transform( 0.485773, 3.33081e-09, 0.874085, 0.0502451, 0.998346, -0.0279237, -0.87264, 0.0574831, 0.48497, -14.7968, 35.1178, -108.154 )

[node name="gem_pickup20" parent="active_entities/zone_old_village" instance=ExtResource( 42 )]
transform = Transform( -0.943575, 8.07957e-09, -0.331159, -0.019036, 0.998346, 0.0542396, 0.330611, 0.0574831, -0.942015, -16.4297, 38.3153, -111.533 )

[node name="gem_pickup21" parent="active_entities/zone_old_village" instance=ExtResource( 42 )]
transform = Transform( -0.943575, 8.07957e-09, -0.331159, -0.019036, 0.998346, 0.0542396, 0.330611, 0.0574831, -0.942015, -16.7893, 36.1436, -101.657 )

[node name="gunner6" parent="active_entities/zone_old_village" instance=ExtResource( 54 )]
transform = Transform( 0.273048, 0, 0.962, 0, 1, 0, -0.962, 0, 0.273048, -10.5747, 34.1979, -106.557 )

[node name="bug_pickup6" parent="active_entities/zone_old_village" instance=ExtResource( 7 )]
transform = Transform( 0.410174, 0, 0.912008, 0, 1, 0, -0.912008, 0, 0.410174, 22.0956, 38.6501, -98.9893 )

[node name="gem_pickup13" parent="active_entities/zone_old_village" instance=ExtResource( 42 )]
transform = Transform( -0.940341, 0, -0.340235, 0, 1, 0, 0.340235, 0, -0.940341, 27.7655, 41.1613, -98.6763 )

[node name="gem_pickup14" parent="active_entities/zone_old_village" instance=ExtResource( 42 )]
transform = Transform( -0.940341, 0, -0.340235, 0, 1, 0, 0.340235, 0, -0.940341, 24.1779, 41.8026, -95.4238 )

[node name="bug_pickup7" parent="active_entities/zone_old_village" instance=ExtResource( 7 )]
transform = Transform( 0.715628, 0, -0.698482, 0, 1, 0, 0.698482, 0, 0.715628, 16.8583, 46.0211, -116.269 )

[node name="gem_pickup15" parent="active_entities/zone_old_village" instance=ExtResource( 42 )]
transform = Transform( 0.715628, 0, -0.698482, 0, 1, 0, 0.698482, 0, 0.715628, 15.9057, 41.6328, -112.816 )

[node name="gem_pickup16" parent="active_entities/zone_old_village" instance=ExtResource( 42 )]
transform = Transform( 0.715628, 0, -0.698482, 0, 1, 0, 0.698482, 0, 0.715628, 19.4763, 41.3687, -118.745 )

[node name="gem_pickup17" parent="active_entities/zone_old_village" instance=ExtResource( 42 )]
transform = Transform( 0.949958, 0.127869, -0.285007, 1.89971e-08, 0.912381, 0.409342, 0.312377, -0.388858, 0.866724, 36.6332, 36.5344, -116.589 )

[node name="gem_pickup18" parent="active_entities/zone_old_village" instance=ExtResource( 42 )]
transform = Transform( 0.949958, 0.127869, -0.285007, 1.89971e-08, 0.912381, 0.409342, 0.312377, -0.388858, 0.866724, 36.8716, 35.7512, -119.167 )

[node name="gem_pickup19" parent="active_entities/zone_old_village" instance=ExtResource( 42 )]
