[gd_scene load_steps=95 format=2]

[ext_resource path="res://areas/chunk_content.gd" type="Script" id=1]
[ext_resource path="res://entities/env/copper/junkyard.tscn" type="PackedScene" id=2]
[ext_resource path="res://entities/env/copper/drill2.tscn" type="PackedScene" id=3]
[ext_resource path="res://entities/env/stone/fountain.tscn" type="PackedScene" id=4]
[ext_resource path="res://entities/env/copper/scrap_pile2.tscn" type="PackedScene" id=5]
[ext_resource path="res://entities/env/copper/scrap2.tscn" type="PackedScene" id=6]
[ext_resource path="res://entities/env/stone/rock1.tscn" type="PackedScene" id=7]
[ext_resource path="res://entities/env/copper/scrap_pile1.tscn" type="PackedScene" id=8]
[ext_resource path="res://entities/env/copper/scrap1.tscn" type="PackedScene" id=9]
[ext_resource path="res://entities/env/foundry/ladle_large.tscn" type="PackedScene" id=10]
[ext_resource path="res://entities/env/copper/scrap3.tscn" type="PackedScene" id=11]
[ext_resource path="res://entities/env/electrical/wind_generator.tscn" type="PackedScene" id=12]
[ext_resource path="res://entities/env/stone/rock2.tscn" type="PackedScene" id=13]
[ext_resource path="res://entities/npc/npc_shop.tscn" type="PackedScene" id=14]
[ext_resource path="res://dialog/shops/junkyard_shop.dialog" type="Resource" id=15]
[ext_resource path="res://entities/shop_stock/shop_default_stock.inv" type="Resource" id=16]
[ext_resource path="res://entities/env/furniture/bed_native.tscn" type="PackedScene" id=17]
[ext_resource path="res://entities/env/furniture/incense.tscn" type="PackedScene" id=18]
[ext_resource path="res://entities/env/furniture/bottle1.tscn" type="PackedScene" id=19]
[ext_resource path="res://entities/env/furniture/bottle2.tscn" type="PackedScene" id=20]
[ext_resource path="res://entities/env/furniture/fruit_stand.tscn" type="PackedScene" id=21]
[ext_resource path="res://entities/npc/npc.tscn" type="PackedScene" id=22]
[ext_resource path="res://dialog/side_content/chunk075/priest.dialog" type="Resource" id=23]
[ext_resource path="res://entities/env/furniture/sitting_pillow.tscn" type="PackedScene" id=24]
[ext_resource path="res://entities/env/furniture/shelf.tscn" type="PackedScene" id=25]
[ext_resource path="res://entities/env/furniture/stump_table.tscn" type="PackedScene" id=26]
[ext_resource path="res://entities/env/electrical/outlet_box.tscn" type="PackedScene" id=27]
[ext_resource path="res://entities/env/plants/cactus_round_flower.tscn" type="PackedScene" id=28]
[ext_resource path="res://entities/env/stone/garden_melon.tscn" type="PackedScene" id=29]
[ext_resource path="res://entities/env/plants/cactus_round.tscn" type="PackedScene" id=30]
[ext_resource path="res://entities/env/stone/garden.tscn" type="PackedScene" id=31]
[ext_resource path="res://entities/env/stone/rock3.tscn" type="PackedScene" id=32]
[ext_resource path="res://entities/env/furniture/sofa.tscn" type="PackedScene" id=33]
[ext_resource path="res://entities/env/stone/water_pot.tscn" type="PackedScene" id=34]
[ext_resource path="res://entities/npc/npc_riley.tscn" type="PackedScene" id=35]
[ext_resource path="res://entities/env/copper/rail_cart.tscn" type="PackedScene" id=36]
[ext_resource path="res://entities/env/electrical/phone.tscn" type="PackedScene" id=37]
[ext_resource path="res://entities/env/electrical/drink_fridge.tscn" type="PackedScene" id=38]
[ext_resource path="res://entities/env/electrical/charger.tscn" type="PackedScene" id=39]
[ext_resource path="res://entities/env/copper/mine_shack_small.tscn" type="PackedScene" id=40]
[ext_resource path="res://entities/env/copper/pail.tscn" type="PackedScene" id=41]
[ext_resource path="res://entities/env/copper/c_table.tscn" type="PackedScene" id=42]
[ext_resource path="res://entities/env/copper/table2.tscn" type="PackedScene" id=43]
[ext_resource path="res://entities/env/copper/crate1.tscn" type="PackedScene" id=44]
[ext_resource path="res://items/bug_pickup.tscn" type="PackedScene" id=45]
[ext_resource path="res://entities/env/electrical/gen_part_pvc.tscn" type="PackedScene" id=46]
[ext_resource path="res://areas/chunks/_lightmaps/chunk075.lmbake" type="BakedLightmapData" id=47]
[ext_resource path="res://_glb/chunks/chunk075.glb" type="PackedScene" id=48]
[ext_resource path="res://material/env/vaeler/tile.png" type="Texture" id=49]
[ext_resource path="res://entities/control/dswitch.tscn" type="PackedScene" id=50]
[ext_resource path="res://entities/control/door.gd" type="Script" id=51]
[ext_resource path="res://management/environment_override.gd" type="Script" id=53]
[ext_resource path="res://entities/hurtbox.gd" type="Script" id=54]
[ext_resource path="res://entities/env/ancient/fountainA.tscn" type="PackedScene" id=55]
[ext_resource path="res://entities/shop_stock/foreman.inv" type="Resource" id=56]
[ext_resource path="res://dialog/foundry/worker.dialog" type="Resource" id=57]
[ext_resource path="res://material/gem_transparent.shader" type="Shader" id=58]
[ext_resource path="res://material/triplanar.shader" type="Shader" id=59]
[ext_resource path="res://material/env/foundry/concrete.jpg" type="Texture" id=60]
[ext_resource path="res://material/main_spatial.shader" type="Shader" id=61]
[ext_resource path="res://material/env/foundry/metal_siding.png" type="Texture" id=62]
[ext_resource path="res://material/env/vaeler/grey_brick.png" type="Texture" id=63]
[ext_resource path="res://areas/chunks/_lightmaps/chunk075_foundry.lmbake" type="BakedLightmapData" id=64]
[ext_resource path="res://material/env/ancient/white_metal.material" type="Material" id=65]
[ext_resource path="res://material/env/foundry/metal_generic.png" type="Texture" id=66]
[ext_resource path="res://material/triplanar_local_coords.shader" type="Shader" id=67]
[ext_resource path="res://material/env/copper/copper_cleaned.tres" type="Material" id=68]
[ext_resource path="res://entities/env/foundry/bucket_small.tscn" type="PackedScene" id=69]
[ext_resource path="res://entities/control/power_thing.tscn" type="PackedScene" id=70]
[ext_resource path="res://entities/env/electrical/light_wall.tscn" type="PackedScene" id=71]
[ext_resource path="res://entities/env/copper/light_hang1.tscn" type="PackedScene" id=72]

[sub_resource type="ShaderMaterial" id=25]
shader = ExtResource( 59 )
shader_param/wall_scale = 0.75
shader_param/ground_scale = 0.4
shader_param/power = 5.0
shader_param/softness = 0.5
shader_param/specularity_ground = 1.0
shader_param/specularity_wall = 1.0
shader_param/specularity_ceiling = 1.0
shader_param/light_bias = 0.0
shader_param/wall = ExtResource( 63 )
shader_param/ground = ExtResource( 60 )
shader_param/ceiling = ExtResource( 60 )

[sub_resource type="ShaderMaterial" id=26]
shader = ExtResource( 61 )
shader_param/subsurface_scattering = -1.0
shader_param/softness = 0.622
shader_param/specularity = 14.658
shader_param/main_texture = ExtResource( 62 )

[sub_resource type="ShaderMaterial" id=29]
shader = ExtResource( 67 )
shader_param/uv_scale = 0.7
shader_param/power = 5.0
shader_param/softness = 0.5
shader_param/specularity = 1.0
shader_param/light_bias = 0.0
shader_param/wall = ExtResource( 63 )
shader_param/ground = ExtResource( 49 )
shader_param/ceiling = ExtResource( 66 )

[sub_resource type="ShaderMaterial" id=28]
shader = ExtResource( 67 )
shader_param/uv_scale = 0.6
shader_param/power = 5.0
shader_param/softness = 0.5
shader_param/specularity = 1.0
shader_param/light_bias = 0.0
shader_param/wall = ExtResource( 63 )
shader_param/ground = ExtResource( 49 )
shader_param/ceiling = ExtResource( 66 )

[sub_resource type="Animation" id=3]
resource_name = "Activate"
length = 7.0
tracks/0/type = "value"
tracks/0/path = NodePath(".:transform")
tracks/0/interp = 1
tracks/0/loop_wrap = true
tracks/0/imported = false
tracks/0/enabled = true
tracks/0/keys = {
"times": PoolRealArray( 0, 2, 4, 7 ),
"transitions": PoolRealArray( 1, 1, 1, 1 ),
"update": 0,
"values": [ Transform( 0.8137, 0, -0.581284, 0, 1, 0, 0.581284, 0, 0.8137, 96.5931, 14.8709, -33.3309 ), Transform( 0.8137, 0, -0.581284, 0, 1, 0, 0.581284, 0, 0.8137, 96.5931, 15.4254, -33.3309 ), Transform( 0.953807, 0, -0.300417, 0, 1, 0, 0.300417, 0, 0.953807, 90.2144, 22.8142, -26.2101 ), Transform( 0.985982, 0, 0.166849, 0, 1, 0, -0.166849, 0, 0.985982, 82.6399, 33.8974, -14.901 ) ]
}

[sub_resource type="Animation" id=4]
length = 0.001
tracks/0/type = "value"
tracks/0/path = NodePath(".:transform")
tracks/0/interp = 1
tracks/0/loop_wrap = true
tracks/0/imported = false
tracks/0/enabled = true
tracks/0/keys = {
"times": PoolRealArray( 0 ),
"transitions": PoolRealArray( 1 ),
"update": 0,
"values": [ Transform( 0.8137, 0, -0.581284, 0, 1, 0, 0.581284, 0, 0.8137, 96.5931, 14.8709, -33.3309 ) ]
}

[sub_resource type="Animation" id=5]
resource_name = "Activate"
length = 5.0
tracks/0/type = "value"
tracks/0/path = NodePath(".:translation")
tracks/0/interp = 2
tracks/0/loop_wrap = true
tracks/0/imported = false
tracks/0/enabled = true
tracks/0/keys = {
"times": PoolRealArray( 0, 2.1, 5 ),
"transitions": PoolRealArray( 1, 1, 1 ),
"update": 0,
"values": [ Vector3( 94.1423, 36.2647, 7.56404 ), Vector3( 101.586, 36.2647, 19.5547 ), Vector3( 116.233, 36.2647, 24.0088 ) ]
}
tracks/1/type = "value"
tracks/1/path = NodePath(".:rotation_degrees")
tracks/1/interp = 1
tracks/1/loop_wrap = true
tracks/1/imported = false
tracks/1/enabled = true
tracks/1/keys = {
"times": PoolRealArray( 0, 5 ),
"transitions": PoolRealArray( 1, 1 ),
"update": 0,
"values": [ Vector3( 0, -63.9932, 0 ), Vector3( 0, 2.59042, 0 ) ]
}

[sub_resource type="Animation" id=6]
length = 0.001
tracks/0/type = "value"
tracks/0/path = NodePath(".:translation")
tracks/0/interp = 1
tracks/0/loop_wrap = true
tracks/0/imported = false
tracks/0/enabled = true
tracks/0/keys = {
"times": PoolRealArray( 0 ),
"transitions": PoolRealArray( 1 ),
"update": 0,
"values": [ Vector3( 94.1423, 36.2647, 7.56404 ) ]
}
tracks/1/type = "value"
tracks/1/path = NodePath(".:rotation_degrees")
tracks/1/interp = 1
tracks/1/loop_wrap = true
tracks/1/imported = false
tracks/1/enabled = true
tracks/1/keys = {
"times": PoolRealArray( 0 ),
"transitions": PoolRealArray( 1 ),
"update": 0,
"values": [ Vector3( 0, -63.9932, 0 ) ]
}

[sub_resource type="Animation" id=15]
resource_name = "Activate"
length = 14.0
tracks/0/type = "value"
tracks/0/path = NodePath(".:transform")
tracks/0/interp = 1
tracks/0/loop_wrap = true
tracks/0/imported = false
tracks/0/enabled = true
tracks/0/keys = {
"times": PoolRealArray( 0, 1.1, 3.2, 5.2, 6.6, 14 ),
"transitions": PoolRealArray( 0.659754, 1, 1, 1, 1, 1 ),
"update": 0,
"values": [ Transform( -0.216977, 0, -0.976177, 0, 1, 0, 0.976177, 0, -0.216977, 154.477, 51.7856, -10.5718 ), Transform( -0.216977, -0.24329, -0.945373, 0, 0.968445, -0.249228, 0.976177, -0.0540768, -0.210131, 153.326, 50.9938, -10.8276 ), Transform( 0.132171, 0.0230396, -0.990959, -0.00812343, 0.999721, 0.0221599, 0.991194, 0.00512109, 0.132322, 149.343, 52.2095, -9.93877 ), Transform( 0.169984, 0.0242326, -0.985149, 0.0121611, 0.99957, 0.0266857, 0.985372, -0.0165166, 0.169616, 146.973, 52.7015, -6.20097 ), Transform( 0.170658, 0.0249618, -0.985014, 0.0251408, 0.999243, 0.0296781, 0.98501, -0.0298288, 0.169901, 144.533, 53.0046, -5.31996 ), Transform( -0.216977, 0, -0.976177, 0, 1, 0, 0.976177, 0, -0.216977, 126.104, 59.3012, -4.75372 ) ]
}

[sub_resource type="Animation" id=16]
length = 0.001
tracks/0/type = "value"
tracks/0/path = NodePath(".:transform")
tracks/0/interp = 1
tracks/0/loop_wrap = true
tracks/0/imported = false
tracks/0/enabled = true
tracks/0/keys = {
"times": PoolRealArray( 0 ),
"transitions": PoolRealArray( 1 ),
"update": 0,
"values": [ Transform( -0.216977, 0, -0.976177, 0, 1, 0, 0.976177, 0, -0.216977, 154.477, 51.7856, -10.5718 ) ]
}

[sub_resource type="Animation" id=37]
resource_name = "Activate"
length = 7.0
tracks/0/type = "value"
tracks/0/path = NodePath(".:translation")
tracks/0/interp = 1
tracks/0/loop_wrap = true
tracks/0/imported = false
tracks/0/enabled = true
tracks/0/keys = {
"times": PoolRealArray( 0, 7 ),
"transitions": PoolRealArray( 1, 1 ),
"update": 0,
"values": [ Vector3( 128.778, 36.5942, 26.2682 ), Vector3( 128.778, 8.83497, 26.2682 ) ]
}

[sub_resource type="Animation" id=38]
length = 0.001
tracks/0/type = "value"
tracks/0/path = NodePath(".:translation")
tracks/0/interp = 1
tracks/0/loop_wrap = true
tracks/0/imported = false
tracks/0/enabled = true
tracks/0/keys = {
"times": PoolRealArray( 0 ),
"transitions": PoolRealArray( 1 ),
"update": 0,
"values": [ Vector3( 128.778, 36.5942, 26.2682 ) ]
}

[sub_resource type="Animation" id=13]
resource_name = "Activate"
length = 7.0
tracks/0/type = "value"
tracks/0/path = NodePath(".:translation")
tracks/0/interp = 1
tracks/0/loop_wrap = true
tracks/0/imported = false
tracks/0/enabled = true
tracks/0/keys = {
"times": PoolRealArray( 0, 7 ),
"transitions": PoolRealArray( 1, 1 ),
"update": 0,
"values": [ Vector3( 157.311, 43.259, -14.3697 ), Vector3( 157.311, 11.146, -14.3697 ) ]
}

[sub_resource type="Animation" id=14]
length = 0.001
tracks/0/type = "value"
tracks/0/path = NodePath(".:translation")
tracks/0/interp = 1
tracks/0/loop_wrap = true
tracks/0/imported = false
tracks/0/enabled = true
tracks/0/keys = {
"times": PoolRealArray( 0 ),
"transitions": PoolRealArray( 1 ),
"update": 0,
"values": [ Vector3( 157.311, 43.259, -14.3697 ) ]
}

[sub_resource type="Animation" id=17]
resource_name = "Activate"
length = 8.5
tracks/0/type = "value"
tracks/0/path = NodePath(".:translation")
tracks/0/interp = 1
tracks/0/loop_wrap = true
tracks/0/imported = false
tracks/0/enabled = true
tracks/0/keys = {
"times": PoolRealArray( 0, 8.5 ),
"transitions": PoolRealArray( 1, 1 ),
"update": 0,
"values": [ Vector3( 109.603, 59.4883, -6.97608 ), Vector3( 109.603, 8.5604, -6.97608 ) ]
}
tracks/1/type = "value"
tracks/1/path = NodePath(".:rotation_degrees")
tracks/1/interp = 1
tracks/1/loop_wrap = true
tracks/1/imported = false
tracks/1/enabled = true
tracks/1/keys = {
"times": PoolRealArray( 0, 8.5 ),
"transitions": PoolRealArray( 1, 1 ),
"update": 0,
"values": [ Vector3( 0, -136.647, 0 ), Vector3( 0, -136.647, 0 ) ]
}

[sub_resource type="Animation" id=18]
length = 0.001
tracks/0/type = "value"
tracks/0/path = NodePath(".:translation")
tracks/0/interp = 1
tracks/0/loop_wrap = true
tracks/0/imported = false
tracks/0/enabled = true
tracks/0/keys = {
"times": PoolRealArray( 0 ),
"transitions": PoolRealArray( 1 ),
"update": 0,
"values": [ Vector3( 109.603, 59.4883, -6.97608 ) ]
}
tracks/1/type = "value"
tracks/1/path = NodePath(".:rotation_degrees")
tracks/1/interp = 1
tracks/1/loop_wrap = true
tracks/1/imported = false
tracks/1/enabled = true
tracks/1/keys = {
"times": PoolRealArray( 0 ),
"transitions": PoolRealArray( 1 ),
"update": 0,
"values": [ Vector3( 0, -136.647, 0 ) ]
}

[sub_resource type="CylinderShape" id=19]
radius = 4.8

[sub_resource type="SpatialMaterial" id=20]
flags_unshaded = true
albedo_color = Color( 12.1412, 0.588235, 0.290196, 1 )

[sub_resource type="ShaderMaterial" id=27]
shader = ExtResource( 67 )
shader_param/uv_scale = 0.5
shader_param/power = 5.0
shader_param/softness = 0.5
shader_param/specularity = 1.0
shader_param/light_bias = 0.0
shader_param/wall = ExtResource( 66 )
shader_param/ground = ExtResource( 66 )
shader_param/ceiling = ExtResource( 66 )

[sub_resource type="CapsuleShape" id=21]
radius = 50.869
height = 17.3781

[sub_resource type="SphereMesh" id=22]

[sub_resource type="SpatialMaterial" id=23]
flags_unshaded = true
albedo_color = Color( 41.04, 1.74, 38.73, 1 )

[sub_resource type="ShaderMaterial" id=24]
shader = ExtResource( 58 )
shader_param/albedo = Color( 0.2, 0.211765, 0.219608, 1 )
shader_param/refraction = 0.0
shader_param/brightness = 0.0

[node name="chunk075" instance=ExtResource( 48 )]
script = ExtResource( 1 )
lighting_preview = true

[node name="foundry" parent="." index="0"]
material/0 = SubResource( 25 )
material/1 = SubResource( 26 )

[node name="static_collision" parent="foundry" index="0"]
collision_layer = 257

[node name="office" parent="." index="1"]
material/0 = SubResource( 29 )

[node name="static_collision" parent="office" index="0"]
collision_layer = 257

[node name="area_scrapyard" type="Spatial" parent="." index="2"]
transform = Transform( 1, 0, 0, 0, 1, 0, 0, 0, 1, -139.049, 4.58447, 0.849531 )

[node name="BakedLightmap" type="BakedLightmap" parent="area_scrapyard" index="0"]
transform = Transform( 1, 0, 0, 0, 1, 0, 0, 0, 1, 30.6434, 25.8822, -0.150623 )
extents = Vector3( 135.893, 44.8472, 92.5652 )
quality = 0
bounces = 2
default_texels_per_unit = 8.0
atlas_max_size = 8192
environment_mode = 1
light_data = ExtResource( 47 )

[node name="ReflectionProbe2" type="ReflectionProbe" parent="area_scrapyard" index="1"]
transform = Transform( 1, 0, 0, 0, 1, 0, 0, 0, 1, 44.0966, 7.82103, -4.86204 )
max_distance = 16384.0
extents = Vector3( 10.7693, 5.28234, 10.5524 )
origin_offset = Vector3( 0.478516, 1.41797, -0.0644531 )

[node name="ReflectionProbe" type="ReflectionProbe" parent="area_scrapyard" index="2"]
transform = Transform( 0.943853, 0.205315, 0.258819, -0.212558, 0.977148, -1.27428e-07, -0.252905, -0.055014, 0.965926, 46.6413, 41.341, 6.05055 )
max_distance = 16384.0
extents = Vector3( 8.86245, 4.18666, 4.13545 )

[node name="bed_native" parent="area_scrapyard" index="3" instance=ExtResource( 17 )]
transform = Transform( 0.878594, 0, -0.477569, 0, 1, 0, 0.477569, 0, 0.878594, 65.7308, 43.8515, -54.3631 )

[node name="bed_native2" parent="area_scrapyard" index="4" instance=ExtResource( 17 )]
transform = Transform( -0.871827, 0, 0.489814, 0, 1, 0, -0.489814, 0, -0.871827, 70.3742, 43.8515, -51.9399 )

[node name="fountain2" parent="area_scrapyard" index="5" instance=ExtResource( 4 )]
transform = Transform( 1, 0, 0, 0, 0.999918, 0.0128607, 0, -0.0128607, 0.999918, -38.1896, -2.3839, 155.793 )

[node name="rock6" parent="area_scrapyard" index="6" instance=ExtResource( 13 )]
transform = Transform( 0.67785, 0, -0.7352, 0, 1, 0, 0.7352, 0, 0.67785, -53.5956, 15.8194, 59.6263 )

[node name="junkyard" parent="area_scrapyard" index="7" instance=ExtResource( 2 )]
transform = Transform( -0.866025, 0, 0.5, 0, 1, 0, -0.5, 0, -0.866025, 45.0494, 13.4155, -4.84953 )

[node name="drill2" parent="area_scrapyard" index="8" instance=ExtResource( 3 )]
transform = Transform( 1, 0, 0, 0, -0.687802, -0.725899, 0, 0.725899, -0.687802, -23.7686, 20.2826, 74.0886 )

[node name="wind_generator" parent="area_scrapyard" index="9" instance=ExtResource( 12 )]
transform = Transform( 1, 0, 0, 0, 1, 0, 0, 0, 1, 17.9044, 51.0097, 15.2517 )

[node name="wind_generator2" parent="area_scrapyard" index="10" instance=ExtResource( 12 )]
transform = Transform( -0.790492, 0, 0.612472, 0, 1, 0, -0.612472, 0, -0.790492, 42.5366, 45.9689, -27.8015 )

[node name="wind_generator3" parent="area_scrapyard" index="11" instance=ExtResource( 12 )]
transform = Transform( 0.192632, 0, -0.981271, 0, 1, 0, 0.981271, 0, 0.192632, 35.2974, 43.4869, -22.7343 )

[node name="npc_junkyard_shop" parent="area_scrapyard" index="12" instance=ExtResource( 14 )]
transform = Transform( 0.994546, 0.0494039, 0.0918543, -0.0381831, 0.992023, -0.120134, -0.097057, 0.115972, 0.9885, 51.7828, 38.0577, 2.53023 )
dialog = ExtResource( 15 )
visual_name = "Shopkeeper"
friendly_id = "junkyard_shop"
sitting = true
inventory_data = ExtResource( 16 )

[node name="incense" parent="area_scrapyard" index="13" instance=ExtResource( 18 )]
transform = Transform( 1, 0, 0, 0, 1, 0, 0, 0, 1, 50.1302, 39.1055, 4.39286 )

[node name="bottle1" parent="area_scrapyard" index="14" instance=ExtResource( 19 )]
transform = Transform( 1, 0, 0, 0, 1, 0, 0, 0, 1, 49.8466, 39.1343, 4.16592 )

[node name="bottle2" parent="area_scrapyard" index="15" instance=ExtResource( 20 )]
transform = Transform( 1, 0, 0, 0, 1, 0, 0, 0, 1, 50.1714, 39.1031, 4.18 )

[node name="bottle3" parent="area_scrapyard" index="16" instance=ExtResource( 19 )]
transform = Transform( 1, 0, 0, 0, 1, 0, 0, 0, 1, 50.2273, 39.0984, 3.92563 )

[node name="bottle4" parent="area_scrapyard" index="17" instance=ExtResource( 20 )]
transform = Transform( 1, 0, 0, 0, 1, 0, 0, 0, 1, 50.1936, 39.1023, 3.68792 )

[node name="bottle5" parent="area_scrapyard" index="18" instance=ExtResource( 20 )]
transform = Transform( 1, 0, 0, 0, 1, 0, 0, 0, 1, 50.0247, 39.1182, 3.77116 )

[node name="bottle6" parent="area_scrapyard" index="19" instance=ExtResource( 20 )]
transform = Transform( 1, 0, 0, 0, 1, 0, 0, 0, 1, 49.994, 39.1206, 3.98549 )

[node name="fruit_stand" parent="area_scrapyard" index="20" instance=ExtResource( 21 )]
transform = Transform( 0.249191, 0.125133, -0.960336, -0.0314292, 0.99214, 0.121122, 0.967944, 0, 0.251165, 48.3227, 39.2417, 4.22574 )

[node name="npc" parent="area_scrapyard" index="21" instance=ExtResource( 22 )]
transform = Transform( -0.815687, 0, -0.578492, 0, 1, 0, 0.578492, 0, -0.815687, 42.3592, 39.9742, 8.95737 )
sitting = true

[node name="npc8" parent="area_scrapyard" index="22" instance=ExtResource( 22 )]
transform = Transform( -0.968286, 0, 0.249844, 0, 1, 0, -0.249844, 0, -0.968286, 41.1508, 40.1795, 9.22547 )
sitting = true

[node name="npc2" parent="area_scrapyard" index="23" instance=ExtResource( 22 )]
transform = Transform( -0.903668, 0, 0.428233, 0, 1, 0, -0.428233, 0, -0.903668, 34.3494, 41.922, -20.9904 )

[node name="npc3" parent="area_scrapyard" index="24" instance=ExtResource( 22 )]
transform = Transform( -0.903668, 0, 0.428233, 0, 1, 0, -0.428233, 0, -0.903668, 37.8194, 40.6244, -5.43966 )

[node name="npc_priest" parent="area_scrapyard" index="25" instance=ExtResource( 22 )]
transform = Transform( 0.362088, 0, 0.932144, 0, 1, 0, -0.932144, 0, 0.362088, 54.7182, 45.3579, -13.7899 )
dialog = ExtResource( 23 )
visual_name = "Junkyard Priest"
friendly_id = "junkyard_priest"
sitting = true

[node name="npc4" parent="area_scrapyard" index="26" instance=ExtResource( 22 )]
transform = Transform( -0.864431, 0, -0.502752, 0, 1, 0, 0.502752, 0, -0.864431, 44.249, 10.8516, 8.92713 )

[node name="npc_follower" parent="area_scrapyard" index="27" instance=ExtResource( 22 )]
transform = Transform( -0.562988, 0, -0.826465, 0, 1, 0, 0.826465, 0, -0.562988, 55.8277, 44.211, -9.77344 )
visual_name = "Follower"
sitting = true

[node name="npc_follower2" parent="area_scrapyard" index="28" instance=ExtResource( 22 )]
transform = Transform( -0.484286, 0, -0.87491, 0, 1, 0, 0.87491, 0, -0.484286, 56.8353, 44.4089, -11.5747 )
visual_name = "Follower"
sitting = true

[node name="npc_follower3" parent="area_scrapyard" index="29" instance=ExtResource( 22 )]
transform = Transform( -0.22669, 0, -0.973967, 0, 1, 0, 0.973967, 0, -0.22669, 57.5464, 44.757, -13.7744 )
visual_name = "Follower"
sitting = true

[node name="sitting_pillow" parent="area_scrapyard" index="30" instance=ExtResource( 24 )]
transform = Transform( 1, 0, 0, 0, 1, 0, 0, 0, 1, 66.3786, 43.8515, -55.9845 )

[node name="sitting_pillow2" parent="area_scrapyard" index="31" instance=ExtResource( 24 )]
transform = Transform( -0.0701968, 0, -0.997533, 0, 1, 0, 0.997533, 0, -0.0701968, 68.0966, 43.8515, -55.1143 )

[node name="shelf" parent="area_scrapyard" index="32" instance=ExtResource( 25 )]
transform = Transform( -0.969108, 0, -0.246638, 0, 1, 0, 0.246638, 0, -0.969108, 72.0921, 43.8515, -54.3737 )

[node name="stump_table" parent="area_scrapyard" index="33" instance=ExtResource( 26 )]
transform = Transform( -0.9876, 0, 0.15699, 0, 1, 0, -0.15699, 0, -0.9876, 71.1911, 43.8515, -55.6113 )

[node name="outlet_box" parent="area_scrapyard/stump_table" index="1" instance=ExtResource( 27 )]
transform = Transform( 0.788832, 0, 0.614608, 0, 1, 0, -0.614608, 0, 0.788832, -0.33712, 1.02678, 0.163052 )

[node name="wind_generator4" parent="area_scrapyard" index="34" instance=ExtResource( 12 )]
transform = Transform( -0.985456, 0, 0.169931, 0, 1, 0, -0.169931, 0, -0.985456, 70.107, 52.5436, -50.5308 )

[node name="npc5" parent="area_scrapyard" index="35" instance=ExtResource( 22 )]
transform = Transform( -0.270483, 0, 0.962725, 0, 1, 0, -0.962725, 0, -0.270483, 70.7269, 43.8515, -54.0549 )

[node name="npc7" parent="area_scrapyard" index="36" instance=ExtResource( 22 )]
transform = Transform( 0.257466, 0, 0.966287, 0, 1, 0, -0.966287, 0, 0.257466, 66.3537, 43.9678, -56.0678 )
sitting = true

[node name="npc6" parent="area_scrapyard" index="37" instance=ExtResource( 22 )]
transform = Transform( -0.0961623, 0, -0.995366, 0, 1, 0, 0.995366, 0, -0.0961623, 68.1057, 43.9678, -55.2298 )
sitting = true

[node name="cactus_round_flower" parent="area_scrapyard" index="38" instance=ExtResource( 28 )]
transform = Transform( 1, 0, 0, 0, 0.978335, 0.207026, 0, -0.207026, 0.978335, -44.1266, -2.67772, 150.202 )

[node name="cactus_round_flower2" parent="area_scrapyard" index="39" instance=ExtResource( 28 )]
transform = Transform( -0.999956, -0.00051136, 0.00938933, 0, 0.99852, 0.0543812, -0.00940324, 0.0543788, -0.998476, -44.8226, -2.75085, 149.666 )

[node name="cactus_round" parent="area_scrapyard" index="40" instance=ExtResource( 30 )]
transform = Transform( -0.371396, -0.0336768, 0.927863, -0.0903057, 0.995914, 0, -0.924072, -0.0837914, -0.37292, -44.2556, -2.41365, 152.491 )

[node name="cactus_round2" parent="area_scrapyard" index="41" instance=ExtResource( 30 )]
transform = Transform( 0.113085, 0.0207564, -0.993369, -0.180532, 0.983569, 1.34507e-09, 0.977047, 0.179335, 0.114974, -43.7826, -2.64828, 147.903 )

[node name="cactus_round3" parent="area_scrapyard" index="42" instance=ExtResource( 30 )]
transform = Transform( -0.916893, 0.063794, -0.394001, 0.0694084, 0.997588, 0, 0.393051, -0.027347, -0.91911, -41.6066, -2.60785, 149.447 )

[node name="cactus_round4" parent="area_scrapyard" index="43" instance=ExtResource( 30 )]
transform = Transform( -0.0383053, -0.156525, 0.986931, 0, 0.987656, 0.156639, -0.999266, 0.00600012, -0.0378324, -42.0736, -2.38584, 146.342 )

[node name="cactus_round5" parent="area_scrapyard" index="44" instance=ExtResource( 30 )]
transform = Transform( -0.753806, 0, 0.657097, 0, 1, 0, -0.657097, 0, -0.753806, -43.7046, -2.44214, 146.477 )

[node name="cactus_round_flower3" parent="area_scrapyard" index="45" instance=ExtResource( 28 )]
transform = Transform( -0.91911, 0, -0.394001, 0, 1, 0, 0.394001, 0, -0.91911, -43.5366, -2.75085, 149.373 )

[node name="cactus_round_flower4" parent="area_scrapyard" index="46" instance=ExtResource( 28 )]
transform = Transform( -0.820456, -0.0472267, -0.569755, 0, 0.996582, -0.0826061, 0.571709, -0.0677747, -0.817652, -45.4716, -2.62539, 151.344 )

[node name="garden" parent="area_scrapyard" index="47" instance=ExtResource( 31 )]
transform = Transform( -0.8567, 7.45058e-09, 0.515815, -0.0304978, 0.998251, -0.0506527, -0.514913, -0.0591254, -0.855201, -63.8706, -2.64754, 155.917 )

[node name="garden2" parent="area_scrapyard" index="48" instance=ExtResource( 31 )]
transform = Transform( 0.997164, -2.32831e-10, -0.0752644, -0.00125623, 0.999861, -0.0166436, 0.0752539, 0.016691, 0.997025, -50.0756, -3.03655, 149.349 )

[node name="garden3" parent="area_scrapyard" index="49" instance=ExtResource( 31 )]
transform = Transform( 0.765983, 9.31322e-10, 0.642861, 0.01073, 0.999861, -0.012785, -0.642772, 0.016691, 0.765876, -64.0356, -2.98332, 146.161 )

[node name="garden_melon" parent="area_scrapyard" index="50" instance=ExtResource( 29 )]
transform = Transform( -0.768173, 0.0342525, 0.639325, -0.0540223, 0.991539, -0.118033, -0.637959, -0.125207, -0.759824, -53.9326, -2.175, 157.805 )

[node name="rock5" parent="area_scrapyard" index="51" instance=ExtResource( 7 )]
transform = Transform( 1, 0, 0, 0, 0.783079, -0.621922, 0, 0.621922, 0.783079, -26.6396, -0.400259, 170.042 )

[node name="rock7" parent="area_scrapyard" index="52" instance=ExtResource( 7 )]
transform = Transform( 1, 0, 0, 0, 0.795087, 0.606496, 0, -0.606496, 0.795087, -16.1746, 1.99447, 126.891 )

[node name="rock8" parent="area_scrapyard" index="53" instance=ExtResource( 32 )]
transform = Transform( 1, 0, 0, 0, 1, 0, 0, 0, 1, 13.0854, -4.64691, 140.057 )

[node name="garden_melon2" parent="area_scrapyard" index="54" instance=ExtResource( 29 )]
transform = Transform( 0.993924, 0.110067, 4.93423e-05, -0.10995, 0.992888, -0.0456637, -0.00507505, 0.0453808, 0.998957, 2.26837, 37.6136, -5.5838 )

[node name="npc9" parent="area_scrapyard" index="55" instance=ExtResource( 22 )]
transform = Transform( -0.975726, 0, -0.218993, 0, 1, 0, 0.218993, 0, -0.975726, 2.19438, 37.6129, -5.59116 )
visual_name = "Gardener"

[node name="water_pot" parent="area_scrapyard" index="56" instance=ExtResource( 34 )]
transform = Transform( 1, 0, 0, 0, 1, 0, 0, 0, 1, 51.1491, 49.7969, -8.51985 )

[node name="sofa" parent="area_scrapyard" index="57" instance=ExtResource( 33 )]
transform = Transform( -0.304338, 0.030283, -0.952083, 0.108306, 0.994113, -0.00300076, 0.946387, -0.10403, -0.305826, 51.8656, 49.5659, -10.4611 )

[node name="npc_riley" parent="area_scrapyard" index="58" instance=ExtResource( 35 )]
transform = Transform( 0.274034, 0, 0.96172, 0, 1, 0, -0.96172, 0, 0.274034, 51.9136, 49.7775, -10.2373 )
sitting = true

[node name="rail_cart" parent="area_scrapyard" index="59" instance=ExtResource( 36 )]
transform = Transform( 1, 0, 0, 0, 0.811677, 0.584106, 0, -0.584106, 0.811677, -35.3056, 17.7365, 75.4763 )

[node name="scrap6" parent="area_scrapyard" index="60" instance=ExtResource( 9 )]
transform = Transform( 1, 0, 0, 0, 1, 0, 0, 0, 1, -35.7066, 14.3888, 77.3009 )

[node name="scrap2" parent="area_scrapyard/scrap6" index="1" instance=ExtResource( 6 )]
transform = Transform( 0.300209, 0.930212, -0.211139, -0.760876, 0.367022, 0.535128, 0.575275, 2.98023e-08, 0.81796, 3.86646, 1.66118, 2.5087 )

[node name="rail_cart2" parent="area_scrapyard" index="61" instance=ExtResource( 36 )]
transform = Transform( -0.181251, 0.760225, 0.623863, 0.135736, 0.647638, -0.749761, -0.974025, -0.0512138, -0.220575, -31.0486, 18.1325, 75.1717 )

[node name="outlet_box" parent="area_scrapyard" index="62" instance=ExtResource( 27 )]
transform = Transform( 0.963939, 0, -0.266122, 0, 1, 0, 0.266122, 0, 0.963939, -37.5996, 16.5179, 76.8336 )

[node name="phone" parent="area_scrapyard/outlet_box" index="1" instance=ExtResource( 37 )]
transform = Transform( -0.142268, 0, -0.989828, 0, 1, 0, 0.989828, 0, -0.142268, 0.490479, -0.0329533, 0.302551 )

[node name="phone2" parent="area_scrapyard/outlet_box" index="2" instance=ExtResource( 37 )]
transform = Transform( 0.590805, 0, -0.806815, 0, 1, 0, 0.806815, 0, 0.590805, 0.796127, -0.0329533, 0.147301 )
on = true

[node name="charger" parent="area_scrapyard/outlet_box" index="3" instance=ExtResource( 39 )]
transform = Transform( 1, 0, 0, 0, 1, 0, 0, 0, 1, 0.0953217, 0.053381, 0.0711136 )

[node name="charger2" parent="area_scrapyard/outlet_box" index="4" instance=ExtResource( 39 )]
transform = Transform( 1, 0, 0, 0, 1, 0, 0, 0, 1, 0.0995026, 0.212641, 0.0812683 )

[node name="drink_fridge" parent="area_scrapyard/outlet_box" index="5" instance=ExtResource( 38 )]
transform = Transform( 0.75882, 0, -0.651301, 0, 1, 0, 0.651301, 0, 0.75882, 0.394272, -0.0326328, -0.756157 )

[node name="sitting_pillow3" parent="area_scrapyard" index="63" instance=ExtResource( 24 )]
transform = Transform( 0.0696142, 0, 0.997574, 0, 1, 0, -0.997574, 0, 0.0696142, -35.4916, 16.4823, 77.1522 )

[node name="sitting_pillow4" parent="area_scrapyard" index="64" instance=ExtResource( 24 )]
transform = Transform( -0.558394, 0, -0.829576, 0, 1, 0, 0.829576, 0, -0.558394, -34.0446, 16.4424, 78.2013 )

[node name="npc_guard" parent="area_scrapyard" index="65" instance=ExtResource( 22 )]
transform = Transform( 0.997225, 0, -0.0744473, 0, 1, 0, 0.0744473, 0, 0.997225, -35.5306, 16.6398, 77.1942 )
visual_name = "Guard"
sitting = true

[node name="npc_guard2" parent="area_scrapyard" index="66" instance=ExtResource( 22 )]
transform = Transform( 0.855578, 0, -0.517675, 0, 1, 0, 0.517675, 0, 0.855578, -34.0726, 16.5624, 78.2658 )
visual_name = "Guard"
sitting = true

[node name="wind_generator5" parent="area_scrapyard" index="67" instance=ExtResource( 12 )]
transform = Transform( 0.483436, 0, -0.87538, 0, 1, 0, 0.87538, 0, 0.483436, -40.9766, 25.2064, 51.4507 )

[node name="mine_shack_small" parent="area_scrapyard" index="68" instance=ExtResource( 40 )]
transform = Transform( 1, 0, 0, 0, 1, 0, 0, 0, 1, -5.12462, 21.2712, 48.7069 )

[node name="sitting_pillow5" parent="area_scrapyard" index="69" instance=ExtResource( 24 )]
transform = Transform( 0.628105, 0, -0.778128, 0, 1, 0, 0.778128, 0, 0.628105, -6.71863, 21.2885, 46.4658 )

[node name="sitting_pillow6" parent="area_scrapyard" index="70" instance=ExtResource( 24 )]
transform = Transform( -0.996316, 0, -0.0857626, 0, 1, 0, 0.0857626, 0, -0.996316, -4.67262, 21.2885, 47.195 )

[node name="bed_native3" parent="area_scrapyard" index="71" instance=ExtResource( 17 )]
transform = Transform( 0.946302, 0, 0.323285, 0, 1, 0, -0.323285, 0, 0.946302, -6.06862, 21.2879, 50.3353 )

[node name="pail" parent="area_scrapyard" index="72" instance=ExtResource( 41 )]
transform = Transform( 1, 0, 0, 0, 1, 0, 0, 0, 1, 47.6494, 7.39253, -1.70947 )

[node name="pail2" parent="area_scrapyard" index="73" instance=ExtResource( 41 )]
transform = Transform( -0.607001, 0, -0.794701, 0, 1, 0, 0.794701, 0, -0.607001, 46.9766, 7.39253, -1.30685 )

[node name="drink_fridge" parent="area_scrapyard" index="74" instance=ExtResource( 38 )]
transform = Transform( 0.759168, 0, 0.650895, 0, 1, 0, -0.650895, 0, 0.759168, 40.8183, 7.39253, -1.77534 )

[node name="outlet_box2" parent="area_scrapyard" index="75" instance=ExtResource( 27 )]
transform = Transform( 0.0371892, 0, 0.999308, 0, 1, 0, -0.999308, 0, 0.0371892, 39.8906, 8.16863, -2.16173 )

[node name="c_table" parent="area_scrapyard" index="76" instance=ExtResource( 42 )]
transform = Transform( 1, 0, 0, 0, 1, 0, 0, 0, 1, 39.8848, 7.39253, -2.40866 )

[node name="phone" parent="area_scrapyard" index="77" instance=ExtResource( 37 )]
transform = Transform( 1, 0, 0, 0, 1, 0, 0, 0, 1, 40.1294, 8.14913, -2.54351 )

[node name="phone3" parent="area_scrapyard" index="78" instance=ExtResource( 37 )]
transform = Transform( 0.551526, 0, 0.834158, 0, 1, 0, -0.834158, 0, 0.551526, 39.6406, 8.15253, -2.52105 )

[node name="phone2" parent="area_scrapyard" index="79" instance=ExtResource( 37 )]
transform = Transform( 0.754415, 0, 0.656398, 0, 1, 0, -0.656398, 0, 0.754415, 39.8672, 8.14893, -2.55332 )

[node name="table2" parent="area_scrapyard" index="80" instance=ExtResource( 43 )]
transform = Transform( -0.981396, 0, 0.191994, 0, 1, 0, -0.191994, 0, -0.981396, 50.0494, 7.41553, -3.84953 )

[node name="table3" parent="area_scrapyard" index="81" instance=ExtResource( 43 )]
transform = Transform( 0.630356, 0, 0.776306, 0, 1, 0, -0.776306, 0, 0.630356, 45.1715, 7.41553, -3.33813 )

[node name="table4" parent="area_scrapyard" index="82" instance=ExtResource( 43 )]
transform = Transform( 0.249457, 0, -0.968386, 0, 1, 0, 0.968386, 0, 0.249457, 46.3895, 7.41553, -8.12621 )

[node name="wind_generator6" parent="area_scrapyard" index="83" instance=ExtResource( 12 )]
transform = Transform( 0.323925, 0, 0.946083, 0, 1, 0, -0.946083, 0, 0.323925, 52.6782, 8.26453, -2.73151 )
active = false
move_scale = 0.0

[node name="wind_generator7" parent="area_scrapyard" index="84" instance=ExtResource( 12 )]
transform = Transform( -0.649403, 0, 0.760444, 0, 1, 0, -0.760444, 0, -0.649403, 62.5817, 5.43403, -18.0389 )
move_scale = 0.2

[node name="wind_generator8" parent="area_scrapyard" index="85" instance=ExtResource( 12 )]
transform = Transform( -0.612954, 0, 0.790118, 0, 1, 0, -0.790118, 0, -0.612954, 60.952, 4.17628, -24.5679 )
move_scale = 0.2

[node name="table5" parent="area_scrapyard" index="86" instance=ExtResource( 43 )]
transform = Transform( 0.969046, 0, -0.246879, 0, 1, 0, 0.246879, 0, 0.969046, 41.0965, 7.41553, -6.52939 )

[node name="npc10" parent="area_scrapyard" index="87" instance=ExtResource( 22 )]
transform = Transform( 0.920239, 0, -0.391357, 0, 1, 0, 0.391357, 0, 0.920239, 45.8599, 7.39253, -4.18771 )
visual_name = "Worker"

[node name="npc11" parent="area_scrapyard" index="88" instance=ExtResource( 22 )]
transform = Transform( 0.116307, 0, 0.993213, 0, 1, 0, -0.993213, 0, 0.116307, 48.7704, 7.39253, -3.96614 )
visual_name = "Worker"

[node name="npc12" parent="area_scrapyard" index="89" instance=ExtResource( 22 )]
transform = Transform( 0.116307, 0, 0.993213, 0, 1, 0, -0.993213, 0, 0.116307, 48.355, 7.39253, -4.7546 )
visual_name = "Worker"

[node name="npc13" parent="area_scrapyard" index="90" instance=ExtResource( 22 )]
transform = Transform( -0.999795, 0, -0.0202574, 0, 1, 0, 0.0202574, 0, -0.999795, 46.0097, 7.39253, -6.65647 )
visual_name = "Worker"

[node name="npc14" parent="area_scrapyard" index="91" instance=ExtResource( 22 )]
transform = Transform( -0.898199, 0, -0.439588, 0, 1, 0, 0.439588, 0, -0.898199, 47.4885, 7.39253, -7.19898 )
visual_name = "Worker"

[node name="npc15" parent="area_scrapyard" index="92" instance=ExtResource( 22 )]
transform = Transform( -0.343012, 0, -0.939331, 0, 1, 0, 0.939331, 0, -0.343012, 42.2653, 7.39253, -6.04888 )
visual_name = "Worker"

[node name="npc16" parent="area_scrapyard" index="93" instance=ExtResource( 22 )]
transform = Transform( -0.980465, 0, 0.196693, 0, 1, 0, -0.196693, 0, -0.980465, 42.8157, 7.39253, -2.25163 )
visual_name = "Supervisor"

[node name="crate1" parent="area_scrapyard" index="94" instance=ExtResource( 44 )]
transform = Transform( 0.252115, 0, -0.967697, 0, 1, 0, 0.967697, 0, 0.252115, 46.3296, 7.43323, -9.57207 )

[node name="bug_pickup" parent="area_scrapyard" index="95" instance=ExtResource( 45 )]
transform = Transform( -0.94362, 0, 0.331032, 0, 1, 0, -0.331032, 0, -0.94362, 46.8345, 7.23283, -9.70841 )

[node name="gen_part_pvc" parent="area_scrapyard" index="96" instance=ExtResource( 46 )]
transform = Transform( -0.210467, 0.91716, 0.338409, -0.855112, -0.00494405, -0.51842, -0.473801, -0.398487, 0.785315, 46.6826, 8.02683, -8.0227 )

[node name="gen_part_pvc2" parent="area_scrapyard" index="97" instance=ExtResource( 46 )]
transform = Transform( 0.399837, 0.915257, 0.0493342, -0.11915, -0.00146645, 0.992875, 0.908809, -0.402867, 0.108466, 46.71, 8.03983, -8.34473 )

[node name="area_cliff" type="Spatial" parent="." index="3"]
transform = Transform( 1, 0, 0, 0, 1, 0, 0, 0, 1, 138.343, 101.545, 204.384 )

[node name="fountain" parent="area_cliff" index="0" instance=ExtResource( 4 )]
transform = Transform( 1, 0, 0, 0, 0.992113, 0.125351, 0, -0.125351, 0.992113, 62.8426, 32.5922, 2.98436 )

[node name="scrap_pile2" parent="area_cliff" index="1" instance=ExtResource( 5 )]
transform = Transform( -0.0056199, 0, -0.999984, 0.960288, 0.278958, -0.00539681, 0.278953, -0.960303, -0.00156771, -29.3464, -106.597, -51.6156 )

[node name="scrap_pile1" parent="area_cliff" index="2" instance=ExtResource( 8 )]
transform = Transform( 0.136691, 0.15128, 0.978994, -0.962756, 0.253007, 0.0953277, -0.233272, -0.955564, 0.18023, -45.0558, -106.752, -45.9816 )

[node name="scrap3" parent="area_cliff" index="3" instance=ExtResource( 11 )]
transform = Transform( -0.228606, -0.0850171, -0.9698, 0.446942, -0.894156, -0.0269694, -0.86486, -0.439609, 0.242407, -36.5844, -107.533, -35.7086 )

[node name="scrap2" parent="area_cliff" index="4" instance=ExtResource( 6 )]
transform = Transform( -0.0531203, -0.998588, 0, 0.962887, -0.0512212, -0.265001, 0.264627, -0.0140769, 0.964248, -19.9114, -104.851, -39.8876 )

[node name="scrap4" parent="area_cliff" index="5" instance=ExtResource( 6 )]
transform = Transform( -0.0531203, -0.998588, 0, 0.962887, -0.0512212, -0.265001, 0.264627, -0.0140769, 0.964248, -49.1589, -106.892, -47.4806 )

[node name="rock1" parent="area_cliff" index="6" instance=ExtResource( 7 )]
transform = Transform( 0.0638392, 0.0911448, -0.993789, -0.819072, 0.573691, 0, 0.570128, 0.813985, 0.111278, -26.0274, -106.062, -33.9246 )

[node name="rock2" parent="area_cliff" index="7" instance=ExtResource( 7 )]
