[gd_scene load_steps=15 format=2]

[ext_resource path="res://areas/chunk_content.gd" type="Script" id=1]
[ext_resource path="res://entities/env/palace2.tscn" type="PackedScene" id=2]
[ext_resource path="res://items/gem_pickup.tscn" type="PackedScene" id=3]
[ext_resource path="res://items/bug_pickup.tscn" type="PackedScene" id=4]
[ext_resource path="res://entities/enemies/crawly.tscn" type="PackedScene" id=5]
[ext_resource path="res://entities/enemies/deathgnat.tscn" type="PackedScene" id=6]
[ext_resource path="res://entities/env/scrap1.tscn" type="PackedScene" id=7]
[ext_resource path="res://entities/env/scrap2.tscn" type="PackedScene" id=8]
[ext_resource path="res://entities/env/scrap_pile2.tscn" type="PackedScene" id=9]
[ext_resource path="res://items/coat_pickup.tscn" type="PackedScene" id=10]
[ext_resource path="res://entities/env/rock2.tscn" type="PackedScene" id=11]
[ext_resource path="res://entities/env/hut.tscn" type="PackedScene" id=12]
[ext_resource path="res://entities/npc.tscn" type="PackedScene" id=13]
[ext_resource path="res://dialog/side_content/hermit136.dialog" type="Resource" id=14]

[node name="chunk136" type="Spatial"]
script = ExtResource( 1 )

[node name="bug_pickup" parent="." instance=ExtResource( 4 )]
transform = Transform( -0.738032, 0, -0.674766, 0, 1, 0, 0.674766, 0, -0.738032, -144, -154.15, 24 )

[node name="bug_pickup2" parent="." instance=ExtResource( 4 )]
transform = Transform( -0.738032, 0, -0.674766, 0, 1, 0, 0.674766, 0, -0.738032, -174.007, -240.398, 98.8313 )

[node name="palace2" parent="." instance=ExtResource( 2 )]
transform = Transform( -0.216269, -0.976334, 0, 0.976334, -0.216269, 0, 0, 0, 1, -110.229, -216.533, 119.918 )

[node name="bug_pickup3" parent="." instance=ExtResource( 4 )]
transform = Transform( -0.806981, 0, -0.590578, 0, 1, 0, 0.590578, 0, -0.806981, -128.478, -200.792, 120.282 )

[node name="gem_pickup" parent="." instance=ExtResource( 3 )]
transform = Transform( 1, 0, 0, 0, 1, 0, 0, 0, 1, -111.509, -198.148, 119.709 )

[node name="gem_pickup2" parent="." instance=ExtResource( 3 )]
transform = Transform( 1, 0, 0, 0, 1, 0, 0, 0, 1, -111.509, -198.273, 127.774 )

[node name="gem_pickup3" parent="." instance=ExtResource( 3 )]
transform = Transform( 1, 0, 0, 0, 1, 0, 0, 0, 1, -111.509, -202.969, 132.064 )

[node name="gem_pickup4" parent="." instance=ExtResource( 3 )]
transform = Transform( 1, 0, 0, 0, 1, 0, 0, 0, 1, -111.509, -209.745, 135.514 )

[node name="gem_pickup5" parent="." instance=ExtResource( 3 )]
transform = Transform( 1, 0, 0, 0, 1, 0, 0, 0, 1, -111.509, -209.033, 104.762 )

[node name="gem_pickup6" parent="." instance=ExtResource( 3 )]
transform = Transform( 1, 0, 0, 0, 1, 0, 0, 0, 1, -111.509, -203.817, 109.132 )

[node name="gem_pickup8" parent="." instance=ExtResource( 3 )]
transform = Transform( 1, 0, 0, 0, 1, 0, 0, 0, 1, -118.911, -221.927, 120.511 )

[node name="gem_pickup9" parent="." instance=ExtResource( 3 )]
transform = Transform( 1, 0, 0, 0, 1, 0, 0, 0, 1, -25.0558, -189.868, 93.1974 )

[node name="gem_pickup7" parent="." instance=ExtResource( 3 )]
transform = Transform( 1, 0, 0, 0, 1, 0, 0, 0, 1, -111.509, -200.374, 112.575 )

[node name="gem_pickup10" parent="." instance=ExtResource( 3 )]
transform = Transform( 1, 0, 0, 0, 1, 0, 0, 0, 1, 35.6913, -150.83, 29.8079 )

[node name="gem_pickup11" parent="." instance=ExtResource( 3 )]
transform = Transform( 1, 0, 0, 0, 1, 0, 0, 0, 1, -49.7923, -119.818, -0.529207 )

[node name="gem_pickup12" parent="." instance=ExtResource( 3 )]
transform = Transform( 1, 0, 0, 0, 1, 0, 0, 0, 1, -49.5882, -119.818, 0.343338 )

[node name="gem_pickup13" parent="." instance=ExtResource( 3 )]
transform = Transform( 1, 0, 0, 0, 1, 0, 0, 0, 1, -48.9893, -119.818, -0.536873 )

[node name="gem_pickup14" parent="." instance=ExtResource( 3 )]
transform = Transform( 1, 0, 0, 0, 1, 0, 0, 0, 1, -48.5985, -119.818, 0.287364 )

[node name="gem_pickup15" parent="." instance=ExtResource( 3 )]
transform = Transform( 1, 0, 0, 0, 1, 0, 0, 0, 1, -48.018, -119.818, -0.510408 )

[node name="gem_pickup16" parent="." instance=ExtResource( 3 )]
transform = Transform( 1, 0, 0, 0, 1, 0, 0, 0, 1, -48.9576, -119.818, -1.46494 )

[node name="bug_pickup4" parent="." instance=ExtResource( 4 )]
transform = Transform( 1, 0, 0, 0, 1, 0, 0, 0, 1, -49.6412, -108.367, -0.30813 )

[node name="scrap_pile2" parent="." instance=ExtResource( 9 )]
transform = Transform( -0.60493, -0.464052, 0.647082, 0.735472, -0.637076, 0.230685, 0.30519, 0.615459, 0.726683, 143.236, -146.47, -100.345 )

[node name="scrap2" parent="scrap_pile2" instance=ExtResource( 8 )]
transform = Transform( 0.193992, 0.934441, 0.298642, -0.509029, 0.356118, -0.783626, -0.838604, -8.9407e-08, 0.544742, -5.07918, 3.78562, 8.59498 )

[node name="scrap1" parent="scrap_pile2" instance=ExtResource( 7 )]
transform = Transform( -0.621544, 0.783379, 2.98023e-08, -0.783379, -0.621544, -2.98023e-08, -2.98023e-08, 8.9407e-08, 1, -10.04, 3.88747, 3.73579 )

[node name="crawly" parent="." instance=ExtResource( 5 )]
transform = Transform( 0.452466, 0, -0.891782, 0, 1, 0, 0.891782, 0, 0.452466, 156.433, -152.283, -105.277 )

[node name="gem_pickup17" parent="." instance=ExtResource( 3 )]
transform = Transform( 1, 0, 0, 0, 1, 0, 0, 0, 1, 151.868, -151.091, -100.682 )

[node name="gem_pickup18" parent="." instance=ExtResource( 3 )]
transform = Transform( 1, 0, 0, 0, 1, 0, 0, 0, 1, 150.604, -150.349, -99.708 )

[node name="gem_pickup19" parent="." instance=ExtResource( 3 )]
transform = Transform( 1, 0, 0, 0, 1, 0, 0, 0, 1, 147.582, -149.154, -98.7859 )

[node name="gem_pickup20" parent="." instance=ExtResource( 3 )]
transform = Transform( 1, 0, 0, 0, 1, 0, 0, 0, 1, 145.191, -143.472, -97.2038 )

[node name="gem_pickup21" parent="." instance=ExtResource( 3 )]
transform = Transform( 1, 0, 0, 0, 1, 0, 0, 0, 1, 146.442, -143.472, -95.1303 )

[node name="gem_pickup22" parent="." instance=ExtResource( 3 )]
transform = Transform( 1, 0, 0, 0, 1, 0, 0, 0, 1, 148.076, -143.472, -91.9939 )

[node name="gem_pickup23" parent="." instance=ExtResource( 3 )]
transform = Transform( 1, 0, 0, 0, 1, 0, 0, 0, 1, 149.932, -143.472, -89.672 )

[node name="gem_pickup24" parent="." instance=ExtResource( 3 )]
transform = Transform( 1, 0, 0, 0, 1, 0, 0, 0, 1, 153.195, -143.472, -84.8698 )

[node name="gem_pickup25" parent="." instance=ExtResource( 3 )]
transform = Transform( 1, 0, 0, 0, 1, 0, 0, 0, 1, 143.216, -143.472, -99.9481 )

[node name="gem_pickup26" parent="." instance=ExtResource( 3 )]
transform = Transform( 1, 0, 0, 0, 1, 0, 0, 0, 1, 141.036, -143.472, -102.944 )

[node name="gem_pickup27" parent="." instance=ExtResource( 3 )]
transform = Transform( 1, 0, 0, 0, 1, 0, 0, 0, 1, 138.786, -143.472, -105.598 )

[node name="gem_pickup28" parent="." instance=ExtResource( 3 )]
transform = Transform( 1, 0, 0, 0, 1, 0, 0, 0, 1, 135.967, -143.472, -108.96 )

[node name="gem_pickup29" parent="." instance=ExtResource( 3 )]
transform = Transform( 1, 0, 0, 0, 1, 0, 0, 0, 1, 131.944, -143.472, -113.484 )

[node name="deathgnat" parent="." instance=ExtResource( 6 )]
transform = Transform( 0.639801, 0, -0.76854, 0, 1, 0, 0.76854, 0, 0.639801, 142.871, -138.714, -93.556 )

[node name="bug_pickup5" parent="." instance=ExtResource( 4 )]
transform = Transform( 1, 0, 0, 0, 1, 0, 0, 0, 1, 138.46, -140.67, -100.588 )

[node name="bug_pickup6" parent="." instance=ExtResource( 4 )]
transform = Transform( 1, 0, 0, 0, 1, 0, 0, 0, 1, 139.858, -139.839, -95.4986 )

[node name="bug_pickup7" parent="." instance=ExtResource( 4 )]
transform = Transform( 1, 0, 0, 0, 1, 0, 0, 0, 1, 144.725, -139.839, -90.9047 )

[node name="bug_pickup8" parent="." instance=ExtResource( 4 )]
transform = Transform( 1, 0, 0, 0, 1, 0, 0, 0, 1, 127.106, -143.677, -118.216 )

[node name="bug_pickup10" parent="." instance=ExtResource( 4 )]
transform = Transform( 1, 0, 0, 0, 1, 0, 0, 0, 1, 105.393, -116.274, -151.531 )

[node name="bug_pickup9" parent="." instance=ExtResource( 4 )]
transform = Transform( 1, 0, 0, 0, 1, 0, 0, 0, 1, 149.435, -152.807, -97.9958 )

[node name="gem_pickup30" parent="." instance=ExtResource( 3 )]
transform = Transform( 1, 0, 0, 0, 1, 0, 0, 0, 1, 105.445, -123.306, -152.458 )

[node name="gem_pickup31" parent="." instance=ExtResource( 3 )]
transform = Transform( 1, 0, 0, 0, 1, 0, 0, 0, 1, 106.059, -123.306, -152.259 )

[node name="gem_pickup32" parent="." instance=ExtResource( 3 )]
transform = Transform( 1, 0, 0, 0, 1, 0, 0, 0, 1, 104.974, -123.306, -152.106 )

[node name="gem_pickup33" parent="." instance=ExtResource( 3 )]
transform = Transform( 1, 0, 0, 0, 1, 0, 0, 0, 1, 105.409, -123.306, -153.008 )

[node name="gem_pickup34" parent="." instance=ExtResource( 3 )]
transform = Transform( 1, 0, 0, 0, 1, 0, 0, 0, 1, 115.717, -128.73, -140.101 )

[node name="gem_pickup35" parent="." instance=ExtResource( 3 )]
transform = Transform( 1, 0, 0, 0, 1, 0, 0, 0, 1, 119.723, -134.91, -131.941 )

[node name="coat_pickup" parent="." instance=ExtResource( 10 )]
transform = Transform( 0.983553, 0, -0.180622, 0, 1, 0, 0.180622, 0, 0.983553, 218.201, -166.675, -167.77 )

[node name="gem_pickup36" parent="." instance=ExtResource( 3 )]
transform = Transform( 1, 0, 0, 0, 1, 0, 0, 0, 1, 206.32, -161.853, -149.22 )

[node name="rock2" parent="." instance=ExtResource( 11 )]
transform = Transform( -0.744346, -0.192451, -0.639463, 0.491533, 0.490311, -0.719715, 0.452046, -0.850034, -0.270365, -157.489, -247.802, -94.1042 )

[node name="gem_pickup37" parent="." instance=ExtResource( 3 )]
transform = Transform( 1, 0, 0, 0, 1, 0, 0, 0, 1, -169.424, -242.579, -95.6925 )

[node name="gem_pickup38" parent="." instance=ExtResource( 3 )]
transform = Transform( 1, 0, 0, 0, 1, 0, 0, 0, 1, -165.164, -241.8, -98.1515 )

[node name="gem_pickup39" parent="." instance=ExtResource( 3 )]
transform = Transform( 1, 0, 0, 0, 1, 0, 0, 0, 1, -157.647, -239.259, -98.5854 )

[node name="gem_pickup40" parent="." instance=ExtResource( 3 )]
transform = Transform( 1, 0, 0, 0, 1, 0, 0, 0, 1, -164.384, -238.903, -93.8193 )

[node name="gem_pickup41" parent="." instance=ExtResource( 3 )]
transform = Transform( 1, 0, 0, 0, 1, 0, 0, 0, 1, -163.779, -236.333, -87.5263 )

[node name="bug_pickup11" parent="." instance=ExtResource( 4 )]
transform = Transform( 1, 0, 0, 0, 1, 0, 0, 0, 1, -150.473, -233.773, -89.5866 )

[node name="gem_pickup42" parent="." instance=ExtResource( 3 )]
transform = Transform( 1, 0, 0, 0, 1, 0, 0, 0, 1, -155.374, -234.558, -92.0877 )

[node name="gem_pickup43" parent="." instance=ExtResource( 3 )]
transform = Transform( 1, 0, 0, 0, 1, 0, 0, 0, 1, -155.592, -234.129, -87.4231 )

[node name="gem_pickup44" parent="." instance=ExtResource( 3 )]
transform = Transform( 1, 0, 0, 0, 1, 0, 0, 0, 1, -148.983, -244.336, -101.843 )

[node name="npc" parent="." instance=ExtResource( 13 )]
transform = Transform( 0.821468, 0, -0.570255, 0, 1, 0, 0.570255, 0, 0.821468, -114.634, -167.041, -220.361 )
dialog = ExtResource( 14 )
visual_name = "The Hermit"

[node name="hut" parent="." instance=ExtResource( 12 )]
transform = Transform( 0.00207694, 0, -0.999998, 0, 1, 0, 0.999998, 0, 0.00207694, -113.855, -168.041, -218.04 )

[node name="gem_pickup" parent="hut" instance=ExtResource( 3 )]
transform = Transform( 1, 0, 0, 0, 1, 0, 0, 0, 1, 4.08185, 1.30905, -1.38564 )

[node name="gem_pickup2" parent="hut" instance=ExtResource( 3 )]
transform = Transform( 1, 0, 0, 0, 1, 0, 0, 0, 1, 3.36018, 1.25455, -2.74728 )

[node name="gem_pickup3" parent="hut" instance=ExtResource( 3 )]
transform = Transform( 1, 0, 0, 0, 1, 0, 0, 0, 1, 3.77257, 1.14198, -0.541656 )

[node name="bug_pickup2" parent="hut" instance=ExtResource( 4 )]
transform = Transform( 1, 0, 0, 0, 1, 0, 0, 0, 1, 1.1373, 4.70328, -1.6039 )

[node name="bug_pickup" parent="hut" instance=ExtResource( 4 )]
transform = Transform( 1, 0, 0, 0, 1, 0, 0, 0, 1, -0.313004, 5.57303, -1.09317 )

[node name="gem_pickup4" parent="hut" instance=ExtResource( 3 )]
transform = Transform( 1, 0, 0, 0, 1, 0, 0, 0, 1, 0.134323, 10.4828, -0.0889435 )

[node name="bug_pickup3" parent="hut" instance=ExtResource( 4 )]
transform = Transform( 1, 0, 0, 0, 1, 0, 0, 0, 1, 3.36348, 12.0347, -1.20659 )

[node name="scrap1" parent="." instance=ExtResource( 7 )]
transform = Transform( 1, 0, 0, 0, 0.761617, -0.648027, 0, 0.648027, 0.761617, -108.244, -169.758, -208.897 )

[node name="gem_pickup45" parent="." instance=ExtResource( 3 )]
transform = Transform( 1, 0, 0, 0, 1, 0, 0, 0, 1, -108.384, -166.308, -209.817 )

[node name="gem_pickup46" parent="." instance=ExtResource( 3 )]
transform = Transform( 1, 0, 0, 0, 1, 0, 0, 0, 1, 151.047, -143.6, -87.3059 )
