[gd_scene load_steps=17 format=2]

[ext_resource path="res://areas/chunk_content.gd" type="Script" id=1]
[ext_resource path="res://entities/env/hut.tscn" type="PackedScene" id=2]
[ext_resource path="res://entities/env/rock1.tscn" type="PackedScene" id=3]
[ext_resource path="res://entities/env/ruin1.tscn" type="PackedScene" id=4]
[ext_resource path="res://entities/env/copper/scrap_pile1.tscn" type="PackedScene" id=5]
[ext_resource path="res://entities/env/wall1.tscn" type="PackedScene" id=6]
[ext_resource path="res://entities/env/pillar.tscn" type="PackedScene" id=7]
[ext_resource path="res://entities/env/copper/scrap3.tscn" type="PackedScene" id=8]
[ext_resource path="res://items/bug_pickup.tscn" type="PackedScene" id=9]
[ext_resource path="res://items/gem_pickup.tscn" type="PackedScene" id=10]
[ext_resource path="res://entities/wardrobe.tscn" type="PackedScene" id=11]
[ext_resource path="res://entities/env/copper/platform.tscn" type="PackedScene" id=12]
[ext_resource path="res://entities/env/copper/scrap_pile3.tscn" type="PackedScene" id=13]
[ext_resource path="res://entities/env/copper/scrap2.tscn" type="PackedScene" id=14]
[ext_resource path="res://entities/npc.tscn" type="PackedScene" id=15]
[ext_resource path="res://_glb/entities/power_thing.glb" type="PackedScene" id=16]

[node name="chunk111" type="Spatial"]
script = ExtResource( 1 )

[node name="hut" parent="." instance=ExtResource( 2 )]
transform = Transform( -0.15471, 0, 0.98796, 0, 1, 0, -0.98796, 0, -0.15471, 192.26, -250, -221.997 )

[node name="hut2" parent="." instance=ExtResource( 2 )]
transform = Transform( 0.965926, 0, 0.258819, 0, 1, 0, -0.258819, 0, 0.965926, 196, -250, -240 )

[node name="hut3" parent="." instance=ExtResource( 2 )]
transform = Transform( -1, 0, -1.50996e-07, 0, 1, 0, 1.50996e-07, 0, -1, 210, -250, -220 )

[node name="rock1" parent="." instance=ExtResource( 3 )]
transform = Transform( -0.44074, -0.876391, -0.194129, -0.191107, -0.119696, 0.974244, -0.877055, 0.466488, -0.11473, 217.027, -250.679, -230.994 )

[node name="pillar" parent="." instance=ExtResource( 7 )]
transform = Transform( 0.299654, 0.574995, -0.761307, -0.953491, 0.207765, -0.218379, 0.0326058, 0.791337, 0.61051, 207.657, -248.88, -241.844 )

[node name="scrap3" parent="." instance=ExtResource( 8 )]
transform = Transform( 0.503351, -0.229191, -0.833132, 0.00470715, 0.964895, -0.262594, 0.864069, 0.128255, 0.486759, 198.635, -240.958, -231.461 )

[node name="scrap_pile1" parent="." instance=ExtResource( 5 )]
transform = Transform( 0.102463, 0, 0.994737, 0, 1, 0, -0.994737, 0, 0.102463, 205.708, -247.646, -207.957 )

[node name="ruin1" parent="." instance=ExtResource( 4 )]
transform = Transform( 1, 0, 0, 0, 1, 0, 0, 0, 1, 158.645, -251.7, -222.4 )

[node name="wall1" parent="." instance=ExtResource( 6 )]
transform = Transform( 1, 0, 0, 0, 0.864301, 0.502975, 0, -0.502975, 0.864301, 175.785, -251.382, -216.158 )

[node name="gem_pickup" parent="." instance=ExtResource( 10 )]
transform = Transform( 1, 0, 0, 0, 1, 0, 0, 0, 1, 192.047, -239.558, -222.108 )

[node name="gem_pickup4" parent="." instance=ExtResource( 10 )]
transform = Transform( 1, 0, 0, 0, 1, 0, 0, 0, 1, 205.591, -241.275, -208.788 )

[node name="gem_pickup7" parent="." instance=ExtResource( 10 )]
transform = Transform( 1, 0, 0, 0, 1, 0, 0, 0, 1, 218.024, -246.781, -227.151 )

[node name="gem_pickup8" parent="." instance=ExtResource( 10 )]
transform = Transform( 1, 0, 0, 0, 1, 0, 0, 0, 1, 218.159, -241.21, -228.428 )

[node name="gem_pickup9" parent="." instance=ExtResource( 10 )]
transform = Transform( 1, 0, 0, 0, 1, 0, 0, 0, 1, 219.932, -246.621, -231.47 )

[node name="bug_pickup" parent="." instance=ExtResource( 9 )]
transform = Transform( -0.755305, 0, 0.655374, 0, 1, 0, -0.655374, 0, -0.755305, 195.441, -240.985, -244.645 )

[node name="bug_pickup2" parent="." instance=ExtResource( 9 )]
transform = Transform( -0.755305, 0, 0.655374, 0, 1, 0, -0.655374, 0, -0.755305, 206.722, -237.3, -218.956 )

[node name="bug_pickup3" parent="." instance=ExtResource( 9 )]
transform = Transform( -0.755305, 0, 0.655374, 0, 1, 0, -0.655374, 0, -0.755305, 190.597, -237.664, -225.232 )

[node name="bug_pickup4" parent="." instance=ExtResource( 9 )]
transform = Transform( -0.234277, 0, -0.97217, 0, 1, 0, 0.97217, 0, -0.234277, 185.974, -246.463, -221.742 )

[node name="bug_pickup5" parent="." instance=ExtResource( 9 )]
transform = Transform( 1, 0, 0, 0, 1, 0, 0, 0, 1, 199.225, -246.703, -210.804 )

[node name="bug_pickup6" parent="." instance=ExtResource( 9 )]
transform = Transform( -0.0997191, 0, 0.995016, 0, 1, 0, -0.995016, 0, -0.0997191, 206.446, -243.988, -217.33 )

[node name="bug_pickup7" parent="." instance=ExtResource( 9 )]
transform = Transform( -0.991452, 0, 0.130474, 0, 1, 0, -0.130474, 0, -0.991452, 169.608, -204.122, -130.067 )

[node name="bug_pickup8" parent="." instance=ExtResource( 9 )]
transform = Transform( -0.991452, 0, 0.130474, 0, 1, 0, -0.130474, 0, -0.991452, 169.608, -31.5582, 40.3355 )

[node name="bug_pickup9" parent="." instance=ExtResource( 9 )]
transform = Transform( -0.991452, 0, 0.130474, 0, 1, 0, -0.130474, 0, -0.991452, 161.917, -88.8521, -21.1745 )

[node name="bug_pickup10" parent="." instance=ExtResource( 9 )]
transform = Transform( 1, 0, 0, 0, 1, 0, 0, 0, 1, 198.846, -244.418, -239.924 )

[node name="rock2" parent="." instance=ExtResource( 3 )]
transform = Transform( 0.0258654, 0.956658, 0.290063, -0.954862, -0.0622506, 0.290455, 0.295923, -0.284483, 0.911866, 205.488, -250.974, -226.785 )

[node name="wardrobe" parent="." instance=ExtResource( 11 )]
transform = Transform( 0.961516, 0, -0.274748, 0, 1, 0, 0.274748, 0, 0.961516, 209.588, -248.032, -218.32 )

[node name="platform" parent="." instance=ExtResource( 12 )]
transform = Transform( 0.821567, 0.329597, 0.46518, -1.23204e-07, -0.815946, 0.578128, 0.570111, -0.474971, -0.670355, 219.846, -255.496, -206.72 )

[node name="scrap_pile3" parent="." instance=ExtResource( 13 )]
transform = Transform( 0.525995, 0.462816, -0.713534, 0.769583, 0.0981301, 0.630961, 0.362038, -0.881006, -0.304559, 208.551, -248.439, -221.064 )

[node name="bug_pickup11" parent="." instance=ExtResource( 9 )]
transform = Transform( 1, 0, 0, 0, 1, 0, 0, 0, 1, 219.118, -241.32, -204.572 )

[node name="gem_pickup2" parent="." instance=ExtResource( 10 )]
transform = Transform( 1, 0, 0, 0, 1, 0, 0, 0, 1, 220.789, -244.1, -198.636 )

[node name="gem_pickup3" parent="." instance=ExtResource( 10 )]
transform = Transform( 1, 0, 0, 0, 1, 0, 0, 0, 1, 216.302, -244.314, -208.553 )

[node name="scrap2" parent="." instance=ExtResource( 14 )]
transform = Transform( -0.608789, 0, -0.793332, -0.0299147, 0.999289, 0.022956, 0.792768, 0.0377076, -0.608356, 208.632, -247.305, -221.539 )

[node name="npc" parent="." instance=ExtResource( 15 )]
transform = Transform( 0.681871, 0, -0.731473, 0, 1, 0, 0.731473, 0, 0.681871, 210.649, -245.914, -222.62 )

[node name="power_thing" parent="." instance=ExtResource( 16 )]
transform = Transform( 0.343899, 0.926584, -0.152234, -0.374752, -0.0132197, -0.927031, -0.860985, 0.375855, 0.342693, 208.429, -245.523, -221.892 )
