[gd_scene load_steps=91 format=2]

[ext_resource path="res://areas/chunk_content.gd" type="Script" id=1]
[ext_resource path="res://entities/npc/npc_shop.tscn" type="PackedScene" id=2]
[ext_resource path="res://entities/enemies/crawly.tscn" type="PackedScene" id=3]
[ext_resource path="res://items/gem_pickup.tscn" type="PackedScene" id=4]
[ext_resource path="res://material/env/stone/bricks.material" type="Material" id=5]
[ext_resource path="res://items/bug_pickup.tscn" type="PackedScene" id=6]
[ext_resource path="res://_glb/chunks/chunk112.glb" type="PackedScene" id=7]
[ext_resource path="res://dialog/intro/gate.dialog" type="Resource" id=8]
[ext_resource path="res://items/coat_pickup.tscn" type="PackedScene" id=9]
[ext_resource path="res://entities/env/stone/hut_bath.tscn" type="PackedScene" id=10]
[ext_resource path="res://dialog/shops/village_shop.dialog" type="Resource" id=11]
[ext_resource path="res://entities/env/stone/hut.tscn" type="PackedScene" id=12]
[ext_resource path="res://entities/env/stone/fountain.tscn" type="PackedScene" id=13]
[ext_resource path="res://entities/env/stone/pillar.tscn" type="PackedScene" id=14]
[ext_resource path="res://entities/env/stone/rock1.tscn" type="PackedScene" id=15]
[ext_resource path="res://entities/enemies/speeder.tscn" type="PackedScene" id=16]
[ext_resource path="res://entities/env/stone/ruin1.tscn" type="PackedScene" id=17]
[ext_resource path="res://entities/one_time/tutorial_area.gd" type="Script" id=18]
[ext_resource path="res://dialog/intro/tutorial_tyler.dialog" type="Resource" id=19]
[ext_resource path="res://entities/one_time/tutorial_prompt.gd" type="Script" id=20]
[ext_resource path="res://ui/prompts/gamepad0.png" type="Texture" id=21]
[ext_resource path="res://entities/env/stone/rock2.tscn" type="PackedScene" id=22]
[ext_resource path="res://ui/prompts/gamepad1.png" type="Texture" id=23]
[ext_resource path="res://ui/prompts/key_shift.png" type="Texture" id=24]
[ext_resource path="res://ui/prompts/key_space.png" type="Texture" id=25]
[ext_resource path="res://ui/prompts/key_r.png" type="Texture" id=26]
[ext_resource path="res://entities/control/conditional.gd" type="Script" id=27]
[ext_resource path="res://entities/npc/npc.tscn" type="PackedScene" id=28]
[ext_resource path="res://dialog/intro/fountain.dialog" type="Resource" id=29]
[ext_resource path="res://dialog/intro/tylers_mom.dialog" type="Resource" id=30]
[ext_resource path="res://audio/music/tutorial.ogg" type="AudioStream" id=31]
[ext_resource path="res://entities/one_time/npc_tyler.gd" type="Script" id=32]
[ext_resource path="res://entities/env/furniture/sofa.tscn" type="PackedScene" id=33]
[ext_resource path="res://dialog/intro/bathhouse.dialog" type="Resource" id=34]
[ext_resource path="res://ui/prompts/gamepadLT.png" type="Texture" id=35]
[ext_resource path="res://entities/env/stone/rock3.tscn" type="PackedScene" id=36]
[ext_resource path="res://entities/env/furniture/stump_table.tscn" type="PackedScene" id=37]
[ext_resource path="res://entities/env/stone/glass-furnace.tscn" type="PackedScene" id=38]
[ext_resource path="res://entities/env/stone/water_pot.tscn" type="PackedScene" id=39]
[ext_resource path="res://material/env/stone/sand_brick1.jpg" type="Texture" id=40]
[ext_resource path="res://material/env/stone/cobblestone1.png" type="Texture" id=41]
[ext_resource path="res://material/env/stone/rock_striated.png" type="Texture" id=42]
[ext_resource path="res://material/triplanar.shader" type="Shader" id=43]
[ext_resource path="res://entities/env/copper/pail.tscn" type="PackedScene" id=44]
[ext_resource path="res://entities/env/copper/glass_support.tscn" type="PackedScene" id=45]
[ext_resource path="res://entities/env/copper/glass-tools.tscn" type="PackedScene" id=46]
[ext_resource path="res://material/env/copper/copper1.png" type="Texture" id=47]
[ext_resource path="res://entities/env/furniture/glass1.tscn" type="PackedScene" id=48]
[ext_resource path="res://entities/env/furniture/glass_tree.tscn" type="PackedScene" id=49]
[ext_resource path="res://entities/env/stone/garden.tscn" type="PackedScene" id=50]
[ext_resource path="res://entities/env/stone/garden_melon.tscn" type="PackedScene" id=51]
[ext_resource path="res://entities/env/furniture/sitting_pillow.tscn" type="PackedScene" id=52]
[ext_resource path="res://entities/env/furniture/carpet.tscn" type="PackedScene" id=53]
[ext_resource path="res://entities/env/furniture/fruit_stand.tscn" type="PackedScene" id=54]
[ext_resource path="res://entities/env/furniture/bottle1.tscn" type="PackedScene" id=55]
[ext_resource path="res://entities/env/furniture/bottle2.tscn" type="PackedScene" id=56]
[ext_resource path="res://entities/env/furniture/jar1.tscn" type="PackedScene" id=57]
[ext_resource path="res://_glb/items/bug.glb" type="PackedScene" id=58]
[ext_resource path="res://entities/env/furniture/incense.tscn" type="PackedScene" id=59]
[ext_resource path="res://entities/env/furniture/shelf.tscn" type="PackedScene" id=60]
[ext_resource path="res://entities/env/electrical/wind_generator.tscn" type="PackedScene" id=61]
[ext_resource path="res://entities/env/electrical/phone.tscn" type="PackedScene" id=62]
[ext_resource path="res://entities/env/electrical/outlet_box.tscn" type="PackedScene" id=63]
[ext_resource path="res://entities/env/electrical/charger.tscn" type="PackedScene" id=64]
[ext_resource path="res://entities/env/electrical/drink_fridge.tscn" type="PackedScene" id=65]
[ext_resource path="res://entities/env/furniture/bed_native.tscn" type="PackedScene" id=66]
[ext_resource path="res://entities/env/plants/cactus_round_flower.tscn" type="PackedScene" id=67]
[ext_resource path="res://entities/env/plants/cactus_round.tscn" type="PackedScene" id=68]
[ext_resource path="res://areas/chunks/_lightmaps/chunk112.lmbake" type="BakedLightmapData" id=69]
[ext_resource path="res://entities/shop_stock/shop_default_stock.inv" type="Resource" id=70]

[sub_resource type="ConvexPolygonShape" id=227]
points = PoolVector3Array( -5.46454, -0.111179, -0.6754, -1.88392, -0.947531, -0.6754, -5.46454, -0.111179, 0.477956, -5.46454, 7.95494, -0.6754, 1.88285, -0.947531, -0.6754, -1.88392, -0.947531, 0.478069, -5.46454, 7.95494, 0.477956, -1.88392, 10.2338, -0.6754, 1.88285, -0.947531, 0.478069, 5.46347, -0.111179, -0.6754, -1.88392, 10.2338, 0.478069, -0.00106907, 10.693, -0.6754, 5.46347, -0.111179, 0.477956, 1.88285, 10.2338, 0.478069, 5.46347, 7.95494, -0.6754, -0.00106907, 10.693, 0.478069, 1.88285, 10.2338, -0.6754, 5.46347, 7.95494, 0.477956 )

[sub_resource type="SphereShape" id=229]
radius = 3.0

[sub_resource type="Animation" id=230]
length = 0.001
tracks/0/type = "value"
tracks/0/path = NodePath("..:translation")
tracks/0/interp = 1
tracks/0/loop_wrap = true
tracks/0/imported = false
tracks/0/enabled = true
tracks/0/keys = {
"times": PoolRealArray( 0 ),
"transitions": PoolRealArray( 1 ),
"update": 0,
"values": [ Vector3( 210.227, -228.909, -44.48 ) ]
}

[sub_resource type="Animation" id=231]
resource_name = "TutStage0"
length = 4.6
tracks/0/type = "value"
tracks/0/path = NodePath("..:translation")
tracks/0/interp = 2
tracks/0/loop_wrap = true
tracks/0/imported = false
tracks/0/enabled = true
tracks/0/keys = {
"times": PoolRealArray( 0, 0.7, 1.6, 2, 2.3, 2.7, 3, 3.3, 3.5, 3.8, 4, 4.6 ),
"transitions": PoolRealArray( 1, 1, 1, 1, 1, 1, 1, 1, 1, 1, 1, 1 ),
"update": 0,
"values": [ Vector3( 210.227, -228.909, -44.48 ), Vector3( 207.011, -229.091, -43.7343 ), Vector3( 206.285, -227.684, -43.9286 ), Vector3( 203.697, -226.299, -44.6716 ), Vector3( 201.756, -226.749, -45.2288 ), Vector3( 201.743, -226.767, -45.2323 ), Vector3( 200.021, -223.083, -45.6927 ), Vector3( 198.794, -224.154, -46.0207 ), Vector3( 198.794, -224.154, -46.0207 ), Vector3( 198.662, -222.825, -46.0562 ), Vector3( 198.113, -223.386, -46.2029 ), Vector3( 194.269, -222.003, -47.2305 ) ]
}
tracks/1/type = "method"
tracks/1/path = NodePath("..")
tracks/1/interp = 1
tracks/1/loop_wrap = true
tracks/1/imported = false
tracks/1/enabled = true
tracks/1/keys = {
"times": PoolRealArray( 0, 0.9, 1.7, 2.6, 3, 3.3, 3.6, 4 ),
"transitions": PoolRealArray( 1, 1, 1, 1, 1, 1, 1, 1 ),
"values": [ {
"args": [  ],
"method": "run"
}, {
"args": [  ],
"method": "climb"
}, {
"args": [  ],
"method": "run"
}, {
"args": [  ],
"method": "jump"
}, {
"args": [  ],
"method": "fall"
}, {
"args": [  ],
"method": "grab_ledge"
}, {
"args": [  ],
"method": "fall"
}, {
"args": [  ],
"method": "run"
} ]
}

[sub_resource type="Animation" id=232]
resource_name = "TutStage1"
length = 6.8
tracks/0/type = "value"
tracks/0/path = NodePath("..:translation")
tracks/0/interp = 2
tracks/0/loop_wrap = true
tracks/0/imported = false
tracks/0/enabled = true
tracks/0/keys = {
"times": PoolRealArray( 0, 0.3, 1, 1.5, 1.8, 2, 2.3, 2.6, 2.8, 3.4, 3.9, 4.1, 4.5, 4.7, 5, 5.3, 5.8, 6, 6.3, 6.8 ),
"transitions": PoolRealArray( 1, 1, 1, 1, 1, 1, 1, 1, 1, 1, 1, 1, 1, 1, 1, 1, 1, 1, 1, 1 ),
"update": 0,
"values": [ Vector3( 194.269, -222.003, -47.2305 ), Vector3( 192.998, -222.188, -50.0682 ), Vector3( 187.046, -223.469, -51.9142 ), Vector3( 187.046, -223.469, -51.9142 ), Vector3( 184.437, -222.296, -55.6111 ), Vector3( 183.598, -223.978, -56.4379 ), Vector3( 183.598, -223.978, -56.4379 ), Vector3( 183.332, -222.538, -56.7463 ), Vector3( 182.891, -222.877, -57.0919 ), Vector3( 176.836, -222.574, -57.5287 ), Vector3( 172.403, -222.877, -59.128 ), Vector3( 171.513, -222.877, -58.6618 ), Vector3( 167.178, -222.171, -56.574 ), Vector3( 165.344, -224.523, -56.574 ), Vector3( 165.344, -224.523, -56.574 ), Vector3( 164.865, -223.247, -56.4848 ), Vector3( 163.135, -223.396, -58.0359 ), Vector3( 160.709, -222.84, -59.0794 ), Vector3( 156.113, -222.984, -58.9496 ), Vector3( 150.577, -223.402, -56.6638 ) ]
}
tracks/1/type = "method"
tracks/1/path = NodePath("..")
tracks/1/interp = 1
tracks/1/loop_wrap = true
tracks/1/imported = false
tracks/1/enabled = true
tracks/1/keys = {
"times": PoolRealArray( 0, 1.1, 1.7, 2, 2.5, 3, 3.9, 4.4, 4.7, 5.3, 5.7 ),
"transitions": PoolRealArray( 1, 1, 1, 1, 1, 1, 1, 1, 1, 1, 1 ),
"values": [ {
"args": [  ],
"method": "run"
}, {
"args": [  ],
"method": "jump"
}, {
"args": [  ],
"method": "fall"
}, {
"args": [  ],
"method": "grab_ledge"
}, {
"args": [  ],
"method": "fall"
}, {
"args": [  ],
"method": "run"
}, {
"args": [  ],
"method": "jump"
}, {
"args": [  ],
"method": "fall"
}, {
"args": [  ],
"method": "grab_ledge"
}, {
"args": [  ],
"method": "fall"
}, {
"args": [  ],
"method": "run"
} ]
}

[sub_resource type="Animation" id=233]
resource_name = "TutStage2"
length = 10.9
tracks/0/type = "value"
tracks/0/path = NodePath("..:translation")
tracks/0/interp = 2
tracks/0/loop_wrap = true
tracks/0/imported = false
tracks/0/enabled = true
tracks/0/keys = {
"times": PoolRealArray( 0, 0.5, 0.8, 1.1, 1.4, 1.7, 2.1, 2.8, 2.9, 3.1, 3.4, 3.6, 3.8, 4.1, 4.2, 4.4, 4.6, 4.9, 5.1, 5.3, 5.5, 5.6, 5.7, 5.9, 6.1, 6.4, 6.9, 7.2, 9.2, 9.8, 9.9, 10.1, 10.3 ),
"transitions": PoolRealArray( 1, 1, 1, 1, 1, 1, 1, 1, 1, 1, 1, 1, 1, 1, 1, 1, 1, 1, 1, 1, 1, 1, 1, 1, 1, 1, 1, 1, 1, 1, 1, 1, 1 ),
"update": 0,
"values": [ Vector3( 150.577, -223.402, -56.6638 ), Vector3( 150.577, -223.402, -56.6638 ), Vector3( 147.877, -222.574, -59.2539 ), Vector3( 145.176, -224.979, -61.8441 ), Vector3( 145.176, -224.979, -61.8441 ), Vector3( 144.529, -223.692, -62.4527 ), Vector3( 141.197, -225.172, -62.3719 ), Vector3( 135.615, -226.754, -61.8732 ), Vector3( 134.239, -227.274, -61.798 ), Vector3( 131.904, -226.184, -62.4865 ), Vector3( 129, -226.884, -61.9648 ), Vector3( 127.609, -226.886, -61.3931 ), Vector3( 124.851, -226.094, -60.2657 ), Vector3( 119.764, -228.694, -57.7069 ), Vector3( 118.116, -228.921, -56.8328 ), Vector3( 116.045, -230.134, -56.1361 ), Vector3( 114.814, -229.967, -55.9715 ), Vector3( 114.814, -229.967, -55.9715 ), Vector3( 114.577, -228.864, -56.0823 ), Vector3( 113.219, -228.993, -55.5377 ), Vector3( 111.551, -227.6, -54.8432 ), Vector3( 110.698, -226.898, -54.4865 ), Vector3( 110.053, -226.872, -54.2167 ), Vector3( 109.025, -226.865, -53.496 ), Vector3( 107.889, -225.826, -52.689 ), Vector3( 105.952, -225.461, -50.8188 ), Vector3( 101.61, -222.485, -47.8971 ), Vector3( 99.1014, -220.73, -46.4423 ), Vector3( 96.0197, -214.059, -46.1139 ), Vector3( 95.3694, -214.022, -48.0545 ), Vector3( 96.0664, -213.794, -48.3475 ), Vector3( 97.7287, -213.042, -49.7649 ), Vector3( 99.3039, -215.579, -51.1457 ) ]
}
tracks/1/type = "method"
tracks/1/path = NodePath("..")
tracks/1/interp = 1
tracks/1/loop_wrap = true
tracks/1/imported = false
tracks/1/enabled = true
tracks/1/keys = {
"times": PoolRealArray( 0, 0.6, 1.1, 1.6, 2, 2.8, 3.2, 3.7, 4, 4.2, 4.4, 4.6, 5.1, 5.3, 6, 6.4, 7.3, 9.3, 9.8, 10 ),
"transitions": PoolRealArray( 1, 1, 1, 1, 1, 1, 1, 1, 1, 1, 1, 1, 1, 1, 1, 1, 1, 1, 1, 1 ),
"values": [ {
"args": [  ],
"method": "jump"
}, {
"args": [  ],
"method": "fall"
}, {
"args": [  ],
"method": "grab_ledge"
}, {
"args": [  ],
"method": "fall"
}, {
"args": [  ],
"method": "run"
}, {
"args": [  ],
"method": "jump"
}, {
"args": [  ],
"method": "fall"
}, {
"args": [  ],
"method": "jump"
}, {
"args": [  ],
"method": "fall"
}, {
"args": [  ],
"method": "run"
}, {
"args": [  ],
"method": "fall"
}, {
"args": [  ],
"method": "grab_ledge"
}, {
"args": [  ],
"method": "fall"
}, {
"args": [  ],
"method": "run"
}, {
"args": [  ],
"method": "fall"
}, {
"args": [  ],
"method": "run"
}, {
"args": [  ],
"method": "climb"
}, {
"args": [  ],
"method": "fall"
}, {
"args": [  ],
"method": "run"
}, {
"args": [  ],
"method": "fall"
} ]
}

[sub_resource type="Animation" id=234]
resource_name = "TutStage3"
length = 12.7
tracks/0/type = "value"
tracks/0/path = NodePath("..:translation")
tracks/0/interp = 2
tracks/0/loop_wrap = true
tracks/0/imported = false
tracks/0/enabled = true
tracks/0/keys = {
"times": PoolRealArray( 0, 0.3, 0.5, 0.7, 0.9, 1.1, 1.4, 1.7, 2.2, 2.8, 3.2, 3.6, 4, 4.4, 4.6, 4.8, 5, 5.2, 5.4, 5.6, 5.8, 6.1, 6.5, 6.8, 7, 7.2, 7.8, 8.2, 8.4, 8.6, 8.9, 9.1, 9.5, 10.1, 10.4, 10.6, 11, 11.4, 11.7, 12, 12.4, 12.7 ),
"transitions": PoolRealArray( 1, 1, 1, 1, 1, 1, 1, 1, 1, 1, 1, 1, 1, 1, 1, 1, 1, 1, 1, 1, 1, 1, 1, 1, 1, 1, 1, 1, 1, 1, 1, 1, 1, 1, 1, 1, 1, 1, 1, 1, 1, 1 ),
"update": 0,
"values": [ Vector3( 99.3039, -215.579, -51.1457 ), Vector3( 100.217, -215.471, -51.8103 ), Vector3( 100.651, -214.936, -52.3079 ), Vector3( 101.519, -214.457, -53.3324 ), Vector3( 102.164, -213.175, -54.0982 ), Vector3( 103.292, -212.276, -55.4627 ), Vector3( 104.386, -208.622, -56.614 ), Vector3( 105.339, -209.136, -57.5948 ), Vector3( 105.339, -209.136, -57.5948 ), Vector3( 105.983, -207.909, -57.8196 ), Vector3( 107.459, -209.121, -58.717 ), Vector3( 110.858, -207.987, -60.8008 ), Vector3( 115.189, -206.818, -63.4893 ), Vector3( 119.253, -215.699, -65.7936 ), Vector3( 120.52, -215.673, -64.8032 ), Vector3( 121.202, -215.687, -63.0314 ), Vector3( 124.924, -215.699, -61.7727 ), Vector3( 127.727, -215.716, -62.3271 ), Vector3( 129.025, -215.431, -64.1666 ), Vector3( 130.203, -215.169, -65.8666 ), Vector3( 131.409, -215.066, -65.8844 ), Vector3( 133.793, -214.085, -66.3163 ), Vector3( 134.579, -219.2, -67.6417 ), Vector3( 136.595, -219.324, -68.731 ), Vector3( 138.483, -217.681, -69.8027 ), Vector3( 139.438, -218.435, -70.3119 ), Vector3( 139.438, -218.435, -70.3119 ), Vector3( 140.095, -216.667, -70.3111 ), Vector3( 140.444, -215.692, -70.4768 ), Vector3( 140.698, -214.862, -70.5637 ), Vector3( 143.239, -213.802, -72.0763 ), Vector3( 144.91, -211.993, -73.0583 ), Vector3( 146.295, -212.756, -73.7279 ), Vector3( 147.184, -210.208, -73.8093 ), Vector3( 147.882, -208.082, -73.9138 ), Vector3( 148.218, -207.545, -74.1029 ), Vector3( 150.393, -207.302, -75.5441 ), Vector3( 153.375, -208.083, -77.2466 ), Vector3( 155.449, -206.917, -78.6684 ), Vector3( 158.253, -208.036, -80.6375 ), Vector3( 160.221, -207.087, -82.023 ), Vector3( 161.344, -206.758, -82.8146 ) ]
}
tracks/1/type = "method"
tracks/1/path = NodePath("..")
tracks/1/interp = 1
tracks/1/loop_wrap = true
tracks/1/imported = false
tracks/1/enabled = true
tracks/1/keys = {
"times": PoolRealArray( 0, 0.4, 0.7, 1.1, 1.7, 2.6, 3.2, 3.6, 4, 4.4, 5.7, 6.2, 6.5, 6.8, 7.2, 7.8, 8.9, 9.2, 9.5, 10.7, 11.2, 11.8, 12.1 ),
"transitions": PoolRealArray( 1, 1, 1, 1, 1, 1, 1, 1, 1, 1, 1, 1, 1, 1, 1, 1, 1, 1, 1, 1, 1, 1, 1 ),
"values": [ {
"args": [  ],
"method": "run"
}, {
"args": [  ],
"method": "fall"
}, {
"args": [  ],
"method": "climb"
}, {
"args": [  ],
"method": "jump"
}, {
"args": [  ],
"method": "grab_ledge"
}, {
"args": [  ],
"method": "fall"
}, {
"args": [  ],
"method": "run"
}, {
"args": [  ],
"method": "jump"
}, {
"args": [  ],
"method": "fall"
}, {
"args": [  ],
"method": "run"
}, {
"args": [  ],
"method": "jump"
}, {
"args": [  ],
"method": "fall"
}, {
"args": [  ],
"method": "run"
}, {
"args": [  ],
"method": "jump"
}, {
"args": [  ],
"method": "grab_ledge"
}, {
"args": [  ],
"method": "climb"
}, {
"args": [  ],
"method": "jump"
}, {
"args": [  ],
"method": "fall"
}, {
"args": [  ],
"method": "climb"
}, {
"args": [  ],
"method": "run"
}, {
"args": [  ],
"method": "jump"
}, {
"args": [  ],
"method": "fall"
}, {
"args": [  ],
"method": "run"
} ]
}

[sub_resource type="SphereShape" id=235]
radius = 2.91933

[sub_resource type="ShaderMaterial" id=236]
shader = ExtResource( 43 )
shader_param/uv_scale = 0.5
shader_param/power = 5.0
shader_param/softness = 0.5
shader_param/specularity_ground = 1.0
shader_param/specularity_wall = 1.0
shader_param/specularity_ceiling = 1.0
shader_param/light_bias = 0.0
shader_param/wall = ExtResource( 40 )
shader_param/ground = ExtResource( 41 )
shader_param/ceiling = ExtResource( 42 )

[sub_resource type="ShaderMaterial" id=237]
shader = ExtResource( 43 )
shader_param/uv_scale = 1.0
shader_param/power = 5.0
shader_param/softness = 0.5
shader_param/specularity_ground = 1.0
shader_param/specularity_wall = 1.0
shader_param/specularity_ceiling = 1.0
shader_param/light_bias = 0.0
shader_param/wall = ExtResource( 40 )
shader_param/ground = ExtResource( 47 )
shader_param/ceiling = ExtResource( 47 )

[sub_resource type="SpatialMaterial" id=238]
albedo_color = Color( 0, 0, 0, 1 )
roughness = 0.75

[sub_resource type="Curve3D" id=239]
bake_interval = 0.03
_data = {
"points": PoolVector3Array( -0.129589, 0.0040741, 0.0222015, 0.129589, -0.0040741, -0.0222015, -0.169804, 0.0467377, -0.0139313, -0.038784, -0.00254822, 0.102066, 0.038784, 0.00254822, -0.102066, 0.00772858, -0.0345459, 0.0171967, 0, 0, 0, 0, 0, 0, -0.0989799, -0.0376434, -0.0575562, -0.0725365, -0.00012207, -0.00196838, 0.0725365, 0.00012207, 0.00196838, -0.0760918, -0.0416412, 0.111694, -0.0908279, 0.042038, 0.125671, 0.0908279, -0.042038, -0.125671, 0.0234299, -0.0375366, -0.179123 ),
"tilts": PoolRealArray( 0, 0, 0, 0, 0 )
}

[sub_resource type="SpatialMaterial" id=240]
albedo_color = Color( 1, 0.698039, 0.733333, 1 )

[sub_resource type="Curve3D" id=241]
bake_interval = 0.03
_data = {
"points": PoolVector3Array( -0.129784, -0.0127563, 0.0151215, 0.129784, 0.0127563, -0.0151215, -0.169456, 0.0437622, -0.0238953, -0.038784, -0.00254822, 0.102066, 0.038784, 0.00254822, -0.102066, -0.128345, -0.0779419, -0.00257874, -0.00505447, -0.0067749, 0.101273, 0.00505447, 0.0067749, -0.101273, -0.02528, -0.0895233, -0.0801697, -0.00178528, -0.0176392, 0.150574, 0.00178528, 0.0176392, -0.150574, -0.0976143, -0.0975037, -0.202988 ),
"tilts": PoolRealArray( 0, 0, 0, 0 )
}

[sub_resource type="Curve3D" id=242]
bake_interval = 0.03
_data = {
"points": PoolVector3Array( -0.0612225, -0.0137329, 0.0321655, 0.0612225, 0.0137329, -0.0321655, -0.169804, 0.0467377, -0.0139313, -0.143608, -0.00341797, 0.0211639, 0.143608, 0.00341797, -0.0211639, 0.096611, -0.121643, -0.0288849, -0.209999, 0.00364685, 0.197479, 0.209999, -0.00364685, -0.197479, 0.23838, -0.118851, -0.282684, 0, 0, 0, 0, 0, 0, 0.191597, -0.117981, -0.435303, -0.151932, -0.000793457, 0.126984, 0.151932, 0.000793457, -0.126984, 0.179977, -0.117615, -0.583923 ),
"tilts": PoolRealArray( 0, 0, 0, 0, 0 )
}

[sub_resource type="Curve3D" id=243]
bake_interval = 0.03
_data = {
"points": PoolVector3Array( -0.0612225, -0.0137329, 0.0321655, 0.0612225, 0.0137329, -0.0321655, -0.169804, 0.0467377, -0.0139313, -0.125172, -0.00161743, -0.0786743, 0.125172, 0.00161743, 0.0786743, -0.0690689, -0.20755, 0.0761108, -0.108505, 0.01474, 0.0331726, 0.108505, -0.01474, -0.0331726, 0.161514, -0.197983, 0.0625153, -0.123165, 0.0441132, 0.0846558, 0.123165, -0.0441132, -0.0846558, 0.279598, -0.343338, 0.0817261, 0.0534439, -0.0517731, -0.0146942, -0.0534439, 0.0517731, 0.0146942, 0.401619, -0.215134, -0.143707, 0.0600853, 0.00038147, -0.0585938, -0.0600853, -0.00038147, 0.0585938, 0.224171, -0.189194, -0.0821838, 0.0999222, -0.00543213, -0.105255, -0.0999222, 0.00543213, 0.105255, 0.104465, -0.189697, 0.0772858, -0.0872383, -0.00392151, 0.131241, 0.0872383, 0.00392151, -0.131241, -0.166714, -0.188217, 0.121811, -0.0457916, 0.00166321, 0.143829, 0.0457916, -0.00166321, -0.143829, 0.235073, -0.181992, -0.208405 ),
"tilts": PoolRealArray( 0, 0, 0, 0, 0, 0, 0, 0, 0 )
}

[sub_resource type="Curve3D" id=244]
_data = {
"points": PoolVector3Array( -0.0922089, -0.0459747, -0.554535, 0.0922089, 0.0459747, 0.554535, 0.19059, -0.102905, -0.125565, -0.152969, 0.258591, -0.168488, 0.152969, -0.258591, 0.168488, 0.344093, -0.494385, 0.497971, 0.187508, -0.118134, -0.780212, -0.187508, 0.118134, 0.780212, 0.519672, -1.10864, 0.982025, -1.59505, -0.165756, -4.77164, 1.59505, 0.165756, 4.77164, -3.66924, -0.967239, 14.4012, 1.84256, 0.0782166, -1.10474, -1.84256, -0.0782166, 1.10474, -6.29639, -1.02397, 21.9226, 0.53212, -1.73515, -0.251175, -0.53212, 1.73515, 0.251175, -6.9128, 0.596832, 24.3744, -0.134735, -0.640518, 0.117661, 0.134735, 0.640518, -0.117661, -6.43928, 5.58578, 24.0476, -1.66594, -4.80792, -0.814133, 1.66594, 4.80792, 0.814133, -3.6707, 10.4851, 25.3704, -0.472649, -1.04031, -0.0412445, 0.472649, 1.04031, 0.0412445, 1.07852, 18.7637, 25.7335, 0, 0, 0, 0, 0, 0, 1.96936, 21.701, 26.2242, 0.475311, -0.781784, 0.644653, -0.475311, 0.781784, -0.644653, 1.37907, 23.1362, 25.559, 0.660145, -1.07375, 0.635818, -0.660145, 1.07375, -0.635818, -0.0538025, 26.0844, 23.381, 0.0952797, -0.660599, -0.0158844, -0.0952797, 0.660599, 0.0158844, -0.778328, 27.2389, 22.6398, 0.0817032, -0.207138, 0.0497589, -0.0817032, 0.207138, -0.0497589, -0.601532, 29.1093, 22.5023, -0.552917, -0.171555, 0.0869141, 0.552917, 0.171555, -0.0869141, -0.150482, 29.2009, 22.9533 ),
"tilts": PoolRealArray( 0, 0, 0, 0, 0, 0, 0, 0, 0, 0, 0, 0, 0, 0, 0 )
}

[sub_resource type="Curve3D" id=245]
_data = {
"points": PoolVector3Array( -0.0922089, -0.0459747, -0.554535, 0.0922089, 0.0459747, 0.554535, 0.0302734, -0.0604553, -0.00814819, 0.343613, 0.0559692, -0.552826, -0.343613, -0.0559692, 0.552826, 0.0480499, -0.136337, 1.06282, 0.892761, 0.0227966, -0.317307, -0.892761, -0.0227966, 0.317307, -3.22238, -0.169724, 4.48215, 2.65167, 0.0522003, -0.0211182, -2.65167, -0.0522003, 0.0211182, -6.6739, -0.370316, 5.62463, 1.9467, -0.0683289, 1.86954, -1.9467, 0.0683289, -1.86954, -12.1391, -0.419601, 4.67937, 0.187897, -0.103012, 3.37025, -0.187897, 0.103012, -3.37025, -15.351, -0.331924, -2.07748, -0.41571, 0.0540771, 0.846344, 0.41571, -0.0540771, -0.846344, -14.3881, -0.210159, -5.44186, -0.318558, -0.0292816, 0.396271, 0.318558, 0.0292816, -0.396271, -13.1991, -0.159348, -6.08716, -1.40727, -0.0298004, 1.06967, 1.40727, 0.0298004, -1.06967, -10.8647, -0.073288, -8.32794, -1.25385, -0.0436859, -1.01723, 1.25385, 0.0436859, 1.01723, -5.12108, 0.0369568, -8.82086, -0.784164, -0.14006, -0.883011, 0.784164, 0.14006, 0.883011, -1.62239, 0.064743, -5.45522, -0.54541, -0.0463562, -1.20628, 0.54541, 0.0463562, 1.20628, -0.896454, -0.0282745, -3.84435, 0.0623169, -0.282913, -1.1391, -0.0623169, 0.282913, 1.1391, 0.116638, 0.0921783, -0.150711 ),
"tilts": PoolRealArray( 0, 0, 0, 0, 0, 0, 0, 0, 0, 0, 0, 0, 0 )
}

[sub_resource type="Curve3D" id=246]
_data = {
"points": PoolVector3Array( -0.0758361, 0.00234983, 0.438278, 0.0758361, -0.00234983, -0.438278, 0.0278397, 0.0446472, -0.065506, 0.143066, -0.0225525, 0.160553, -0.143066, 0.0225525, -0.160553, -0.201134, -0.0306854, -0.487442, 0.243858, -0.0130615, 0.014801, -0.243858, 0.0130615, -0.014801, -1.01829, -0.0162354, -0.860428, 0.239731, 0.135315, 0.137741, -0.239731, -0.135315, -0.137741, -1.94303, -0.52742, -1.10803, 0.460922, -0.0866394, 0.484833, -0.460922, 0.0866394, -0.484833, -2.591, -0.625427, -1.93199, 0.726929, -0.00926208, 0.288422, -0.726929, 0.00926208, -0.288422, -3.91399, -0.469849, -3.30164, 0.742065, 0.0679932, 3.2657, -0.742065, -0.0679932, -3.2657, -8.39835, -0.294067, -9.83932, 0.992294, -0.0427856, 1.13266, -0.992294, 0.0427856, -1.13266, -8.85637, -0.242081, -16.9673, 1.42145, -0.0481262, 0.997604, -1.42145, 0.0481262, -0.997604, -13.9014, -0.215805, -17.8155, 0.388687, 0.0245819, -0.247772, -0.388687, -0.0245819, 0.247772, -15.6925, -0.199142, -18.199, -0.0349884, -0.329056, -0.117859, 0.0349884, 0.329056, 0.117859, -15.8811, 0.457413, -17.6873, -0.00694275, 0.0295715, -0.301071, 0.00694275, -0.0295715, 0.301071, -16.5849, 0.97583, -17.6136 ),
"tilts": PoolRealArray( 0, 0, 0, 0, 0, 0, 0, 0, 0, 0, 0, 0 )
}

[sub_resource type="Curve3D" id=247]
bake_interval = 0.03
_data = {
"points": PoolVector3Array( -0.0838547, -0.000427246, -0.0209808, 0.0838547, 0.000427246, 0.0209808, 0.0769806, -0.0140228, -0.0220032, -0.22747, -0.0157471, -0.17543, 0.22747, 0.0157471, 0.17543, 0.477402, -0.0808563, 0.181808, -0.169876, 0.00765991, -0.406509, 0.169876, -0.00765991, 0.406509, 1.01693, -0.0773315, 1.06708, -0.668465, -0.0182037, -0.0806885, 0.668465, 0.0182037, 0.0806885, 1.45148, -0.0857391, 2.05721, -0.0533371, -0.0791931, 0.395264, 0.0533371, 0.0791931, -0.395264, 1.7019, 0.00886536, 1.59796 ),
"tilts": PoolRealArray( 0, 0, 0, 0, 0 )
}

[node name="chunk112" instance=ExtResource( 7 )]
script = ExtResource( 1 )
lighting_preview = true

[node name="BakedLightmap" type="BakedLightmap" parent="." index="0"]
transform = Transform( 0.895626, 0, 0.444808, 0, 1, 0, -0.444808, 0, 0.895626, 179.151, -202.578, -54.3275 )
extents = Vector3( 154.022, 62.9239, 189.561 )
quality = 0
environment_mode = 1
capture_enabled = false
light_data = ExtResource( 69 )

[node name="wall" parent="." index="1"]
material_override = ExtResource( 5 )

[node name="static_collision" parent="wall" index="0"]
collision_layer = 257

[node name="door_frame" parent="." index="2"]
material_override = ExtResource( 5 )

[node name="static_collision" parent="door_frame" index="0"]
collision_layer = 257

[node name="door" parent="." index="3"]
transform = Transform( 0.917486, 0, 0.397767, 0, 1, 0, -0.397767, 0, 0.917486, 119.317, -239.278, -57.297 )
material_override = ExtResource( 5 )

[node name="KinematicBody" type="KinematicBody" parent="door" index="0"]
collision_layer = 257

[node name="CollisionShape2" type="CollisionShape" parent="door/KinematicBody" index="0"]
shape = SubResource( 227 )

[node name="palace" parent="." index="4"]
material_override = ExtResource( 5 )

[node name="static_collision" parent="palace" index="0"]
collision_layer = 257

[node name="npc_gate_guy" parent="." index="5" instance=ExtResource( 28 )]
transform = Transform( 0.953691, 0, 0.300789, 0, 1, 0, -0.300789, 0, 0.953691, 125.707, -236.94, -56.2462 )
dialog = ExtResource( 8 )
visual_name = "Guard"

[node name="npc" parent="." index="6" instance=ExtResource( 28 )]
transform = Transform( 1, 0, 0, 0, 1, 0, 0, 0, 1, 189.633, -229.305, -48.4625 )

[node name="npc2" parent="." index="7" instance=ExtResource( 28 )]
transform = Transform( -0.968309, 0, -0.249755, 0, 1, 0, 0.249755, 0, -0.968309, 189.698, -229.305, -46.0723 )

[node name="npc3" parent="." index="8" instance=ExtResource( 28 )]
transform = Transform( 0.281086, 0, 0.959683, 0, 1, 0, -0.959683, 0, 0.281086, 164.552, -230.435, -28.9361 )
dialog = ExtResource( 29 )
visual_name = "Water-tender"

[node name="npc4" parent="." index="9" instance=ExtResource( 28 )]
transform = Transform( -0.630253, 0, 0.77639, 0, 1, 0, -0.77639, 0, -0.630253, 175.101, -225.396, -62.8981 )
sitting = true

[node name="npc5" parent="." index="10" instance=ExtResource( 28 )]
transform = Transform( 1, 0, 0, 0, 1, 0, 0, 0, 1, 201.721, -229.745, -8.94821 )

[node name="npc7" parent="." index="11" instance=ExtResource( 28 )]
transform = Transform( -0.999597, 0, 0.0283927, 0, 1, 0, -0.0283927, 0, -0.999597, 157.591, -229.311, -50.5345 )
sitting = true

[node name="npc6" parent="." index="12" instance=ExtResource( 28 )]
transform = Transform( 0.817215, 0, 0.576333, 0, 1, 0, -0.576333, 0, 0.817215, 196.645, -231.158, 8.80589 )

[node name="npc8" parent="." index="13" instance=ExtResource( 28 )]
transform = Transform( 0.972113, 0, 0.234514, 0, 1, 0, -0.234514, 0, 0.972113, 236.185, -202.63, -26.7768 )

[node name="npc_bath" parent="." index="14" instance=ExtResource( 28 )]
transform = Transform( 0.239245, 0, -0.970959, 0, 1, 0, 0.970959, 0, 0.239245, 175.009, -229.489, 11.9327 )
dialog = ExtResource( 34 )

[node name="npc_glass_blower" parent="." index="15" instance=ExtResource( 28 )]
transform = Transform( -0.287139, 0, 0.957889, 0, 1, 0, -0.957889, 0, -0.287139, 232.772, -231.197, 24.864 )
visual_name = "Glass-blower"

[node name="npc_tutorial_tyler" parent="." index="16" instance=ExtResource( 28 )]
transform = Transform( 0.991118, 0, -0.132983, 0, 1, 0, 0.132983, 0, 0.991118, 210.227, -228.909, -44.48 )
script = ExtResource( 32 )
dialog = ExtResource( 19 )
visual_name = "Young Boy"
model_scale = 0.75
music = ExtResource( 31 )

[node name="tutorial_area" type="Area" parent="npc_tutorial_tyler" index="3"]
collision_layer = 0
collision_mask = 2
script = ExtResource( 18 )
prompts_node = NodePath("../../tutorial_prompts")
id = "tyler_tutorial"

[node name="CollisionShape" type="CollisionShape" parent="npc_tutorial_tyler/tutorial_area" index="0"]
shape = SubResource( 229 )

[node name="tutorial_anim" type="AnimationPlayer" parent="npc_tutorial_tyler/tutorial_area" index="1"]
anims/RESET = SubResource( 230 )
anims/TutStage0 = SubResource( 231 )
anims/TutStage1 = SubResource( 232 )
anims/TutStage2 = SubResource( 233 )
anims/TutStage3 = SubResource( 234 )

[node name="tutorial_prompts" type="Spatial" parent="." index="17"]
transform = Transform( 1, 0, 0, 0, 1, 0, 0, 0, 1, 207.365, -229.117, -42.9328 )

[node name="crouchJump" type="Area" parent="tutorial_prompts" index="0"]
transform = Transform( 1, 0, 0, 0, 1, 0, 0, 0, 1, -4.14877, 2.65944, -1.88862 )
collision_layer = 0
collision_mask = 2
script = ExtResource( 20 )
__meta__ = {
"_edit_group_": true
}
gamepad_textures = [ ExtResource( 35 ), ExtResource( 21 ) ]
keyboard_textures = [ ExtResource( 24 ), ExtResource( 25 ) ]
gamepad_text = "Crouch Jump"

[node name="CollisionShape" type="CollisionShape" parent="tutorial_prompts/crouchJump" index="0"]
shape = SubResource( 235 )

[node name="rolljump" type="Area" parent="tutorial_prompts" index="1"]
transform = Transform( 1, 0, 0, 0, 1, 0, 0, 0, 1, -17.2287, 6.55383, -6.09828 )
collision_layer = 0
collision_mask = 2
script = ExtResource( 20 )
__meta__ = {
"_edit_group_": true
}
gamepad_textures = [ ExtResource( 35 ), ExtResource( 21 ) ]
keyboard_textures = [ ExtResource( 24 ), ExtResource( 25 ) ]
gamepad_text = "(When Running) Roll Jump"

[node name="CollisionShape" type="CollisionShape" parent="tutorial_prompts/rolljump" index="0"]
shape = SubResource( 235 )

[node name="rolljump2" type="Area" parent="tutorial_prompts" index="2"]
transform = Transform( 1, 0, 0, 0, 1, 0, 0, 0, 1, -33.2652, 6.55383, -17.3916 )
collision_layer = 0
collision_mask = 2
script = ExtResource( 20 )
__meta__ = {
"_edit_group_": true
}
gamepad_textures = [ ExtResource( 35 ), ExtResource( 21 ) ]
keyboard_textures = [ ExtResource( 24 ), ExtResource( 25 ) ]
gamepad_text = "(When Running) Roll Jump"

[node name="CollisionShape" type="CollisionShape" parent="tutorial_prompts/rolljump2" index="0"]
shape = SubResource( 235 )

[node name="spinkick" type="Area" parent="tutorial_prompts" index="3"]
transform = Transform( 1, 0, 0, 0, 1, 0, 0, 0, 1, -53.9846, 6.55383, -13.3952 )
collision_layer = 0
collision_mask = 2
script = ExtResource( 20 )
__meta__ = {
"_edit_group_": true
}
gamepad_textures = [ ExtResource( 21 ), ExtResource( 23 ) ]
keyboard_textures = [ ExtResource( 25 ), ExtResource( 26 ) ]
gamepad_text = "Air Kick"

[node name="CollisionShape" type="CollisionShape" parent="tutorial_prompts/spinkick" index="0"]
shape = SubResource( 235 )

[node name="climb" type="Area" parent="tutorial_prompts" index="4"]
transform = Transform( 1, 0, 0, 0, 1, 0, 0, 0, 1, -108.713, 10.7453, -3.66735 )
collision_layer = 0
collision_mask = 2
script = ExtResource( 20 )
__meta__ = {
"_edit_group_": true
}
gamepad_textures = [ ExtResource( 35 ) ]
keyboard_textures = [ ExtResource( 24 ) ]
gamepad_text = "(At steep slopes) Climb"

[node name="CollisionShape" type="CollisionShape" parent="tutorial_prompts/climb" index="0"]
shape = SubResource( 235 )

[node name="CollisionShape2" type="CollisionShape" parent="tutorial_prompts/climb" index="1"]
transform = Transform( 1, 0, 0, 0, 1, 0, 0, 0, 1, 1.78814, -1.88055, -1.8419 )
shape = SubResource( 235 )

[node name="tyler_tut_beat" type="Spatial" parent="." index="18"]
transform = Transform( 0.343987, 0, 0.938974, 0, 1, 0, -0.938974, 0, 0.343987, 211.178, -228.884, -44.7593 )
script = ExtResource( 27 )
condition = "Global.stat(\"tyler_tutorial\")"

[node name="tylers_mom" parent="tyler_tut_beat" index="0" instance=ExtResource( 28 )]
dialog = ExtResource( 30 )
visual_name = "Gruff Woman"

[node name="special_lil_guy" parent="." index="19" instance=ExtResource( 3 )]
transform = Transform( -0.120033, 0, -0.99277, 0, 1, 0, 0.99277, 0, -0.120033, 248, -197.841, -190 )
drops_coat = true
gem_drop_max = 25
health = 75
attack_damage = 22

[node name="crawly2" parent="." index="20" instance=ExtResource( 3 )]
transform = Transform( -0.812297, 0, 0.583243, 0, 1, 0, -0.583243, 0, -0.812297, 233.381, -198.45, -185.724 )

[node name="crawly3" parent="." index="21" instance=ExtResource( 3 )]
transform = Transform( 0.495428, 0, 0.868649, 0, 1, 0, -0.868649, 0, 0.495428, 233.666, -197.943, -191.459 )

[node name="crawly4" parent="." index="22" instance=ExtResource( 3 )]
transform = Transform( 0.649156, 0, -0.760655, 0, 1, 0, 0.760655, 0, 0.649156, 239.799, -197.943, -191.973 )

[node name="crawly5" parent="." index="23" instance=ExtResource( 3 )]
transform = Transform( -0.535753, 0, -0.844375, 0, 1, 0, 0.844375, 0, -0.535753, 238.593, -197.943, -185.684 )

[node name="crawly6" parent="." index="24" instance=ExtResource( 3 )]
transform = Transform( 1, 0, 0, 0, 1, 0, 0, 0, 1, 79.3886, -242.722, -147.95 )

[node name="crawly" parent="." index="25" instance=ExtResource( 3 )]
transform = Transform( 1, 0, 0, 0, 1, 0, 0, 0, 1, -12.9999, -249.106, 141.486 )

[node name="CSGCylinder" type="CSGCylinder" parent="." index="26"]
transform = Transform( 1, 0, 0, 0, 1, 0, 0, 0, 1, 126.189, -238.07, -55.6988 )
use_collision = true
radius = 1.90478
height = 2.2606
material = ExtResource( 5 )

[node name="fountain" parent="." index="27" instance=ExtResource( 13 )]
transform = Transform( 1, 0, 0, 0, 1, 0, 0, 0, 1, 158.374, -230.72, -28.2394 )

[node name="pillar" parent="." index="28" instance=ExtResource( 14 )]
transform = Transform( 0.148484, 0.535932, -0.831102, -0.883312, -0.306004, -0.355137, -0.44465, 0.786854, 0.427958, 86.3134, -245.503, -136.896 )

[node name="pillar2" parent="." index="29" instance=ExtResource( 14 )]
transform = Transform( 0.783353, -0.271715, -0.559044, 0.259169, 0.960264, -0.103565, 0.56497, -0.0637591, 0.822645, 128.861, -252.622, -133.003 )

[node name="pillar3" parent="." index="30" instance=ExtResource( 14 )]
transform = Transform( 0.398564, 0.0071721, 0.917113, 0.0137054, 0.999812, -0.013775, -0.917038, 0.0180596, 0.398391, 104.41, -251.144, -149.432 )

[node name="pillar4" parent="." index="31" instance=ExtResource( 14 )]
transform = Transform( -0.954826, 0.00899636, -0.297031, 0.0315288, 0.996968, -0.0711558, 0.295489, -0.0773064, -0.952214, 119.576, -258.07, -136.424 )

[node name="rock1" parent="." index="32" instance=ExtResource( 15 )]
transform = Transform( 0.552884, 0.398628, 0.73172, -0.806084, 0.0334373, 0.590856, 0.211065, -0.916503, 0.339814, 203.758, -230.95, -44.2427 )

[node name="rock2" parent="." index="33" instance=ExtResource( 15 )]
transform = Transform( 0.128591, -0.669365, 0.73172, 0.369932, 0.716965, 0.590856, -0.920117, 0.194708, 0.339815, 245.353, -229.322, -31.7836 )

[node name="rock3" parent="." index="34" instance=ExtResource( 15 )]
transform = Transform( -0.00417258, 0.279462, 0.960148, -0.0935995, 0.955832, -0.278613, -0.995601, -0.0910319, 0.0221692, 236.128, -227.921, -32.1809 )

[node name="rock4" parent="." index="35" instance=ExtResource( 15 )]
transform = Transform( -0.0299779, 0.533685, 0.845152, -0.0887672, 0.84077, -0.534066, -0.995601, -0.0910319, 0.0221692, 122.45, -245.958, -74.4424 )

[node name="rock5" parent="." index="36" instance=ExtResource( 15 )]
transform = Transform( -0.0299779, 0.533685, 0.845152, -0.0887672, 0.84077, -0.534066, -0.995601, -0.0910319, 0.0221692, 122.649, -249.051, -123.155 )

[node name="rock6" parent="." index="37" instance=ExtResource( 15 )]
transform = Transform( -0.0212934, -0.00902878, -0.999732, 0.136228, -0.990659, 0.00604529, -0.990449, -0.136063, 0.0223245, 111.128, -240.637, -180.821 )

[node name="rock7" parent="." index="38" instance=ExtResource( 22 )]
transform = Transform( 1, 0, 0, 0, 0.996655, -0.0817279, 0, 0.0817279, 0.996655, 220.241, -188.687, -93.8734 )

[node name="rock8" parent="." index="39" instance=ExtResource( 36 )]
transform = Transform( 0.997594, -0.0693328, 0, 0.0693328, 0.997594, 0, 0, 0, 1, 238.947, -185.056, -103.785 )

[node name="ruin1" parent="." index="40" instance=ExtResource( 17 )]
transform = Transform( 1, 0, 0, 0, 0.979049, -0.203625, 0, 0.203625, 0.979049, 111.562, -248.207, -180.956 )

[node name="hut_shop" parent="." index="41" instance=ExtResource( 12 )]
transform = Transform( -0.974574, 0, 0.224067, 0, 1, 0, -0.224067, 0, -0.974574, 200.164, -231.222, 13.8376 )

[node name="fruit_stand" parent="hut_shop" index="0" instance=ExtResource( 54 )]
transform = Transform( 0.900575, 0, 0.4347, 0, 1, 0, -0.4347, 0, 0.900575, -0.869781, 0.992996, 3.29847 )

[node name="carpet" parent="hut_shop" index="1" instance=ExtResource( 53 )]
transform = Transform( 0.413953, 0, -0.910298, 0, 1, 0, 0.910298, 0, 0.413953, -1.1368, 0.990997, -1.56112 )

[node name="shelf" parent="hut_shop/carpet" index="1" instance=ExtResource( 60 )]
transform = Transform( 0.604171, 0, 0.796854, 0, 1, 0, -0.796854, 0, 0.604171, 2.14083, 0.0270081, 2.80116 )

[node name="glass_tree6" parent="hut_shop/carpet/shelf" index="2" instance=ExtResource( 49 )]
transform = Transform( -0.315927, 0, 0.948783, 0, 1, 0, -0.948783, 0, -0.315927, -0.346745, 1.01146, -0.50827 )

[node name="bottle7" parent="hut_shop/carpet/shelf" index="3" instance=ExtResource( 56 )]
transform = Transform( 0.0760442, 0, 0.997105, 0, 1, 0, -0.997105, 0, 0.0760442, -0.241967, 0.994827, 0.619156 )

[node name="sitting_pillow" parent="hut_shop/carpet" index="2" instance=ExtResource( 52 )]
transform = Transform( 0.999941, 0, -0.0108086, 0, 1, 0, 0.0108086, 0, 0.999941, -0.901767, 0.0270081, -0.00845337 )

[node name="glass_tree5" parent="hut_shop/carpet" index="3" instance=ExtResource( 49 )]
transform = Transform( 0.971368, 0, 0.237574, 0, 1, 0, -0.237574, 0, 0.971368, 1.10953, 0.0400085, -1.99629 )

[node name="glass7" parent="hut_shop/carpet" index="4" instance=ExtResource( 48 )]
transform = Transform( 0.0871555, 0, -0.996194, 0, 1, 0, 0.996194, 0, 0.0871555, 0.95445, 0.0400085, -1.59125 )

[node name="glass8" parent="hut_shop/carpet" index="5" instance=ExtResource( 48 )]
transform = Transform( 0.0871555, 0, -0.996194, 0, 1, 0, 0.996194, 0, 0.0871555, 1.21769, 0.0400085, -1.75381 )

[node name="glass9" parent="hut_shop/carpet" index="6" instance=ExtResource( 48 )]
