[gd_scene load_steps=9 format=2]

[ext_resource path="res://areas/chunk_content.gd" type="Script" id=1]
[ext_resource path="res://management/environment_override.gd" type="Script" id=2]

[sub_resource type="SphereShape" id=1]
radius = 33.9565

[sub_resource type="BoxShape" id=2]
extents = Vector3( 23.7773, 18.2944, 43.3585 )

[sub_resource type="BoxShape" id=3]
extents = Vector3( 14.5243, 66.5732, 69.5932 )

[sub_resource type="BoxShape" id=4]
extents = Vector3( 14.5243, 136.908, 79.2781 )

[sub_resource type="BoxShape" id=5]
extents = Vector3( 14.8076, 56.6638, 48.7831 )

[sub_resource type="BoxShape" id=6]
extents = Vector3( 11.0559, 20.911, 31.4511 )

[node name="chunk-cave121" type="Spatial"]
script = ExtResource( 1 )

[node name="active_entities" type="Spatial" parent="."]

[node name="ReflectionProbe4" type="ReflectionProbe" parent="active_entities"]
transform = Transform( 0.999712, 0.0200092, 0.0132503, -0.0196837, 0.999512, -0.0242568, -0.0137292, 0.023989, 0.999618, 154.327, 98.4136, 149.878 )
intensity = 0.01
extents = Vector3( 32.1119, 27.8553, 36.4067 )
interior_enable = true
interior_ambient_color = Color( 0.0823529, 0.0745098, 0.0745098, 1 )

[node name="ReflectionProbe5" type="ReflectionProbe" parent="active_entities"]
transform = Transform( 0.377026, 0.142033, -0.915247, -0.191714, 0.978739, 0.0729113, 0.906144, 0.147976, 0.39624, -95.6215, -6.52187, -166.602 )
intensity = 0.23
extents = Vector3( 94.4922, 50.5397, 25.9071 )
interior_enable = true
interior_ambient_color = Color( 0.243137, 0.168627, 0.258824, 1 )

[node name="ReflectionProbe6" type="ReflectionProbe" parent="active_entities"]
transform = Transform( 0.397727, 0.0643058, -0.915247, 0.0065337, 0.997317, 0.0729113, 0.917481, -0.0349787, 0.39624, -135.249, 51.1337, -248.726 )
extents = Vector3( 22.8725, 7.70806, 8.88671 )
interior_ambient_color = Color( 0.243137, 0.168627, 0.258824, 1 )

[node name="env" type="Area" parent="active_entities"]
transform = Transform( 1, 0, 0, 0, 1, 0, 0, 0, 1, 85.9162, 78.1503, 59.6403 )
collision_layer = 0
collision_mask = 2
script = ExtResource( 2 )
wind_reduction_db = 80.0
custom_fog = Color( 0.117647, 0.0823529, 0.0745098, 1 )
indirect_light = Color( 0.0941176, 0.0196078, 0.0196078, 1 )
show_sun = false

[node name="CollisionShape" type="CollisionShape" parent="active_entities/env"]
transform = Transform( 1, 0, 0, 0, 1, 0, 0, 0, 1, 61.0018, 18.1239, 89.5036 )
shape = SubResource( 1 )

[node name="CollisionShape2" type="CollisionShape" parent="active_entities/env"]
transform = Transform( 0.722661, -0.123566, 0.680068, 0, 0.983891, 0.17877, -0.691202, -0.12919, 0.71102, 30.4978, -19.0185, 40.5541 )
shape = SubResource( 2 )

[node name="CollisionShape3" type="CollisionShape" parent="active_entities/env"]
transform = Transform( 0.621535, -0.0340128, 0.782648, -0.101049, 0.98723, 0.123151, -0.776842, -0.155629, 0.610161, -32.6316, -38.966, -16.6023 )
shape = SubResource( 3 )

[node name="CollisionShape4" type="CollisionShape" parent="active_entities/env"]
transform = Transform( 0.919122, 0.0281068, 0.392969, -0.0360758, 0.999266, 0.0129065, -0.392317, -0.0260393, 0.919461, -110.788, -130.797, -118.07 )
shape = SubResource( 4 )

[node name="CollisionShape5" type="CollisionShape" parent="active_entities/env"]
transform = Transform( 0.659822, 0.0281068, 0.750896, -0.0381148, 0.999266, -0.0039116, -0.750454, -0.0260393, 0.660409, -172.596, -86.0698, -214.792 )
shape = SubResource( 5 )

[node name="CollisionShape6" type="CollisionShape" parent="active_entities/env"]
transform = Transform( 0.893181, 0.0281068, 0.448818, -0.036802, 0.999266, 0.0106606, -0.448189, -0.0260393, 0.893559, -209.794, -68.3613, -274.096 )
shape = SubResource( 6 )

[node name="ReflectionProbe" type="ReflectionProbe" parent="active_entities/env"]
transform = Transform( 0.715884, -0.425677, -0.553452, 0.336771, 0.904875, -0.260358, 0.611634, -1.89422e-07, 0.791141, 42.5708, -19.9693, 58.1707 )
intensity = 0.01
extents = Vector3( 75.1227, 16.0322, 17.7101 )
interior_enable = true

[node name="ReflectionProbe2" type="ReflectionProbe" parent="active_entities/env"]
transform = Transform( 0.71518, 0.0456527, -0.697448, -0.0363562, 0.998944, 0.0281072, 0.697994, 0.00525487, 0.716084, -37.8524, -48.7151, -27.6652 )
intensity = 0.23
extents = Vector3( 70.3193, 82.1178, 18.9932 )
interior_enable = true
interior_ambient_color = Color( 0.207843, 0.121569, 0.121569, 1 )

[node name="ReflectionProbe3" type="ReflectionProbe" parent="active_entities/env"]
transform = Transform( 0.415044, 0.0406787, -0.908891, 0.148272, 0.98262, 0.111687, 0.897638, -0.181118, 0.401799, -104.624, -141.357, -112.717 )
intensity = 0.23
extents = Vector3( 78.0762, 144.805, 25.9071 )
interior_enable = true
interior_ambient_color = Color( 0.243137, 0.168627, 0.258824, 1 )
