[gd_scene load_steps=19 format=2]

[ext_resource path="res://areas/chunk_content.gd" type="Script" id=1]
[ext_resource path="res://entities/death_plane.tscn" type="PackedScene" id=2]
[ext_resource path="res://material/death_plane.shader" type="Shader" id=3]
[ext_resource path="res://_glb/weapons/wave_shot.glb" type="PackedScene" id=4]
[ext_resource path="res://items/item_pickup.tscn" type="PackedScene" id=5]
[ext_resource path="res://entities/enemies/crawly.tscn" type="PackedScene" id=6]
[ext_resource path="res://entities/env/dynamic/drill.tscn" type="PackedScene" id=7]
[ext_resource path="res://entities/env/copper/rail_cart.tscn" type="PackedScene" id=8]
[ext_resource path="res://entities/env/copper/platform_small.tscn" type="PackedScene" id=9]
[ext_resource path="res://entities/env/copper/scrap2.tscn" type="PackedScene" id=10]
[ext_resource path="res://entities/env/copper/platform_large.tscn" type="PackedScene" id=11]
[ext_resource path="res://entities/control/dswitch.tscn" type="PackedScene" id=12]
[ext_resource path="res://entities/env/copper/platform_target.tscn" type="PackedScene" id=13]
[ext_resource path="res://entities/env/stone/fountain.tscn" type="PackedScene" id=14]
[ext_resource path="res://entities/env/copper/scrap1.tscn" type="PackedScene" id=15]
[ext_resource path="res://entities/env/copper/palace1.tscn" type="PackedScene" id=16]

[sub_resource type="ShaderMaterial" id=1]
resource_local_to_scene = true
shader = ExtResource( 3 )
shader_param/max_depth = 20.0
shader_param/depth_color = null

[sub_resource type="SphereShape" id=2]

[node name="chunk085" type="Spatial"]
script = ExtResource( 1 )

[node name="death_plane" parent="." instance=ExtResource( 2 )]
transform = Transform( 49.6349, 0, 0, 0, -4.37114e-08, 1, 0, -72.5839, -3.17274e-06, -99.9684, -39.4958, 192.206 )
material/0 = SubResource( 1 )

[node name="ghost" type="StaticBody" parent="." groups=["target"]]
transform = Transform( 1, 0, 0, 0, 1, 0, 0, 0, 1, -126.299, -7.94569, 158.294 )
collision_layer = 4
collision_mask = 0

[node name="CollisionShape" type="CollisionShape" parent="ghost"]
shape = SubResource( 2 )

[node name="crawly" parent="." instance=ExtResource( 6 )]
transform = Transform( -0.694621, 0, -0.719376, 0, 1, 0, 0.719376, 0, -0.694621, 108.636, 374.018, -4.00729 )

[node name="crawly2" parent="." instance=ExtResource( 6 )]
transform = Transform( -0.694621, 0, -0.719376, 0, 1, 0, 0.719376, 0, -0.694621, 105.043, 374.018, -2.13599 )

[node name="crawly3" parent="." instance=ExtResource( 6 )]
transform = Transform( -0.694621, 0, -0.719376, 0, 1, 0, 0.719376, 0, -0.694621, 108.462, 375.384, -9.08079 )

[node name="crawly4" parent="." instance=ExtResource( 6 )]
transform = Transform( -0.967361, 0, 0.253403, 0, 1, 0, -0.253403, 0, -0.967361, 101.317, 374.018, -3.70216 )

[node name="crawly5" parent="." instance=ExtResource( 6 )]
transform = Transform( -0.362015, 0, 0.932172, 0, 1, 0, -0.932172, 0, -0.362015, 98.5963, 375.384, -7.3567 )

[node name="wep_wave_shot_pickup" parent="." instance=ExtResource( 5 )]
transform = Transform( 1, 0, 0, 0, 1, 0, 0, 0, 1, 83.4132, 384.065, -42.1347 )
item_id = "wep_wave_shot"
preview = ExtResource( 4 )

[node name="drill" parent="." instance=ExtResource( 7 )]
transform = Transform( 1, 0, 0, 0, 0.950857, -0.309631, 0, 0.309631, 0.950857, 147.952, 381.828, -92.203 )

[node name="drill8" parent="." instance=ExtResource( 7 )]
transform = Transform( 0.99602, -0.0482638, -0.0749326, 0.00320238, 0.85954, -0.511059, 0.0890732, 0.508785, 0.856273, 318.468, 373.322, -123.623 )

[node name="rail_cart" parent="." instance=ExtResource( 8 )]
transform = Transform( 1, 0, 0, 0, 0.322183, 0.946677, 0, -0.946677, 0.322183, 135.432, 360.102, -36.455 )

[node name="platform_small" parent="." instance=ExtResource( 9 )]
transform = Transform( 1, 0, 0, 0, 1, 0, 0, 0, 1, 175.597, 348.496, -51.978 )

[node name="scrap2" parent="." instance=ExtResource( 10 )]
transform = Transform( 0.990946, 0.134263, 0, -0.134263, 0.990946, 0, 0, 0, 1, 204.949, 341.949, -64.0161 )

[node name="platform_large" parent="." instance=ExtResource( 11 )]
transform = Transform( 1, 0, 0, 0, 1, 0, 0, 0, 1, 230.777, 361.621, -40.7754 )

[node name="platform_large2" parent="." instance=ExtResource( 11 )]
transform = Transform( 1, 0, 0, 0, 1, 0, 0, 0, 1, 230.928, 387.4, -40.6984 )

[node name="tower_switch" parent="." instance=ExtResource( 12 )]
transform = Transform( 0.708906, 0, 0.705303, 0, 1, 0, -0.705303, 0, 0.708906, 225.191, 392.785, -27.5522 )
on = true

[node name="drill3" parent="." instance=ExtResource( 7 )]
transform = Transform( 0.99602, -0.0482638, -0.0749326, 0.07555, 0.011095, 0.99708, -0.0472915, -0.998773, 0.0146972, 201.822, 369.261, 0.78492 )

[node name="drill4" parent="." instance=ExtResource( 7 )]
transform = Transform( 0.996954, -0.0202529, -0.0753151, 0.07555, 0.011095, 0.99708, -0.0193581, -0.999733, 0.0125913, 195.129, 369.261, 0.78492 )

[node name="drill5" parent="." instance=ExtResource( 7 )]
transform = Transform( 0.997142, -0.00138842, -0.0755392, 0.07555, 0.011095, 0.99708, -0.000546247, -0.999937, 0.0111682, 188.85, 369.261, 0.78492 )

[node name="drill9" parent="." instance=ExtResource( 7 )]
transform = Transform( 0.952364, 0.304964, 0, -0.304964, 0.952364, 0, 0, 0, 1, 208.4, 348.371, -34.9444 )

[node name="drill11" parent="." instance=ExtResource( 7 )]
transform = Transform( 0.952364, 0.304964, 0, -0.304964, 0.952364, 0, 0, 0, 1, 237.346, 348.371, -42.429 )

[node name="drill12" parent="." instance=ExtResource( 7 )]
transform = Transform( -0.863972, 0.061427, -0.499779, 0.0212332, 0.996093, 0.085722, 0.503092, 0.0634495, -0.8619, 232.099, 348.371, -35.525 )

[node name="drill13" parent="." instance=ExtResource( 7 )]
transform = Transform( -0.848395, -0.129405, 0.513303, -0.164624, 0.986076, -0.0235007, -0.503115, -0.10444, -0.857886, 226.866, 348.371, -44.1615 )

[node name="drill10" parent="." instance=ExtResource( 7 )]
transform = Transform( 0.223618, 0.0716064, 0.972043, -0.304964, 0.952364, 0, -0.925739, -0.296438, 0.234803, 220.501, 348.371, -20.832 )

[node name="platform" parent="." instance=ExtResource( 13 )]
transform = Transform( -0.538624, 0, 0.842546, 0, 1, 0, -0.842546, 0, -0.538624, 222.275, 382.97, -56.3847 )

[node name="platform2" parent="." instance=ExtResource( 13 )]
transform = Transform( -0.74723, 0, 0.664566, 0, 1, 0, -0.664566, 0, -0.74723, 216.979, 392.286, -51.6554 )

[node name="fountain" parent="." instance=ExtResource( 14 )]
transform = Transform( 1, 0, 0, 0, 1, 0, 0, 0, 1, 175.863, 348.861, -51.8466 )

[node name="scrap1" parent="." instance=ExtResource( 15 )]
transform = Transform( 1, 0, 0, 0, 1, 0, 0, 0, 1, 176.168, 346.707, -51.6085 )

[node name="scrap3" parent="." instance=ExtResource( 15 )]
transform = Transform( -4.37114e-08, 4.37114e-08, 1, 1, 1.91069e-15, 4.37114e-08, 0, 1, -4.37114e-08, 129.921, 370.576, -77.955 )

[node name="tutorial_switch" parent="." instance=ExtResource( 12 )]
transform = Transform( 1.31134e-07, -4.37114e-08, -1, -1, -5.73206e-15, -1.31134e-07, 0, 1, -4.37114e-08, 130.029, 370.509, -75.8616 )
on = true

[node name="drill2" parent="." instance=ExtResource( 7 )]
transform = Transform( 1, 0, 0, 0, 0.907462, 0.420133, 0, -0.420133, 0.907462, 120.775, 376.246, -72.3213 )

[node name="palace1" parent="." instance=ExtResource( 16 )]
transform = Transform( 0.45401, 0, 0.890997, 0, 1, 0, -0.890997, 0, 0.45401, 310.257, 341.232, -55.8105 )

[node name="cliff_switch" parent="." instance=ExtResource( 12 )]
transform = Transform( -0.0295377, -0.0598636, -0.997769, -0.00177141, 0.998207, -0.0598374, 0.999562, 0, -0.0295908, 285.246, 395.035, 12.1669 )
on = true

[node name="drill6" parent="." instance=ExtResource( 7 )]
transform = Transform( 0.99602, -0.0482638, -0.0749326, 0.0805182, 0.126682, 0.98867, -0.0382243, -0.990768, 0.130064, 274.898, 394.349, 11.9706 )

[node name="drill7" parent="." instance=ExtResource( 7 )]
transform = Transform( 0.99602, -0.0482638, -0.0749326, 0.0805182, 0.126682, 0.98867, -0.0382243, -0.990768, 0.130064, 298.33, 394.971, 7.11816 )

[connection signal="toggled" from="tower_switch" to="drill3" method="_on_toggled"]
[connection signal="toggled" from="tower_switch" to="drill4" method="_on_toggled"]
[connection signal="toggled" from="tower_switch" to="drill5" method="_on_toggled"]
[connection signal="toggled" from="tower_switch" to="drill9" method="_on_toggled"]
[connection signal="toggled" from="tower_switch" to="drill11" method="_on_toggled"]
[connection signal="toggled" from="tower_switch" to="drill12" method="_on_toggled"]
[connection signal="toggled" from="tower_switch" to="drill13" method="_on_toggled"]
[connection signal="toggled" from="tower_switch" to="drill10" method="_on_toggled"]
[connection signal="toggled" from="tutorial_switch" to="drill2" method="_on_toggled"]
[connection signal="toggled" from="cliff_switch" to="drill6" method="_on_toggled"]
[connection signal="toggled" from="cliff_switch" to="drill7" method="_on_toggled"]
