[gd_scene load_steps=26 format=2]

[ext_resource path="res://areas/chunk_content.gd" type="Script" id=1]
[ext_resource path="res://entities/death_plane.tscn" type="PackedScene" id=2]
[ext_resource path="res://material/death_plane.shader" type="Shader" id=3]
[ext_resource path="res://entities/env/dynamic/drill.tscn" type="PackedScene" id=4]
[ext_resource path="res://entities/env/copper/scrap2.tscn" type="PackedScene" id=5]
[ext_resource path="res://entities/env/copper/scrap_pile1.tscn" type="PackedScene" id=6]
[ext_resource path="res://entities/env/copper/rail_cart.tscn" type="PackedScene" id=7]
[ext_resource path="res://entities/env/stone/rock1.tscn" type="PackedScene" id=8]
[ext_resource path="res://entities/env/copper/scrap3.tscn" type="PackedScene" id=9]
[ext_resource path="res://entities/env/copper/scrap1.tscn" type="PackedScene" id=10]
[ext_resource path="res://entities/env/stone/rock2.tscn" type="PackedScene" id=11]
[ext_resource path="res://entities/env/stone/fountain.tscn" type="PackedScene" id=12]
[ext_resource path="res://entities/env/stone/pillar.tscn" type="PackedScene" id=13]
[ext_resource path="res://entities/env/stone/rock3.tscn" type="PackedScene" id=14]
[ext_resource path="res://entities/env/copper/palace_extension.tscn" type="PackedScene" id=15]
[ext_resource path="res://entities/enemies/crawly.tscn" type="PackedScene" id=16]
[ext_resource path="res://entities/env/ancient/gem_big.tscn" type="PackedScene" id=17]
[ext_resource path="res://entities/env/copper/platform_small.tscn" type="PackedScene" id=18]
[ext_resource path="res://entities/control/dswitch.tscn" type="PackedScene" id=19]
[ext_resource path="res://entities/env/copper/scrap_pile3.tscn" type="PackedScene" id=20]
[ext_resource path="res://entities/env/stone/rock_kinematic.tscn" type="PackedScene" id=21]
[ext_resource path="res://entities/env/copper/platform_target.tscn" type="PackedScene" id=22]
[ext_resource path="res://entities/env/ancient/circle_thing.tscn" type="PackedScene" id=23]
[ext_resource path="res://entities/env/ancient/arena1.tscn" type="PackedScene" id=24]

[sub_resource type="ShaderMaterial" id=1]
resource_local_to_scene = true
shader = ExtResource( 3 )
shader_param/max_depth = 20.0
shader_param/depth_color = null

[node name="chunk097" type="Spatial"]
script = ExtResource( 1 )

[node name="death_plane" parent="." instance=ExtResource( 2 )]
transform = Transform( 45.424, 0, 0, 0, -2.18207e-06, -28.39, 0, 49.92, -1.24097e-06, -37, 323, -43 )
material/0 = SubResource( 1 )

[node name="drill" parent="." instance=ExtResource( 4 )]
transform = Transform( 1, 0, 0, 0, 0.258819, -0.965926, 0, 0.965926, 0.258819, -61, 368.546, -116.834 )

[node name="scrap2" parent="." instance=ExtResource( 5 )]
transform = Transform( -4.37114e-08, 0, 1, 0, 1, 0, -1, 0, -4.37114e-08, -39.9913, 456, 9 )

[node name="scrap5" parent="." instance=ExtResource( 5 )]
transform = Transform( 1.19237e-08, 0.999987, -0.00513273, -4.48717e-10, -0.00513273, -0.999987, -1, 1.19259e-08, 3.8751e-10, -45.7982, 456, 9.72272 )

[node name="scrap3" parent="." instance=ExtResource( 5 )]
transform = Transform( -0.597149, 0, 0.80213, 0.242596, 0.953168, 0.180602, -0.764565, 0.30244, -0.569184, -41.6012, 453.921, -32.1379 )

[node name="scrap9" parent="." instance=ExtResource( 5 )]
transform = Transform( -0.58636, 0.802048, 0.113582, 0.0375536, 0.16698, -0.985245, -0.80918, -0.573443, -0.12803, -41.0865, 453.921, -32.9213 )

[node name="scrap4" parent="." instance=ExtResource( 5 )]
transform = Transform( -0.597149, 0.799515, -0.0647193, 0.242596, 0.103107, -0.964633, -0.764565, -0.59173, -0.25553, -39.8836, 456.383, -37.1233 )

[node name="scrap8" parent="." instance=ExtResource( 5 )]
transform = Transform( -0.950836, 0.222577, -0.215336, 0.307986, 0.60668, -0.732861, -0.0324776, -0.763151, -0.645404, -34.0554, 450.199, -47.1687 )

[node name="scrap6" parent="." instance=ExtResource( 5 )]
transform = Transform( 0.762725, 0.646724, 1.13655e-08, -0.62419, 0.736149, 0.261673, 0.16923, -0.199584, 0.965157, -76.853, 368.407, -25.0195 )

[node name="rail_cart" parent="." instance=ExtResource( 7 )]
transform = Transform( 0.187235, 0.982315, -3.65941e-09, -0.333339, 0.0635363, 0.940664, 0.924028, -0.176125, 0.33934, -75.0985, 365.283, -9.29654 )

[node name="scrap_pile1" parent="." instance=ExtResource( 6 )]
transform = Transform( 0.361154, -0.613743, 0.70206, 0, 0.752874, 0.658165, -0.932506, -0.237699, 0.271903, -36.5778, 402.061, -10.9801 )

[node name="rock1" parent="." instance=ExtResource( 8 )]
transform = Transform( 0.749636, 0, 0.661851, 0, 1, 0, -0.661851, 0, 0.749636, -83.3571, 426.611, 8.45469 )

[node name="scrap7" parent="." instance=ExtResource( 9 )]
transform = Transform( 0.974682, 0, 0.223594, 0, 1, 0, -0.223594, 0, 0.974682, -71.3395, 455.791, 18.5968 )

[node name="scrap1" parent="." instance=ExtResource( 10 )]
transform = Transform( 1, 0, 0, 0, 1, 0, 0, 0, 1, -68.6174, 435.66, 9.32211 )

[node name="rock2" parent="." instance=ExtResource( 11 )]
transform = Transform( 1, 0, 0, 0, 0.911802, 0.41063, 0, -0.41063, 0.911802, -14.6191, 478.885, -70.571 )

[node name="scrap10" parent="." instance=ExtResource( 10 )]
transform = Transform( -0.999967, -0.00817639, 0, 0.00817639, -0.999967, 0, 0, 0, 1, -15.5383, 488.967, -18.8536 )

[node name="scrap11" parent="." instance=ExtResource( 5 )]
transform = Transform( 1, 0, 0, 0, 1, 0, 0, 0, 1, -4.90801, 469.679, -49.0457 )

[node name="fountain" parent="." instance=ExtResource( 12 )]
transform = Transform( 1, 0, 0, 0, 1, 0, 0, 0, 1, -8.53827, 486.111, -76.3358 )

[node name="pillar" parent="." instance=ExtResource( 13 )]
transform = Transform( 1, 0, 0, 0, 1, 0, 0, 0, 1, -7.51733, 467.422, -75.8119 )

[node name="rock3" parent="." instance=ExtResource( 14 )]
transform = Transform( 0.94402, 1.19209e-07, -0.329889, 0.268072, 0.582804, 0.767122, 0.192261, -0.812613, 0.550179, -27.282, 499.957, -14.8024 )

[node name="palace_extension" parent="." instance=ExtResource( 15 )]
transform = Transform( -0.467448, 0, 0.884021, 0, 1, 0, -0.884021, 0, -0.467448, -76.9845, 411.863, 67.0782 )

[node name="crawly" parent="." instance=ExtResource( 16 )]
transform = Transform( -0.394166, 0, -0.919039, 0, 1, 0, 0.919039, 0, -0.394166, -62.8642, 425.894, 93.286 )

[node name="crawly2" parent="." instance=ExtResource( 16 )]
transform = Transform( 1, 0, 0, 0, 1, 0, 0, 0, 1, -54.8854, 425.924, 87.537 )

[node name="crawly3" parent="." instance=ExtResource( 16 )]
transform = Transform( 0.0757626, 0, 0.997126, 0, 1, 0, -0.997126, 0, 0.0757626, -73.3336, 425.942, 90.2685 )

[node name="crawly4" parent="." instance=ExtResource( 16 )]
transform = Transform( 0.602166, 0, 0.798371, 0, 1, 0, -0.798371, 0, 0.602166, -71.4953, 414.185, 95.0287 )

[node name="crawly5" parent="." instance=ExtResource( 16 )]
transform = Transform( 0.602166, 0, 0.798371, 0, 1, 0, -0.798371, 0, 0.602166, -68.9383, 414.358, 90.9527 )

[node name="rail_cart2" parent="." instance=ExtResource( 7 )]
transform = Transform( 0.659193, 0.751974, 0, -0.751974, 0.659193, 0, 0, 0, 1, -50.8627, 414.794, 92.1378 )

[node name="gem_big" parent="." instance=ExtResource( 17 )]
transform = Transform( 1, 0, 0, 0, 0.443884, -0.896084, 0, 0.896084, 0.443884, -64.2363, 412.597, 99.3119 )

[node name="gem_big2" parent="." instance=ExtResource( 17 )]
transform = Transform( 0.351279, -0.157695, 0.922895, -0.7128, -0.684159, 0.154409, 0.607058, -0.71208, -0.352736, -60.4073, 412.597, 95.038 )

[node name="gem_big3" parent="." instance=ExtResource( 17 )]
transform = Transform( 0.351279, -0.157695, 0.922895, 0.825339, -0.413251, -0.384759, 0.442062, 0.896859, -0.015015, -40.3826, 415.619, 102.646 )

[node name="platform_small" parent="." instance=ExtResource( 18 )]
transform = Transform( 0.914183, 0, 0.405301, 0, 1, 0, -0.405301, 0, 0.914183, -71.5259, 415.901, 86.6763 )

[node name="hole_switch" parent="." instance=ExtResource( 19 )]
transform = Transform( 0.339064, 0, 0.940763, 0, 1, 0, -0.940763, 0, 0.339064, -68.694, 416.417, 88.8917 )
on = true
persistent = true

[node name="drill2" parent="." instance=ExtResource( 4 )]
transform = Transform( 0.927864, -0.372919, 0, 0.372919, 0.927864, 0, 0, 0, 1, -40.8149, 419.674, 90.5183 )

[node name="drill3" parent="." instance=ExtResource( 4 )]
transform = Transform( -0.150325, 0.0604172, -0.986789, 0.372919, 0.927864, 0, 0.915606, -0.367992, -0.162012, -55.4827, 427.843, 110.283 )

[node name="drill4" parent="." instance=ExtResource( 4 )]
transform = Transform( -0.645608, 0.751667, 0.134862, 0.750604, 0.657116, -0.0692306, -0.140658, 0.0565322, -0.988443, -76.7825, 444.793, 95.4608 )

[node name="rock4" parent="." instance=ExtResource( 8 )]
transform = Transform( 1, 0, 0, 0, 0.00191827, 0.999998, 0, -0.999998, 0.00191827, -38.7878, 430.258, 108.058 )

[node name="drill5" parent="." instance=ExtResource( 4 )]
transform = Transform( 1, 0, 0, 0, 0.14785, 0.98901, 0, -0.98901, 0.14785, -55.789, 466.859, 111.099 )

[node name="scrap12" parent="." instance=ExtResource( 10 )]
transform = Transform( 1, 0, 0, 0, 0.891956, 0.452123, 0, -0.452123, 0.891956, -75.1043, 436.042, 109.834 )

[node name="scrap2" parent="scrap12" instance=ExtResource( 5 )]
transform = Transform( 0.895782, 0.200966, -0.396468, -0.200966, 0.978696, 0.0420282, 0.396468, 0.0420282, 0.917086, 6.1352, 0.22879, 2.69818 )

[node name="gem_big4" parent="." instance=ExtResource( 17 )]
transform = Transform( 1, 0, 0, 0, 1, 0, 0, 0, 1, -81.0171, 442.166, 101.388 )

[node name="scrap13" parent="." instance=ExtResource( 10 )]
transform = Transform( 1, 0, 0, 0, 1, 0, 0, 0, 1, -54.5929, 436.738, 114.184 )

[node name="pillar2" parent="." instance=ExtResource( 13 )]
transform = Transform( 0.969627, 0.244589, 0, -0.244589, 0.969627, 0, 0, 0, 1, -70.3718, 452.321, 107.475 )

[node name="pillar3" parent="." instance=ExtResource( 13 )]
transform = Transform( 0.130803, 0.402382, 0.906079, -0.312147, 0.884165, -0.347588, -0.940986, -0.237364, 0.241254, -81.7993, 454.809, 99.8133 )

[node name="rock5" parent="." instance=ExtResource( 8 )]
transform = Transform( 0.0370161, 0.658971, -0.751257, -0.998426, 0.0560841, 0, 0.0421336, 0.750075, 0.66001, -71.319, 449.308, 109.331 )

[node name="rock6" parent="." instance=ExtResource( 11 )]
transform = Transform( 0.155112, 0, -0.987897, 0, 1, 0, 0.987897, 0, 0.155112, -79.3682, 470.789, 107.548 )

[node name="scrap_pile2" parent="." instance=ExtResource( 6 )]
transform = Transform( 0.988107, 0.153768, 0, -0.153768, 0.988107, 0, 0, 0, 1, -65.945, 462.581, 116.775 )

[node name="drill6" parent="." instance=ExtResource( 4 )]
transform = Transform( 0.407475, 0.408842, 0.816586, 0, 0.894187, -0.447694, -0.913216, 0.182424, 0.364359, -69.3871, 477.832, 86.5696 )

[node name="scrap_pile3" parent="." instance=ExtResource( 6 )]
transform = Transform( 1, 0, 0, 0, 1, 0, 0, 0, 1, -61.9844, 508.081, 77.4446 )

[node name="scrap14" parent="." instance=ExtResource( 9 )]
transform = Transform( 0.968615, 0, 0.248564, 0, 1, 0, -0.248564, 0, 0.968615, -49.0476, 490.967, 108.602 )

[node name="scrap15" parent="." instance=ExtResource( 5 )]
transform = Transform( 0.177373, 0.248115, -0.952354, -0.813504, 0.581559, 0, 0.55385, 0.774744, 0.304995, -48.4693, 486.794, 108.2 )

[node name="scrap_pile4" parent="." instance=ExtResource( 20 )]
transform = Transform( 0.922785, -0.0947519, -0.373483, -0.385217, -0.205006, -0.899767, 0.0086883, 0.974164, -0.225676, -56.118, 484.717, 87.2026 )

[node name="rock7" parent="." instance=ExtResource( 8 )]
transform = Transform( 0.630382, -0.543059, -0.554712, 0, 0.714573, -0.699561, 0.776285, 0.440991, 0.450453, -35.4412, 476.518, 92.4372 )

[node name="scrap16" parent="." instance=ExtResource( 5 )]
transform = Transform( 0.863646, 0, 0.504099, 0, 1, 0, -0.504099, 0, 0.863646, -48.1821, 486.746, 108.926 )

[node name="rock_kinematic" parent="." instance=ExtResource( 21 )]
transform = Transform( 0.781885, 0, 0.623422, 0, 1, 0, -0.623422, 0, 0.781885, -61.4331, 492.675, 109.033 )
initial_velocity = 4.0

[node name="platform" parent="." instance=ExtResource( 22 )]
transform = Transform( -0.140103, 0, 0.990137, 0, 1, 0, -0.990137, 0, -0.140103, -55.9045, 503.087, 109.826 )

[node name="fountain2" parent="." instance=ExtResource( 12 )]
transform = Transform( 1, 0, 0, 0, 1, 0, 0, 0, 1, -29.1311, 505.747, 102.449 )

[node name="arena1" parent="." instance=ExtResource( 24 )]
transform = Transform( -0.989912, 0, -0.141685, 0, 1, 0, 0.141685, 0, -0.989912, -59.2525, 504.914, -196.463 )

[node name="circle_thing" parent="arena1" instance=ExtResource( 23 )]
transform = Transform( 1, 0, 0, 0, 1, 0, 0, 0, 1, 0, 6.24286, 0 )

[connection signal="toggled" from="hole_switch" to="drill2" method="_on_toggled"]
[connection signal="toggled" from="hole_switch" to="drill3" method="_on_toggled"]
[connection signal="toggled" from="hole_switch" to="drill4" method="_on_toggled"]
[connection signal="toggled" from="hole_switch" to="drill5" method="_on_toggled"]
[connection signal="toggled" from="hole_switch" to="drill6" method="_on_toggled"]
