[gd_scene load_steps=21 format=2]

[ext_resource path="res://areas/chunk_content.gd" type="Script" id=1]
[ext_resource path="res://entities/env/stone/rock_collapsible.tscn" type="PackedScene" id=2]
[ext_resource path="res://entities/npc/npc.tscn" type="PackedScene" id=3]
[ext_resource path="res://dialog/tree_tower/observer.dialog" type="Resource" id=4]
[ext_resource path="res://entities/enemies/gunner.tscn" type="PackedScene" id=5]
[ext_resource path="res://entities/env/copper/scrap2.tscn" type="PackedScene" id=6]
[ext_resource path="res://entities/env/copper/scrap3.tscn" type="PackedScene" id=7]
[ext_resource path="res://entities/env/copper/scrap1.tscn" type="PackedScene" id=8]
[ext_resource path="res://entities/env/copper/scrap_pile1.tscn" type="PackedScene" id=9]
[ext_resource path="res://entities/env/copper/scrap_pile3.tscn" type="PackedScene" id=10]
[ext_resource path="res://entities/env/stone/rock_kinematic.tscn" type="PackedScene" id=11]
[ext_resource path="res://entities/env/stone/fountain.tscn" type="PackedScene" id=12]
[ext_resource path="res://entities/env/stone/ruin1.tscn" type="PackedScene" id=13]
[ext_resource path="res://entities/env/stone/hut.tscn" type="PackedScene" id=14]
[ext_resource path="res://entities/env/stone/master_hut.tscn" type="PackedScene" id=15]
[ext_resource path="res://entities/env/stone/rock4.tscn" type="PackedScene" id=16]
[ext_resource path="res://entities/env/stone/pillar.tscn" type="PackedScene" id=17]
[ext_resource path="res://entities/env/stone/rock1.tscn" type="PackedScene" id=18]
[ext_resource path="res://entities/env/stone/hut_bath.tscn" type="PackedScene" id=19]
[ext_resource path="res://entities/env/ancient/ascrap1.tscn" type="PackedScene" id=20]

[node name="chunk109" type="MultiMeshSystem"]
script = ExtResource( 1 )

[node name="scrap2" parent="." instance=ExtResource( 6 )]
transform = Transform( 0.993641, 0.112596, 0, -0.112596, 0.993641, 0, 0, 0, 1, -65.9924, 418.237, -67.0874 )

[node name="scrap3" parent="." instance=ExtResource( 7 )]
transform = Transform( 0.917968, -0.100992, -0.383582, -0.197555, -0.954975, -0.221346, -0.343957, 0.278967, -0.896588, -55.5285, 418.441, -62.1365 )

[node name="scrap4" parent="." instance=ExtResource( 6 )]
transform = Transform( 0.0435861, -0.0391925, -0.998281, 0.668635, 0.743591, 2.77009e-09, 0.742312, -0.667485, 0.0586158, -62.674, 419.865, -52.885 )

[node name="scrap1" parent="." instance=ExtResource( 8 )]
transform = Transform( 1, 0, 0, 0, 1, 0, 0, 0, 1, -72.5653, 429.246, -63.9588 )

[node name="scrap5" parent="." instance=ExtResource( 8 )]
transform = Transform( 1, 0, 0, 0, 0.936582, 0.350448, 0, -0.350448, 0.936582, -72.9513, 428.602, -81.1853 )

[node name="hut" parent="." instance=ExtResource( 14 )]
transform = Transform( 0.775485, 0, -0.631366, 0, 1, 0, 0.631366, 0, 0.775485, -70.1081, 425.812, -110.008 )

[node name="hut2" parent="." instance=ExtResource( 14 )]
transform = Transform( -0.344026, 0.0172976, -0.938801, 0.0502164, 0.998738, -1.49657e-09, 0.937616, -0.0471432, -0.344461, -95.4776, 448.297, -104.75 )

[node name="ruin1" parent="." instance=ExtResource( 13 )]
transform = Transform( 0.987875, 0.155251, 0, -0.155251, 0.987875, 0, 0, 0, 1, -43.5962, 430.098, -17.984 )

[node name="scrap6" parent="." instance=ExtResource( 7 )]
transform = Transform( 0.071622, -0.0109204, -0.997372, -0.0805173, 0.996613, -0.0166941, 0.994177, 0.0815014, 0.0705001, -65.8267, 446.71, 21.6292 )

[node name="scrap7" parent="." instance=ExtResource( 6 )]
transform = Transform( 0.871443, -0.490497, 0, 0.490497, 0.871443, 0, 0, 0, 1, -68.6341, 445.728, 13.3945 )

[node name="scrap8" parent="." instance=ExtResource( 6 )]
transform = Transform( 0.923914, 0.3826, 0, -0.3826, 0.923914, 0, 0, 0, 1, -64.3202, 444.297, 23.4419 )

[node name="scrap9" parent="." instance=ExtResource( 6 )]
transform = Transform( 0.935195, -0.354132, 0, 0.354132, 0.935195, 0, 0, 0, 1, -66.9899, 444.438, 30.2038 )

[node name="fountain" parent="." instance=ExtResource( 12 )]
transform = Transform( 1, 0, 0, 0, 1, 0, 0, 0, 1, -98.6286, 434.681, -59.4879 )

[node name="scrap_pile1" parent="." instance=ExtResource( 9 )]
transform = Transform( 0.759334, 0, -0.650701, -0.436968, 0.740973, -0.50992, 0.482152, 0.671535, 0.562646, -68.5692, 430.915, -8.00574 )

[node name="scrap_pile3" parent="." instance=ExtResource( 10 )]
transform = Transform( 0.639454, -0.160773, -0.751832, 0.76883, 0.133719, 0.625316, 0, -0.977891, 0.209115, -68.8486, 432.321, -14.5226 )

[node name="rock_kinematic" parent="." instance=ExtResource( 11 )]
transform = Transform( 1, 0, 0, 0, 0.921182, -0.389133, 0, 0.389133, 0.921182, -82.1288, 433.845, -23.7966 )
initial_velocity = 6.0
max_rotation_speed = Vector3( 0, 0.3, 0 )

[node name="rock_kinematic2" parent="." instance=ExtResource( 11 )]
transform = Transform( 1, 0, 0, 0, 1, 0, 0, 0, 1, -97.0062, 434.688, -45.1738 )
initial_velocity = 6.0
max_rotation_speed = Vector3( 0, 0.3, 0 )

[node name="master_hut" parent="." instance=ExtResource( 15 )]
transform = Transform( 0.0197835, 0, -0.999804, 0, 1, 0, 0.999804, 0, 0.0197835, -50.9926, 446.807, 93.9836 )

[node name="pillar" parent="." instance=ExtResource( 17 )]
transform = Transform( 1, 0, 0, 0, 1, 0, 0, 0, 1, -50.3044, 424.528, 99.0662 )

[node name="pillar2" parent="." instance=ExtResource( 17 )]
transform = Transform( 0.578028, 0.267964, 0.770765, -0.263437, 0.955249, -0.13454, -0.772324, -0.12528, 0.622752, -50.3044, 425.761, 98.1515 )

[node name="pillar3" parent="." instance=ExtResource( 17 )]
transform = Transform( -0.942388, -0.284641, -0.175737, -0.263437, 0.955249, -0.13454, 0.206168, -0.0804933, -0.9752, -50.9034, 426.026, 99.0662 )

[node name="pillar4" parent="." instance=ExtResource( 17 )]
transform = Transform( 1, 0, 0, 0, 1, 0, 0, 0, 1, -59.5658, 443.912, 77.5014 )

[node name="pillar5" parent="." instance=ExtResource( 17 )]
transform = Transform( 1, 0, 0, 0, 0.741321, 0.671151, 0, -0.671151, 0.741321, -44.3905, 445.01, 74.7849 )

[node name="rock4" parent="." instance=ExtResource( 16 )]
transform = Transform( 0.0618289, -0.998087, 0, 0.998087, 0.0618289, 0, 0, 0, 1, -45.2471, 446.879, 56.5377 )

[node name="rock1" parent="." instance=ExtResource( 18 )]
transform = Transform( 0.966561, 0.0687392, -0.24705, 0.255767, -0.188937, 0.948096, 0.0184946, -0.97958, -0.2002, -50.3325, 442.763, 81.7943 )

[node name="hut_bath" parent="." instance=ExtResource( 19 )]
transform = Transform( 0.450873, 0, -0.892588, 0, 1, 0, 0.892588, 0, 0.450873, -47.3926, 446.847, 96.8872 )

[node name="hut3" parent="." instance=ExtResource( 14 )]
transform = Transform( -0.99533, 0, -0.0965292, 0, 1, 0, 0.0965292, 0, -0.99533, -4.92521, 445.785, 105.565 )

[node name="pillar6" parent="." instance=ExtResource( 17 )]
transform = Transform( 1, 0, 0, 0, 1, 0, 0, 0, 1, 7.40551, 444.27, 113.156 )

[node name="pillar7" parent="." instance=ExtResource( 17 )]
transform = Transform( -0.712647, 0, -0.701523, 0, 1, 0, 0.701523, 0, -0.712647, 7.32625, 444.27, 82.666 )

[node name="pillar8" parent="." instance=ExtResource( 17 )]
transform = Transform( -0.709949, -0.0869318, -0.698867, -0.0619517, 0.996214, -0.0609846, 0.701523, 0, -0.712647, -93.6756, 446.274, 83.1259 )

[node name="ascrap1" parent="." instance=ExtResource( 20 )]
transform = Transform( 0.980344, 0.1971, 0.0088241, 0, 0.0447248, -0.998999, -0.197298, 0.979363, 0.0438456, -92.6111, 449.096, -25.4439 )

[node name="scrap10" parent="." instance=ExtResource( 8 )]
transform = Transform( 1, 0, 0, 0, 1, 0, 0, 0, 1, -102.983, 448.005, -39.2757 )

[node name="gunner" parent="." instance=ExtResource( 5 )]
transform = Transform( -0.542712, 0, -0.839919, 0, 1, 0, 0.839919, 0, -0.542712, -44.2925, 431.775, -17.5961 )

[node name="gunner2" parent="." instance=ExtResource( 5 )]
transform = Transform( -0.764159, 0, 0.645028, 0, 1, 0, -0.645028, 0, -0.764159, -107.891, 448.56, -43.3807 )

[node name="gunner3" parent="." instance=ExtResource( 5 )]
transform = Transform( 0.411069, 0, 0.911604, 0, 1, 0, -0.911604, 0, 0.411069, -72.9362, 430.622, -81.7612 )

[node name="gunner4" parent="." instance=ExtResource( 5 )]
transform = Transform( -0.826019, 0, 0.563642, 0, 1, 0, -0.563642, 0, -0.826019, -93.7511, 464.749, 80.4561 )

[node name="gunner5" parent="." instance=ExtResource( 5 )]
transform = Transform( 0.0423345, 0, -0.999103, 0, 1, 0, 0.999103, 0, 0.0423345, -88.8728, 446.599, 18.7151 )

[node name="rock_collapsible" parent="." instance=ExtResource( 2 )]
transform = Transform( 0.0481667, 0, 0.998839, 0, 1, 0, -0.998839, 0, 0.0481667, -107.671, 447.731, -43.5155 )

[node name="npc" parent="." instance=ExtResource( 3 )]
transform = Transform( 0.0744761, 0, 0.997223, 0, 1, 0, -0.997223, 0, 0.0744761, 381.472, 415.49, 42.213 )
dialog = ExtResource( 4 )
visual_name = "Observer"
friendly_id = "observer109"
