[gd_scene load_steps=28 format=2]

[ext_resource path="res://areas/chunk_content.gd" type="Script" id=1]
[ext_resource path="res://entities/env/hut.tscn" type="PackedScene" id=2]
[ext_resource path="res://entities/env/rock1.tscn" type="PackedScene" id=3]
[ext_resource path="res://entities/env/ruin1.tscn" type="PackedScene" id=4]
[ext_resource path="res://entities/env/copper/scrap_pile1.tscn" type="PackedScene" id=5]
[ext_resource path="res://entities/env/wall1.tscn" type="PackedScene" id=6]
[ext_resource path="res://entities/env/pillar.tscn" type="PackedScene" id=7]
[ext_resource path="res://entities/env/copper/scrap3.tscn" type="PackedScene" id=8]
[ext_resource path="res://items/bug_pickup.tscn" type="PackedScene" id=9]
[ext_resource path="res://items/gem_pickup.tscn" type="PackedScene" id=10]
[ext_resource path="res://entities/wardrobe.tscn" type="PackedScene" id=11]
[ext_resource path="res://entities/env/copper/platform.tscn" type="PackedScene" id=12]
[ext_resource path="res://entities/env/copper/scrap_pile3.tscn" type="PackedScene" id=13]
[ext_resource path="res://entities/env/copper/scrap2.tscn" type="PackedScene" id=14]
[ext_resource path="res://entities/npc.tscn" type="PackedScene" id=15]
[ext_resource path="res://_glb/entities/power_thing.glb" type="PackedScene" id=16]
[ext_resource path="res://entities/env/ancient/arena1.tscn" type="PackedScene" id=17]
[ext_resource path="res://entities/env/copper/palace2.tscn" type="PackedScene" id=18]
[ext_resource path="res://entities/env/copper/palace_extension.tscn" type="PackedScene" id=19]
[ext_resource path="res://entities/env/copper/palace_roof1.tscn" type="PackedScene" id=20]
[ext_resource path="res://entities/env/rock2.tscn" type="PackedScene" id=21]
[ext_resource path="res://entities/env/copper/scrap_pile2.tscn" type="PackedScene" id=22]
[ext_resource path="res://entities/env/copper/bridge_long_damaged.tscn" type="PackedScene" id=23]
[ext_resource path="res://entities/enemies/crawly.tscn" type="PackedScene" id=24]
[ext_resource path="res://entities/enemies/deathgnat.tscn" type="PackedScene" id=25]
[ext_resource path="res://entities/fountain.tscn" type="PackedScene" id=26]
[ext_resource path="res://items/ammo/pistol_pickup.tscn" type="PackedScene" id=27]

[node name="chunk111" type="Spatial"]
script = ExtResource( 1 )

[node name="hut" parent="." instance=ExtResource( 2 )]
transform = Transform( -0.15471, 0, 0.98796, 0, 1, 0, -0.98796, 0, -0.15471, 192.26, -250, -221.997 )

[node name="hut2" parent="." instance=ExtResource( 2 )]
transform = Transform( 0.965926, 0, 0.258819, 0, 1, 0, -0.258819, 0, 0.965926, 196, -250, -240 )

[node name="hut3" parent="." instance=ExtResource( 2 )]
transform = Transform( -1, 0, -1.50996e-07, 0, 1, 0, 1.50996e-07, 0, -1, 210, -250, -220 )

[node name="rock1" parent="." instance=ExtResource( 3 )]
transform = Transform( -0.44074, -0.876391, -0.194129, -0.191107, -0.119696, 0.974244, -0.877055, 0.466488, -0.11473, 217.027, -250.679, -230.994 )

[node name="pillar" parent="." instance=ExtResource( 7 )]
transform = Transform( 0.299654, 0.574995, -0.761307, -0.953491, 0.207765, -0.218379, 0.0326058, 0.791337, 0.61051, 207.657, -248.88, -241.844 )

[node name="scrap3" parent="." instance=ExtResource( 8 )]
transform = Transform( 0.503351, -0.229191, -0.833132, 0.00470715, 0.964895, -0.262594, 0.864069, 0.128255, 0.486759, 198.635, -240.958, -231.461 )

[node name="scrap_pile1" parent="." instance=ExtResource( 5 )]
transform = Transform( 0.102463, 0, 0.994737, 0, 1, 0, -0.994737, 0, 0.102463, 205.708, -247.646, -207.957 )

[node name="ruin1" parent="." instance=ExtResource( 4 )]
transform = Transform( 1, 0, 0, 0, 1, 0, 0, 0, 1, 158.645, -251.7, -222.4 )

[node name="wall1" parent="." instance=ExtResource( 6 )]
transform = Transform( 1, 0, 0, 0, 0.864301, 0.502975, 0, -0.502975, 0.864301, 175.785, -251.382, -216.158 )

[node name="gem_pickup" parent="." instance=ExtResource( 10 )]
transform = Transform( 1, 0, 0, 0, 1, 0, 0, 0, 1, 192.047, -239.558, -222.108 )

[node name="gem_pickup4" parent="." instance=ExtResource( 10 )]
transform = Transform( 1, 0, 0, 0, 1, 0, 0, 0, 1, 205.591, -241.275, -208.788 )

[node name="gem_pickup7" parent="." instance=ExtResource( 10 )]
transform = Transform( 1, 0, 0, 0, 1, 0, 0, 0, 1, 218.024, -246.781, -227.151 )

[node name="gem_pickup8" parent="." instance=ExtResource( 10 )]
transform = Transform( 1, 0, 0, 0, 1, 0, 0, 0, 1, 218.159, -241.21, -228.428 )

[node name="gem_pickup9" parent="." instance=ExtResource( 10 )]
transform = Transform( 1, 0, 0, 0, 1, 0, 0, 0, 1, 219.932, -246.621, -231.47 )

[node name="bug_pickup" parent="." instance=ExtResource( 9 )]
transform = Transform( -0.755305, 0, 0.655374, 0, 1, 0, -0.655374, 0, -0.755305, 195.441, -240.985, -244.645 )

[node name="bug_pickup2" parent="." instance=ExtResource( 9 )]
transform = Transform( -0.755305, 0, 0.655374, 0, 1, 0, -0.655374, 0, -0.755305, 206.722, -237.3, -218.956 )

[node name="bug_pickup3" parent="." instance=ExtResource( 9 )]
transform = Transform( -0.755305, 0, 0.655374, 0, 1, 0, -0.655374, 0, -0.755305, 190.597, -237.664, -225.232 )

[node name="bug_pickup4" parent="." instance=ExtResource( 9 )]
transform = Transform( -0.234277, 0, -0.97217, 0, 1, 0, 0.97217, 0, -0.234277, 185.974, -246.463, -221.742 )

[node name="bug_pickup5" parent="." instance=ExtResource( 9 )]
transform = Transform( 1, 0, 0, 0, 1, 0, 0, 0, 1, 199.225, -246.703, -210.804 )

[node name="bug_pickup6" parent="." instance=ExtResource( 9 )]
transform = Transform( -0.0997191, 0, 0.995016, 0, 1, 0, -0.995016, 0, -0.0997191, 206.446, -243.988, -217.33 )

[node name="bug_pickup7" parent="." instance=ExtResource( 9 )]
transform = Transform( -0.991452, 0, 0.130474, 0, 1, 0, -0.130474, 0, -0.991452, 169.608, -204.122, -130.067 )

[node name="bug_pickup8" parent="." instance=ExtResource( 9 )]
transform = Transform( -0.991452, 0, 0.130474, 0, 1, 0, -0.130474, 0, -0.991452, 169.608, -31.5582, 40.3355 )

[node name="bug_pickup9" parent="." instance=ExtResource( 9 )]
transform = Transform( -0.991452, 0, 0.130474, 0, 1, 0, -0.130474, 0, -0.991452, 161.917, -88.8521, -21.1745 )

[node name="bug_pickup10" parent="." instance=ExtResource( 9 )]
transform = Transform( 1, 0, 0, 0, 1, 0, 0, 0, 1, 198.846, -244.418, -239.924 )

[node name="rock2" parent="." instance=ExtResource( 3 )]
transform = Transform( 0.0258654, 0.956658, 0.290063, -0.954862, -0.0622506, 0.290455, 0.295923, -0.284483, 0.911866, 205.488, -250.974, -226.785 )

[node name="wardrobe" parent="." instance=ExtResource( 11 )]
transform = Transform( 0.961516, 0, -0.274748, 0, 1, 0, 0.274748, 0, 0.961516, 209.588, -248.032, -218.32 )

[node name="platform" parent="." instance=ExtResource( 12 )]
transform = Transform( 0.821567, 0.329597, 0.46518, -1.23204e-07, -0.815946, 0.578128, 0.570111, -0.474971, -0.670355, 219.846, -255.496, -206.72 )

[node name="scrap_pile3" parent="." instance=ExtResource( 13 )]
transform = Transform( 0.525995, 0.462816, -0.713534, 0.769583, 0.0981301, 0.630961, 0.362038, -0.881006, -0.304559, 208.551, -248.439, -221.064 )

[node name="bug_pickup11" parent="." instance=ExtResource( 9 )]
transform = Transform( 1, 0, 0, 0, 1, 0, 0, 0, 1, 219.118, -241.32, -204.572 )

[node name="gem_pickup2" parent="." instance=ExtResource( 10 )]
transform = Transform( 1, 0, 0, 0, 1, 0, 0, 0, 1, 220.789, -244.1, -198.636 )

[node name="gem_pickup3" parent="." instance=ExtResource( 10 )]
transform = Transform( 1, 0, 0, 0, 1, 0, 0, 0, 1, 216.302, -244.314, -208.553 )

[node name="scrap2" parent="." instance=ExtResource( 14 )]
transform = Transform( -0.608789, 0, -0.793332, -0.0299147, 0.999289, 0.022956, 0.792768, 0.0377076, -0.608356, 208.632, -247.305, -221.539 )

[node name="npc" parent="." instance=ExtResource( 15 )]
transform = Transform( 0.681871, 0, -0.731473, 0, 1, 0, 0.731473, 0, 0.681871, 210.649, -245.914, -222.62 )

[node name="power_thing" parent="." instance=ExtResource( 16 )]
transform = Transform( 0.343899, 0.926584, -0.152234, -0.374752, -0.0132197, -0.927031, -0.860985, 0.375855, 0.342693, 208.429, -245.523, -221.892 )

[node name="arena1" parent="." instance=ExtResource( 17 )]
transform = Transform( 0.939561, 0.342381, 0, -0.339082, 0.930509, 0.138482, 0.0474135, -0.130112, 0.990365, 3.69625, -11.0276, 169.235 )

[node name="palace_extension" parent="." instance=ExtResource( 19 )]
transform = Transform( 1, 0, 0, 0, 1, 0, 0, 0, 1, -46.8484, 0.543506, 172.008 )

[node name="palace_extension2" parent="." instance=ExtResource( 19 )]
transform = Transform( 1, 0, 0, 0, 1, 0, 0, 0, 1, -46.3485, 14.9411, 172.28 )

[node name="scrap4" parent="." instance=ExtResource( 8 )]
transform = Transform( 0.122522, 0.350723, 0.928429, -0.142627, 0.93199, -0.333246, -0.982164, -0.0915888, 0.164212, 38.8942, 18.3808, 167.248 )

[node name="scrap_pile2" parent="." instance=ExtResource( 22 )]
transform = Transform( 1, 0, 0, 0, 0.999918, -0.0128278, 0, 0.0128278, 0.999918, 13.1121, 8.33897, 166.325 )

[node name="scrap5" parent="." instance=ExtResource( 8 )]
transform = Transform( 1, 0, 0, 0, -0.0872252, 0.996189, 0, -0.996189, -0.0872252, 14.0176, 2.37171, 166.437 )

[node name="scrap_pile4" parent="." instance=ExtResource( 5 )]
transform = Transform( 0.761199, 0.648519, 0, -0.648519, 0.761199, 0, 0, 0, 1, 32.2158, 3.48057, 168.709 )

[node name="platform2" parent="." instance=ExtResource( 12 )]
transform = Transform( 0.999218, 0, -0.0395389, 0, 1, 0, 0.0395389, 0, 0.999218, 15.6894, 11.86, 152.381 )

[node name="bridge_long_damaged" parent="." instance=ExtResource( 23 )]
transform = Transform( 1, 0, 0, 0, 0.996769, -0.0803207, 0, 0.0803207, 0.996769, 14.1771, 32.9851, 181.602 )

[node name="palace_roof1" parent="." instance=ExtResource( 20 )]
transform = Transform( 0.770802, -0.637074, 0, 0.637074, 0.770802, 0, 0, 0, 1, -55.0531, 37.685, 172.118 )

[node name="palace2" parent="." instance=ExtResource( 18 )]
transform = Transform( -0.304748, -0.952433, 0, 0.952433, -0.304748, 0, 0, 0, 1, 6.01988, 1.06649, 165.002 )

[node name="palace3" parent="." instance=ExtResource( 18 )]
transform = Transform( 0.936739, 0.350028, 0, -0.350028, 0.936739, 0, 0, 0, 1, 4.07326, 20.5603, 162.221 )

[node name="rock3" parent="." instance=ExtResource( 3 )]
transform = Transform( 1, 0, 0, 0, 1, 0, 0, 0, 1, 31.5355, -0.241484, 152.249 )

[node name="rock4" parent="." instance=ExtResource( 21 )]
transform = Transform( 1, 0, 0, 0, 0.819682, 0.572818, 0, -0.572818, 0.819682, -77.0516, -0.263564, 137.132 )

[node name="wall2" parent="." instance=ExtResource( 6 )]
transform = Transform( 1, 0, 0, 0, 1, 0, 0, 0, 1, -68.3324, -1.89233, 176.804 )

[node name="pillar2" parent="." instance=ExtResource( 7 )]
transform = Transform( -0.523206, 0.793808, -0.31004, -0.125194, -0.431456, -0.893405, -0.84296, -0.42862, 0.325121, -63.1343, 7.28895, 140.63 )

[node name="wall3" parent="." instance=ExtResource( 6 )]
transform = Transform( 0.138765, 0.0120774, 0.990252, -0.00167605, 0.999927, -0.0119605, -0.990324, 0, 0.138776, -39.5881, -0.363659, 150.056 )

[node name="scrap6" parent="." instance=ExtResource( 14 )]
transform = Transform( 0.451687, 0, -0.892176, 0, 1, 0, 0.892176, 0, 0.451687, -63.8658, 6.865, 180.969 )

[node name="scrap7" parent="." instance=ExtResource( 14 )]
transform = Transform( 0.348041, -0.926033, -0.146047, 0.431375, 0.296508, -0.852055, 0.832336, 0.233549, 0.502665, -63.8658, 3.67916, 180.969 )

[node name="scrap8" parent="." instance=ExtResource( 14 )]
transform = Transform( 0.26143, -0.214292, -0.941134, -0.740821, 0.580489, -0.337961, 0.61874, 0.785565, -0.00699489, -64.3905, 4.88425, 180.969 )

[node name="ultra_crawly" parent="." instance=ExtResource( 24 )]
transform = Transform( 0.258819, 0, -0.965926, 0, 1, 0, 0.965926, 0, 0.258819, -42.8434, 0.533416, 170.189 )
drops_coat = true
minimum_rarity = 3
maximum_rarity = 4
gem_drop_max = 100
health = 300
attack_damage = 20
run_speed = 12.0
lunge_speed = 20.0
turn_speed_windup = 10.0
turn_speed_attacking = 2.0

[node name="scrap9" parent="." instance=ExtResource( 8 )]
transform = Transform( 0.769031, -0.639211, -2.79408e-08, 0, -4.37114e-08, 1, -0.639211, -0.769031, -3.36154e-08, -61.4142, 2, 155.586 )

[node name="scrap_pile5" parent="." instance=ExtResource( 13 )]
transform = Transform( 1, 0, 0, 0, 0.776046, 0.630676, 0, -0.630676, 0.776046, -64, 5, 163 )

[node name="scrap10" parent="." instance=ExtResource( 8 )]
transform = Transform( 0.991166, 0.0600435, -0.118253, -0.120715, 0.0391855, -0.991913, -0.0549241, 0.997426, 0.0460875, -41, 2, 192 )

[node name="scrap_pile6" parent="." instance=ExtResource( 5 )]
transform = Transform( -0.662241, 0, 0.749291, 0, 1, 0, -0.749291, 0, -0.662241, -33.5674, 3.17679, 197.25 )

[node name="rock5" parent="." instance=ExtResource( 3 )]
transform = Transform( -0.966993, -0.254804, 0, 0.254804, -0.966993, 0, 0, 0, 1, -58.029, 3.31954, 192.428 )

[node name="rock6" parent="." instance=ExtResource( 3 )]
transform = Transform( 0.710038, 0.704164, 0, -0.704164, 0.710038, 0, 0, 0, 1, -63.1033, -0.0984033, 187.428 )

[node name="fountain" parent="." instance=ExtResource( 26 )]
transform = Transform( 1, 0, 0, 0, 1, 0, 0, 0, 1, -244, -1, 49 )

[node name="crawly" parent="." instance=ExtResource( 24 )]
transform = Transform( 0.5, 0, -0.866025, 0, 1, 0, 0.866025, 0, 0.5, -68, 28.8499, 190 )

[node name="crawly2" parent="." instance=ExtResource( 24 )]
transform = Transform( -0.707107, 0, -0.707107, 0, 1, 0, 0.707107, 0, -0.707107, -73, 28.8499, 176 )

[node name="crawly3" parent="." instance=ExtResource( 24 )]
transform = Transform( -0.5, 0, -0.866025, 0, 1, 0, 0.866025, 0, -0.5, -70, 28.8499, 160 )

[node name="crawly4" parent="." instance=ExtResource( 24 )]
transform = Transform( 1, 0, 0, 0, 1, 0, 0, 0, 1, -51, 28.8499, 196 )

[node name="crawly5" parent="." instance=ExtResource( 24 )]
transform = Transform( 1, 0, 0, 0, 1, 0, 0, 0, 1, 38, 1.84993, 173 )

[node name="crawly6" parent="." instance=ExtResource( 24 )]
transform = Transform( 1, 0, 0, 0, 1, 0, 0, 0, 1, 18, 6.84993, 138 )

[node name="crawly7" parent="." instance=ExtResource( 24 )]
transform = Transform( 1, 0, 0, 0, 1, 0, 0, 0, 1, -5, 5.84993, 149 )
drops_coat = true
maximum_rarity = 3
health = 80

[node name="deathgnat" parent="." instance=ExtResource( 25 )]
transform = Transform( 1, 0, 0, 0, 1, 0, 0, 0, 1, -11, 51, 167 )

[node name="deathgnat2" parent="." instance=ExtResource( 25 )]
transform = Transform( 1, 0, 0, 0, 1, 0, 0, 0, 1, 39, 21, 171 )

[node name="deathgnat3" parent="." instance=ExtResource( 25 )]
transform = Transform( 1, 0, 0, 0, 1, 0, 0, 0, 1, 9, 17, 133 )

[node name="crawly8" parent="." instance=ExtResource( 24 )]
transform = Transform( 0.258819, 0, 0.965926, 0, 1, 0, -0.965926, 0, 0.258819, 99, 0.849926, 163 )

[node name="crawly9" parent="." instance=ExtResource( 24 )]
transform = Transform( -0.965926, 0, 0.258819, 0, 1, 0, -0.258819, 0, -0.965926, 94, 0.849926, 145 )

[node name="crawly10" parent="." instance=ExtResource( 24 )]
transform = Transform( 1, 0, 0, 0, 1, 0, 0, 0, 1, 11, 11.8499, 172 )

[node name="crawly11" parent="." instance=ExtResource( 24 )]
transform = Transform( 1, 0, 0, 0, 1, 0, 0, 0, 1, -4, 1.06683, 166 )
drops_coat = true
minimum_rarity = 1
maximum_rarity = 4
health = 90

[node name="crawly12" parent="." instance=ExtResource( 24 )]
transform = Transform( 1, 0, 0, 0, 1, 0, 0, 0, 1, 16, 0.519711, 154 )

[node name="pistol_pickup" parent="." instance=ExtResource( 27 )]
transform = Transform( 1, 0, 0, 0, 1, 0, 0, 0, 1, 20, 37, 169 )

[node name="pistol_pickup2" parent="." instance=ExtResource( 27 )]
transform = Transform( 1, 0, 0, 0, 1, 0, 0, 0, 1, 71, 3, 140 )

[node name="pistol_pickup3" parent="." instance=ExtResource( 27 )]
transform = Transform( 1, 0, 0, 0, 1, 0, 0, 0, 1, 86, 0, 164 )

[node name="pistol_pickup4" parent="." instance=ExtResource( 27 )]
transform = Transform( 1, 0, 0, 0, 1, 0, 0, 0, 1, 37, 2, 177 )

[node name="pistol_pickup5" parent="." instance=ExtResource( 27 )]
transform = Transform( 1, 0, 0, 0, 1, 0, 0, 0, 1, 14, 14, 203 )
