[gd_scene load_steps=30 format=2]

[ext_resource path="res://areas/chunk_content.gd" type="Script" id=1]
[ext_resource path="res://entities/npc/npc.tscn" type="PackedScene" id=2]
[ext_resource path="res://entities/env/copper/scrap_pile1.tscn" type="PackedScene" id=6]
[ext_resource path="res://entities/env/stone/rock1.tscn" type="PackedScene" id=8]
[ext_resource path="res://entities/env/copper/scrap3.tscn" type="PackedScene" id=9]
[ext_resource path="res://entities/env/copper/scrap1.tscn" type="PackedScene" id=10]
[ext_resource path="res://entities/env/stone/rock2.tscn" type="PackedScene" id=11]
[ext_resource path="res://entities/env/stone/fountain.tscn" type="PackedScene" id=12]
[ext_resource path="res://entities/env/stone/pillar.tscn" type="PackedScene" id=13]
[ext_resource path="res://entities/env/stone/rock3.tscn" type="PackedScene" id=14]
[ext_resource path="res://items/bug_pickup.tscn" type="PackedScene" id=25]
[ext_resource path="res://entities/env/stone/glass-furnace.tscn" type="PackedScene" id=37]
[ext_resource path="res://entities/env/furniture/glass1.tscn" type="PackedScene" id=38]
[ext_resource path="res://entities/env/stone/hut_bath.tscn" type="PackedScene" id=39]
[ext_resource path="res://entities/env/stone/hut.tscn" type="PackedScene" id=40]
[ext_resource path="res://entities/env/furniture/bottle2.tscn" type="PackedScene" id=41]
[ext_resource path="res://entities/env/copper/glass-tools.tscn" type="PackedScene" id=42]
[ext_resource path="res://entities/env/copper/pail.tscn" type="PackedScene" id=43]
[ext_resource path="res://entities/env/stone/ruin1.tscn" type="PackedScene" id=44]
[ext_resource path="res://entities/env/stone/garden_empty.tscn" type="PackedScene" id=45]
[ext_resource path="res://entities/wardrobe.tscn" type="PackedScene" id=46]
[ext_resource path="res://entities/env/stone/water_pot.tscn" type="PackedScene" id=47]
[ext_resource path="res://entities/env/furniture/bed_native.tscn" type="PackedScene" id=48]
[ext_resource path="res://entities/env/furniture/sitting_pillow.tscn" type="PackedScene" id=49]
[ext_resource path="res://entities/env/furniture/carpet.tscn" type="PackedScene" id=50]
[ext_resource path="res://entities/env/stone/cup.tscn" type="PackedScene" id=51]
[ext_resource path="res://areas/chunks/_lightmaps/chunk097.lmbake" type="BakedLightmapData" id=52]
[ext_resource path="res://entities/water_hut.tscn" type="PackedScene" id=53]
[ext_resource path="res://entities/enemies/gunner.tscn" type="PackedScene" id=54]

[node name="chunk097" type="MultiMeshSystem"]
script = ExtResource( 1 )
lighting_preview = true

[node name="area_old_village" type="Spatial" parent="."]
transform = Transform( 1, 0, 0, 0, 1, 0, 0, 0, 1, 347.953, 422.42, 15.0423 )

[node name="gunner4" parent="area_old_village" instance=ExtResource( 54 )]
transform = Transform( 0.333423, 0, -0.942778, 0, 1, 0, 0.942778, 0, 0.333423, 53.517, 23.616, 0.491099 )

[node name="scrap23" parent="area_old_village" instance=ExtResource( 10 )]
transform = Transform( 1, 0, 0, 0, 1, 0, 0, 0, 1, 24.795, 2.20297, 7.3568 )

[node name="scrap22" parent="area_old_village" instance=ExtResource( 10 )]
transform = Transform( 1, 0, 0, 0, 1, 0, 0, 0, 1, 24.795, 2.20297, 20.0894 )

[node name="scrap21" parent="area_old_village" instance=ExtResource( 9 )]
transform = Transform( 0.856037, -0.516181, 0.0275284, 0.516914, 0.854822, -0.0455885, 0, 0.0532553, 0.998581, 10.282, -4.36603, 14.155 )

[node name="scrap_pile8" parent="area_old_village" instance=ExtResource( 6 )]
transform = Transform( 1, 0, 0, 0, 1, 0, 0, 0, 1, -7.612, -5.30502, 20.151 )

[node name="gunner3" parent="area_old_village" instance=ExtResource( 54 )]
transform = Transform( 0.918198, 0, -0.396122, 0, 1, 0, 0.396122, 0, 0.918198, -16.553, 9.92999, -1.264 )

[node name="gunner2" parent="area_old_village" instance=ExtResource( 54 )]
transform = Transform( -0.806682, 0, -0.590985, 0, 1, 0, 0.590985, 0, -0.806682, -11.542, 10.721, 60.4975 )

[node name="gunner" parent="area_old_village" instance=ExtResource( 54 )]
transform = Transform( 1, 0, 0, 0, 1, 0, 0, 0, 1, -7.76501, 30.652, -76.5716 )

[node name="ReflectionProbe" type="ReflectionProbe" parent="area_old_village"]
transform = Transform( 1, 0, 0, 0, 1, 0, 0, 0, 1, -51.872, -4.96301, -1.4229 )
max_distance = 16384.0
extents = Vector3( 5.72716, 2.10887, 5.31486 )
enable_shadows = true

[node name="bug_pickup30" parent="area_old_village" instance=ExtResource( 25 )]
transform = Transform( -0.904352, 0, -0.426788, 0, 1, 0, 0.426788, 0, -0.904352, -53.284, -5.67102, -3.8211 )

[node name="bug_pickup29" parent="area_old_village" instance=ExtResource( 25 )]
transform = Transform( -0.342684, 0, 0.939451, 0, 1, 0, -0.939451, 0, -0.342684, -51.618, -6.70401, -3.6765 )

[node name="bug_pickup28" parent="area_old_village" instance=ExtResource( 25 )]
transform = Transform( 1, 0, 0, 0, 1, 0, 0, 0, 1, -52.308, -2.00601, -0.479401 )

[node name="bug_pickup27" parent="area_old_village" instance=ExtResource( 25 )]
transform = Transform( 1, 0, 0, 0, 1, 0, 0, 0, 1, -50.998, -6.24503, 1.0515 )

[node name="water_hut" parent="area_old_village" instance=ExtResource( 53 )]
transform = Transform( 0.0422285, 0, -0.999108, 0, 1, 0, 0.999108, 0, 0.0422285, -52.121, -6.93301, -0.5815 )
open = true

[node name="fountain" parent="area_old_village/water_hut" instance=ExtResource( 12 )]
transform = Transform( 1, 0, 0, 0, 1, 0, 0, 0, 1, -0.910917, -1.00009, -0.273071 )

[node name="hut4" parent="area_old_village" instance=ExtResource( 40 )]
transform = Transform( 0.39511, 0, 0.918634, 0, 1, 0, -0.918634, 0, 0.39511, 19.842, 25.507, 50.7124 )

[node name="hut3" parent="area_old_village" instance=ExtResource( 40 )]
transform = Transform( -0.786573, 0, -0.617497, 0, 1, 0, 0.617497, 0, -0.786573, 18.689, 5.77399, -43.174 )

[node name="rock15" parent="area_old_village" instance=ExtResource( 8 )]
transform = Transform( -0.0923868, -0.995723, 0, 0.995723, -0.0923868, 0, 0, 0, 1, 5.56699, -6.46201, -5.9964 )

[node name="garden_empty3" parent="area_old_village" instance=ExtResource( 45 )]
transform = Transform( -0.404866, -0.0201732, -0.914154, -0.0497651, 0.998761, 0, 0.913021, 0.0454929, -0.405368, 2.47, 3.00198, -26.0745 )

[node name="bed_native" parent="area_old_village" instance=ExtResource( 48 )]
transform = Transform( -0.776307, 0, -0.630355, 0, 1, 0, 0.630355, 0, -0.776307, -10.045, 7.06799, -9.68804 )

[node name="carpet" parent="area_old_village" instance=ExtResource( 50 )]
transform = Transform( 0.57026, -0.00603827, -0.821442, 0.010588, 0.999944, 0, 0.821396, -0.00869745, 0.570292, -11.001, 7.07397, -9.17917 )

[node name="sitting_pillow2" parent="area_old_village" instance=ExtResource( 49 )]
transform = Transform( 1, 0, 0, 0, 0.933925, 0.357469, 0, -0.357469, 0.933925, -8.55402, 4.09598, -6.79288 )

[node name="sitting_pillow" parent="area_old_village" instance=ExtResource( 49 )]
transform = Transform( 1, 0, 0, 0, 1, 0, 0, 0, 1, -8.51901, 3.965, -6.10246 )

[node name="cup" parent="area_old_village" instance=ExtResource( 51 )]
transform = Transform( 1, 0, 0, 0, 0.999336, 0.0364222, 0, -0.0364222, 0.999336, -11.75, 3.97897, -10.5686 )

[node name="water_pot" parent="area_old_village" instance=ExtResource( 47 )]
transform = Transform( -1, 8.74228e-08, 0, -8.74228e-08, -1, 0, 0, 0, 1, -12.447, 4.35599, -9.27579 )

[node name="hut2" parent="area_old_village" instance=ExtResource( 40 )]
transform = Transform( -0.838303, 0, 0.545204, 0, 1, 0, -0.545204, 0, -0.838303, -11.82, 2.965, -8.04398 )

[node name="wardrobe" parent="area_old_village/hut2" instance=ExtResource( 46 )]
transform = Transform( 0.937348, 0, -0.348397, 0, 1, 0, 0.348397, 0, 0.937348, 3.26718, 5.07538, 1.26669 )

[node name="garden_empty2" parent="area_old_village" instance=ExtResource( 45 )]
transform = Transform( -0.117825, -0.151443, 0.981418, 0.074963, 0.984126, 0.160861, -0.990201, 0.0925235, -0.104602, -26.164, 4.37799, -64.6872 )

[node name="garden_empty" parent="area_old_village" instance=ExtResource( 45 )]
transform = Transform( 1, 0, 0, 0, 0.996715, -0.0809907, 0, 0.0809907, 0.996715, 4.39801, 10.523, -71.792 )

[node name="pillar6" parent="area_old_village" instance=ExtResource( 13 )]
transform = Transform( -0.41242, 0, -0.910994, 0, 1, 0, 0.910994, 0, -0.41242, -45.544, -9.341, -18.2711 )

[node name="ruin1" parent="area_old_village" instance=ExtResource( 44 )]
transform = Transform( 1, 0, 0, 0, 1, 0, 0, 0, 1, -63.447, -8.052, -100.968 )

[node name="pail" parent="area_old_village" instance=ExtResource( 43 )]
transform = Transform( 0.0590556, -0.996549, -0.0583254, 0.0367389, -0.0562181, 0.997742, -0.997578, -0.0610651, 0.0332922, -45.445, -6.62903, -71.0253 )

[node name="glass-tools" parent="area_old_village" instance=ExtResource( 42 )]
transform = Transform( 0.123447, -0.992291, -0.0109224, 0.0487475, -0.00492949, 0.998799, -0.991153, -0.123831, 0.0477632, -38.23, -6.44, -75.0743 )

[node name="bottle2" parent="area_old_village" instance=ExtResource( 41 )]
transform = Transform( -0.764026, 0.645185, 0, -0.645185, -0.764026, 0, 0, 0, 1, -50.979, -6.83701, -72.5868 )

[node name="glass1" parent="area_old_village" instance=ExtResource( 38 )]
transform = Transform( -0.376881, 0.851756, -0.363968, 0, 0.392943, 0.919563, 0.926262, 0.346566, -0.148093, -49.166, -6.92401, -75.1777 )

[node name="glass-furnace" parent="area_old_village" instance=ExtResource( 37 )]
transform = Transform( 1, 0, 0, 0, 1, 0, 0, 0, 1, -41.568, -6.72501, -70.9397 )
light_enabled = false

[node name="pillar5" parent="area_old_village" instance=ExtResource( 13 )]
transform = Transform( -0.994272, 0, -0.106883, 0, 1, 0, 0.106883, 0, -0.994272, -6.77802, 21.424, 118.01 )

[node name="pillar4" parent="area_old_village" instance=ExtResource( 13 )]
transform = Transform( 1, 0, 0, 0, 1, 0, 0, 0, 1, -31.578, 24.617, 76.4159 )

[node name="hut_bath" parent="area_old_village" instance=ExtResource( 39 )]
transform = Transform( -0.275161, 0, -0.961398, 0, 1, 0, 0.961398, 0, -0.275161, -6.526, 4.20999, 78.6553 )

[node name="hut" parent="area_old_village" instance=ExtResource( 40 )]
transform = Transform( -0.986516, 0, 0.163663, 0, 1, 0, -0.163663, 0, -0.986516, -7.18399, 3.71198, 65.7972 )

[node name="BakedLightmap" type="BakedLightmap" parent="area_old_village"]
extents = Vector3( 75.9828, 56.6907, 138.202 )
environment_mode = 1
light_data = ExtResource( 52 )

[node name="rock11" parent="." instance=ExtResource( 11 )]
transform = Transform( 0.962693, -0.246656, 0.111276, 0.270595, 0.877526, -0.395886, 0, 0.411228, 0.911533, 201.69, 399.261, -101.288 )

[node name="rock12" parent="." instance=ExtResource( 8 )]
transform = Transform( 0.450508, 0.813794, -0.367127, -0.403881, -0.18096, -0.896735, -0.796193, 0.552262, 0.247151, 211.75, 403.147, -117.323 )

[node name="rock13" parent="." instance=ExtResource( 14 )]
transform = Transform( -0.669112, 0.526218, 0.52477, -0.618176, -0.78604, 0, 0.41249, -0.3244, 0.851244, 237.815, 391.891, -76.4422 )

[node name="rock14" parent="." instance=ExtResource( 11 )]
transform = Transform( 0.944681, 0.0898869, 0.315434, 0.0852596, -0.995952, 0.0284687, 0.316716, 0, -0.94852, 252.229, 416.7, -109.683 )

[node name="npc" parent="." instance=ExtResource( 2 )]
transform = Transform( 0.0275304, 0, 0.999621, 0, 1, 0, -0.999621, 0, 0.0275304, 43.6882, 506.96, 27.5505 )
visual_name = "Observer"
