[gd_scene load_steps=43 format=2]

[ext_resource path="res://areas/chunk_content.gd" type="Script" id=1]
[ext_resource path="res://items/item_pickup.tscn" type="PackedScene" id=2]
[ext_resource path="res://material/death_plane.shader" type="Shader" id=3]
[ext_resource path="res://entities/death_plane.tscn" type="PackedScene" id=4]
[ext_resource path="res://entities/env/stone/fountain.tscn" type="PackedScene" id=5]
[ext_resource path="res://entities/water_hut.tscn" type="PackedScene" id=6]
[ext_resource path="res://items/bug_pickup.tscn" type="PackedScene" id=7]
[ext_resource path="res://entities/env/stone/rock1.tscn" type="PackedScene" id=8]
[ext_resource path="res://entities/env/copper/crate1.tscn" type="PackedScene" id=9]
[ext_resource path="res://entities/env/stone/glass-furnace.tscn" type="PackedScene" id=10]
[ext_resource path="res://entities/env/stone/rock2.tscn" type="PackedScene" id=11]
[ext_resource path="res://entities/env/copper/glass-tools.tscn" type="PackedScene" id=12]
[ext_resource path="res://items/random_ammo_pickup.tscn" type="PackedScene" id=13]
[ext_resource path="res://entities/env/stone/rock3.tscn" type="PackedScene" id=14]
[ext_resource path="res://entities/env/plants/tree1.tscn" type="PackedScene" id=15]
[ext_resource path="res://entities/env/plants/cactus_round.tscn" type="PackedScene" id=16]
[ext_resource path="res://entities/env/plants/juniper_small.tscn" type="PackedScene" id=17]
[ext_resource path="res://entities/env/plants/cactus_round_flower.tscn" type="PackedScene" id=18]
[ext_resource path="res://entities/env/stone/rock_collapsible.tscn" type="PackedScene" id=19]
[ext_resource path="res://entities/enemies/crawly.tscn" type="PackedScene" id=20]
[ext_resource path="res://entities/env/copper/scrap2.tscn" type="PackedScene" id=21]
[ext_resource path="res://entities/env/stone/wall1.tscn" type="PackedScene" id=22]
[ext_resource path="res://entities/env/stone/pillar.tscn" type="PackedScene" id=23]
[ext_resource path="res://entities/env/copper/scrap3.tscn" type="PackedScene" id=24]
[ext_resource path="res://entities/env/stone/ruin1.tscn" type="PackedScene" id=25]
[ext_resource path="res://entities/env/stone/garden_empty.tscn" type="PackedScene" id=26]
[ext_resource path="res://ui/items/vis/mesh_hover_scooter.tscn" type="PackedScene" id=27]
[ext_resource path="res://entities/env/furniture/sitting_pillow.tscn" type="PackedScene" id=28]
[ext_resource path="res://entities/env/furniture/stump_table.tscn" type="PackedScene" id=29]
[ext_resource path="res://entities/env/stone/cup.tscn" type="PackedScene" id=30]
[ext_resource path="res://entities/env/stone/water_pot.tscn" type="PackedScene" id=31]
[ext_resource path="res://entities/wardrobe.tscn" type="PackedScene" id=32]
[ext_resource path="res://entities/env/furniture/bed_native.tscn" type="PackedScene" id=33]
[ext_resource path="res://entities/env/copper/table2.tscn" type="PackedScene" id=34]
[ext_resource path="res://material/env/transparent.shader" type="Shader" id=35]
[ext_resource path="res://material/mum/sketches.png" type="Texture" id=36]
[ext_resource path="res://audio/pickup/paper_pickup.wav" type="AudioStream" id=37]
[ext_resource path="res://entities/env/stone/hut.tscn" type="PackedScene" id=40]
[ext_resource path="res://entities/enemies/gunner.tscn" type="PackedScene" id=54]

[sub_resource type="QuadMesh" id=2]

[sub_resource type="ShaderMaterial" id=3]
shader = ExtResource( 35 )
shader_param/subsurface_scattering = null
shader_param/softness = 1.0
shader_param/specularity = 1.0
shader_param/alpha_clip = 0.75
shader_param/main_texture = ExtResource( 36 )

[sub_resource type="ShaderMaterial" id=1]
resource_local_to_scene = true
shader = ExtResource( 3 )
shader_param/max_depth = 20.0
shader_param/depth_color = null

[node name="chunk097" type="MultiMeshSystem"]
script = ExtResource( 1 )

[node name="area_old_village" type="MultiMeshSystem" parent="."]
transform = Transform( 1, 0, 0, 0, 1, 0, 0, 0, 1, 347.953, 430.476, 15.0423 )

[node name="mums_hut" parent="area_old_village" instance=ExtResource( 40 )]
transform = Transform( -0.86165, 0, 0.507502, 0, 1, 0, -0.507502, 0, -0.86165, -8.25531, 9.34238, -11.1459 )

[node name="hover_scooter_pickup" parent="area_old_village/mums_hut" instance=ExtResource( 2 )]
transform = Transform( 0.211307, -0.00794542, 0.977388, -0.529376, 0.839675, 0.121275, -0.821651, -0.543032, 0.173223, 0.209625, 0.49762, 5.75343 )
item_id = "hover_scooter"
preview = ExtResource( 27 )
friendly_name = "mum/info"

[node name="sitting_pillow" parent="area_old_village/mums_hut" instance=ExtResource( 28 )]
transform = Transform( 0.0373813, 0, -0.999302, 0, 1, 0, 0.999302, 0, 0.0373813, 0.07547, 0.959991, -1.7254 )

[node name="stump_table" parent="area_old_village/mums_hut" instance=ExtResource( 29 )]
transform = Transform( 0.469269, 0.883055, -2.98023e-08, -0.883056, 0.469269, 0, 1.39853e-08, 2.63171e-08, 1, -1.14868, 0.959991, 1.92984 )

[node name="cup" parent="area_old_village/mums_hut" instance=ExtResource( 30 )]
transform = Transform( -0.999882, 0.0153826, -1.19209e-07, -0.0153826, -0.999882, -7.15077e-09, -1.19209e-07, -5.58794e-09, 1, 0.326599, 1.02048, 1.26805 )

[node name="water_pot" parent="area_old_village/mums_hut" instance=ExtResource( 31 )]
transform = Transform( -0.028308, 0.999599, -2.98023e-08, -0.9996, -0.028308, 0, -1.86265e-09, 5.96046e-08, 1, 5.09854, 0.532257, 4.6833 )

[node name="wardrobe" parent="area_old_village/mums_hut" instance=ExtResource( 32 )]
transform = Transform( 0.72403, 0, -0.689769, 0, 1, 0, 0.689769, 0, 0.72403, 2.60022, 5.08392, 2.49742 )

[node name="bed_native" parent="area_old_village/mums_hut" instance=ExtResource( 33 )]
transform = Transform( -0.772612, 0, -0.634879, 0, 1, 0, 0.634879, 0, -0.772612, 0.397614, 4.07956, 0.524231 )

[node name="crate1" parent="area_old_village/mums_hut" instance=ExtResource( 9 )]
transform = Transform( 0.509559, 0, 0.860436, 0, 1, 0, -0.860436, 0, 0.509559, 1.25467, 4.12402, -2.83595 )

[node name="bug_pickup" parent="area_old_village/mums_hut/crate1" instance=ExtResource( 7 )]
transform = Transform( -0.527203, 0, -0.849739, 0, 1, 0, 0.849739, 0, -0.527203, 0.0454712, -0.173126, -0.548904 )

[node name="gunner" parent="area_old_village" instance=ExtResource( 54 )]
transform = Transform( -0.528006, 0, -0.849241, 0, 1, 0, 0.849241, 0, -0.528006, 13.2719, 27.652, 44.4343 )
reset_on_player_death = true

[node name="gunner3" parent="area_old_village" instance=ExtResource( 54 )]
transform = Transform( -0.956521, 0, -0.291664, 0, 1, 0, 0.291664, 0, -0.956521, -30.1566, 25.9619, 64.2899 )
reset_on_player_death = true

[node name="gunner2" parent="area_old_village" instance=ExtResource( 54 )]
transform = Transform( 0.728553, 0, -0.684989, 0, 1, 0, 0.684989, 0, 0.728553, -10.3934, 16.5053, -4.82982 )
reset_on_player_death = true

[node name="gunner4" parent="area_old_village" instance=ExtResource( 54 )]
transform = Transform( 1, 0, 0, 0, 1, 0, 0, 0, 1, 4.71539, 31.0383, -78.0303 )
reset_on_player_death = true
drops_coat = true
time_to_shoot = 2.0
flee_radius = 2.0
safe_radius = 5.0
bounce_impulse_h = 10.0
laser_color = Color( 0.22, 2, 0, 1 )

[node name="rock1" parent="area_old_village" instance=ExtResource( 8 )]
transform = Transform( -0.956521, -0.270313, 0.109539, -3.28331e-08, -0.375566, -0.926796, 0.291664, -0.886499, 0.359237, -49.922, 2.75366, 52.4574 )

[node name="water_hut" parent="area_old_village" instance=ExtResource( 6 )]
transform = Transform( -0.131516, 0, -0.991314, 0, 1, 0, 0.991314, 0, -0.131516, -77.4421, -5.32056, -67.073 )
open = true

[node name="fountain" parent="area_old_village/water_hut" instance=ExtResource( 5 )]
transform = Transform( 1, 0, 0, 0, 0.996625, -0.0820858, 0, 0.0820857, 0.996625, 0, 0.258087, 0 )

[node name="bug_pickup" parent="area_old_village" instance=ExtResource( 7 )]
transform = Transform( 1, 0, 0, 0, 1, 0, 0, 0, 1, -76.5388, -3.18411, -70.2385 )

[node name="bug_pickup2" parent="area_old_village" instance=ExtResource( 7 )]
transform = Transform( 1, 0, 0, 0, 1, 0, 0, 0, 1, -78.1653, 0.837372, -65.9419 )

[node name="ReflectionProbe" type="ReflectionProbe" parent="area_old_village"]
transform = Transform( 0.996832, 0, -0.0795413, 0, 1, 0, 0.0795413, 0, 0.996832, -77.2993, -2.02795, -67.1417 )
max_distance = 16384.0
extents = Vector3( 7.51181, 6.52918, 6.46633 )

[node name="glass-furnace" parent="area_old_village" instance=ExtResource( 10 )]
transform = Transform( 1, 0, 0, 0, 1, 0, 0, 0, 1, -41.4764, 1.29291, -70.3756 )
light_enabled = false

[node name="table2" parent="area_old_village/glass-furnace" instance=ExtResource( 34 )]
transform = Transform( -0.622484, 0.068982, -0.779587, 0.268703, 0.954396, -0.130103, 0.73506, -0.290464, -0.612632, 39.16, 7.91251, 48.0117 )

[node name="glass-tools" parent="area_old_village" instance=ExtResource( 12 )]
transform = Transform( 0.999203, 0, -0.039922, 0.039921, 0.00690107, 0.999179, 0.000275508, -0.999976, 0.00689556, -39.1161, 1.62683, -73.2548 )

[node name="crate1" parent="area_old_village" instance=ExtResource( 9 )]
transform = Transform( 0.526844, -0.450418, 0.720805, 0.214068, 0.891022, 0.400319, -0.822563, -0.0566043, 0.565849, -42.2496, 0.867249, -78.5417 )

[node name="random_ammo_pickup" parent="area_old_village/crate1" instance=ExtResource( 13 )]
transform = Transform( 1, -1.11759e-08, 0, 1.49012e-08, 1, 5.58794e-08, 0, -7.45058e-09, 1, 0.0846863, 0.101212, 0.411285 )

[node name="random_ammo_pickup2" parent="area_old_village/crate1" instance=ExtResource( 13 )]
transform = Transform( 1, -1.11759e-08, 0, 1.49012e-08, 1, 5.96046e-08, 0, -7.45058e-09, 1, -0.170746, 0.101227, 0.113892 )

[node name="random_ammo_pickup3" parent="area_old_village/crate1" instance=ExtResource( 13 )]
transform = Transform( 1, -1.11759e-08, 2.98023e-08, 1.49012e-08, 1, 6.33299e-08, 0, -7.45058e-09, 1, 0.0619202, 0.101257, -0.377777 )

[node name="crawly" parent="area_old_village" instance=ExtResource( 20 )]
transform = Transform( -0.215552, -0.0978853, -0.971574, 0, 0.994963, -0.100242, 0.976492, -0.0216074, -0.214467, -44.439, 1.1886, -71.9575 )
reset_on_player_death = true

[node name="crawly2" parent="area_old_village" instance=ExtResource( 20 )]
transform = Transform( -0.98821, -0.0301736, 0.150102, -0.0472132, 0.992666, -0.111286, -0.145643, -0.117061, -0.982387, -19.0621, -2.10654, 26.5743 )
reset_on_player_death = true
cloaked = true
run_speed = 10.0

[node name="rock_collapsible" parent="area_old_village" instance=ExtResource( 19 )]
transform = Transform( -0.258819, 0, 0.965926, 0, 1, 0, -0.965926, 0, -0.258819, -29.9409, 25.1097, 64.1279 )

[node name="juniper_small" parent="area_old_village" instance=ExtResource( 17 )]
transform = Transform( 1, 0, 0, 0, 1, 0, 0, 0, 1, -19.6014, 8.81067, 66.6266 )

[node name="juniper_small2" parent="area_old_village" instance=ExtResource( 17 )]
transform = Transform( -0.891793, 0, 0.452444, 0, 1, 0, -0.452444, 0, -0.891793, -17.9433, 8.18457, 65.2511 )

[node name="cactus_round" parent="area_old_village" instance=ExtResource( 16 )]
transform = Transform( 1, 0, 0, 0, 1, 0, 0, 0, 1, -54.0748, -2.5517, 25.8137 )

[node name="cactus_round2" parent="area_old_village" instance=ExtResource( 16 )]
transform = Transform( 1, 0, 0, 0, 1, 0, 0, 0, 1, -56.0118, -3.0043, 24.0398 )

[node name="cactus_round3" parent="area_old_village" instance=ExtResource( 16 )]
transform = Transform( 1, 0, 0, 0, 1, 0, 0, 0, 1, -55.7986, -2.36365, 27.2478 )

[node name="cactus_round_flower" parent="area_old_village" instance=ExtResource( 18 )]
transform = Transform( 1, 0, 0, 0, 1, 0, 0, 0, 1, -54.3846, -2.79346, 24.6663 )

[node name="cactus_round_flower2" parent="area_old_village" instance=ExtResource( 18 )]
transform = Transform( 1, 0, 0, 0, 1, 0, 0, 0, 1, -56.6068, -2.75717, 25.4641 )

[node name="cactus_round_flower3" parent="area_old_village" instance=ExtResource( 18 )]
transform = Transform( 1, 0, 0, 0, 1, 0, 0, 0, 1, -54.3143, -2.17377, 27.8068 )

[node name="tree1" parent="area_old_village" instance=ExtResource( 15 )]
transform = Transform( 1, 0, 0, 0, 1, 0, 0, 0, 1, -38.1635, 31.1463, 81.6231 )

[node name="scrap3" parent="area_old_village" instance=ExtResource( 24 )]
transform = Transform( 0.977821, -0.209442, 3.64267e-09, 0.202087, 0.943485, 0.262673, -0.0550148, -0.256848, 0.964885, 6.04105, -0.648529, 18.5101 )

[node name="scrap2" parent="area_old_village/scrap3" instance=ExtResource( 21 )]
transform = Transform( 0.0116479, -0.153726, -0.988045, 0.997142, 0.0755534, 3.72529e-08, 0.0746502, -0.985221, 0.154167, -4.26883, 1.75958, -5.14813 )

[node name="scrap4" parent="area_old_village/scrap3" instance=ExtResource( 21 )]
transform = Transform( 0.847026, 0.531551, -5.80492e-16, -0.531551, 0.847026, -1.49012e-08, -7.92073e-09, 1.26217e-08, 1, 15.6107, 3.68262, 6.93852 )

[node name="garden_empty" parent="area_old_village" instance=ExtResource( 26 )]
transform = Transform( 0.294497, 0.0501245, 0.954337, -0.167791, 0.985823, 0, -0.940807, -0.160129, 0.298732, -27.561, -2.62506, 12.1639 )

[node name="wall2" parent="area_old_village" instance=ExtResource( 22 )]
transform = Transform( 0.948053, 0, -0.318112, 0, 1, 0, 0.318112, 0, 0.948053, -19.8339, -2.54907, 13.5284 )

[node name="wall2" parent="area_old_village/wall2" instance=ExtResource( 22 )]
transform = Transform( 0.948053, 0, 0.318112, 0, 1, 0, -0.318112, 0, 0.948053, 5.37363, -0.675842, 23.326 )

[node name="pillar" parent="area_old_village" instance=ExtResource( 23 )]
transform = Transform( 1, 0, 0, 0, 1, 0, 0, 0, 1, 9.08063, -2.06931, -4.75128 )

[node name="pillar2" parent="area_old_village" instance=ExtResource( 23 )]
transform = Transform( 0.947821, -0.318804, -7.38087e-10, 0.0043821, 0.0130282, 0.999905, -0.318774, -0.947731, 0.0137454, -55.7251, -2.06931, 38.5623 )

[node name="ruin1" parent="area_old_village" instance=ExtResource( 25 )]
transform = Transform( -0.631283, 0, 0.775552, 0, 1, 0, -0.775552, 0, -0.631283, -76.5266, -9.30637, -11.259 )

[node name="ruin2" parent="area_old_village" instance=ExtResource( 25 )]
transform = Transform( 0.0261705, 0.173812, -0.984431, 0.139044, 0.974563, 0.175766, 0.98994, -0.141479, 0.0013372, -42.2175, -6.59918, -23.215 )

[node name="rock2" parent="area_old_village" instance=ExtResource( 8 )]
transform = Transform( -0.00169062, 0.232927, -0.972493, -0.000404976, -0.972494, -0.232926, -0.999999, 4.6246e-08, 0.00173845, -38.4056, -1.52609, -2.77042 )

[node name="pickup_sketches" parent="area_old_village" instance=ExtResource( 2 )]
transform = Transform( 1, 0, 0, 0, 1, 0, 0, 0, 1, -5.88187, 13.4625, -11.5437 )
item_id = "mum_sketches"
friendly_name = "mum/info"
custom_sound = ExtResource( 37 )

[node name="MeshInstance" type="MeshInstance" parent="area_old_village/pickup_sketches"]
transform = Transform( 0.999855, 3.70164e-10, -0.0170474, 0.0170474, -4.34215e-08, 0.999855, -3.70164e-10, -1, -4.34215e-08, 0, 0.00088501, 0 )
mesh = SubResource( 2 )
material/0 = SubResource( 3 )

[node name="gunner5" parent="area_old_village" instance=ExtResource( 54 )]
transform = Transform( 1, 0, 0, 0, 1, 0, 0, 0, 1, 19.7615, 30.8945, -58.5941 )

[node name="rock11" parent="." instance=ExtResource( 11 )]
transform = Transform( 0.962693, -0.246656, 0.111276, 0.270595, 0.877526, -0.395886, 0, 0.411228, 0.911533, 201.69, 399.261, -101.288 )

[node name="rock12" parent="." instance=ExtResource( 8 )]
transform = Transform( 0.450508, 0.813794, -0.367127, -0.403881, -0.18096, -0.896735, -0.796193, 0.552262, 0.247151, 211.75, 403.147, -117.323 )

[node name="rock13" parent="." instance=ExtResource( 14 )]
transform = Transform( -0.669112, 0.526218, 0.52477, -0.618176, -0.78604, 0, 0.41249, -0.3244, 0.851244, 237.815, 391.891, -76.4422 )

[node name="rock14" parent="." instance=ExtResource( 11 )]
transform = Transform( 0.944681, 0.0898869, 0.315434, 0.0852596, -0.995952, 0.0284687, 0.316716, 0, -0.94852, 252.229, 416.7, -109.683 )

[node name="death_plane" parent="." instance=ExtResource( 4 )]
transform = Transform( 24.6384, -23.9397, -3.14189e-08, 0, -1.45585e-06, 1, -25.4727, -23.1555, -3.03898e-08, -39.3099, 330.383, -43.0729 )
material/0 = SubResource( 1 )

[node name="death_plane2" parent="." instance=ExtResource( 4 )]
transform = Transform( 24.6384, -23.9397, -3.14189e-08, 0, -1.45585e-06, 1, -25.4727, -23.1555, -3.03898e-08, -39.3099, 319.114, -43.0729 )
material/0 = SubResource( 1 )

[node name="wall1" parent="." instance=ExtResource( 22 )]
transform = Transform( 0.951524, 0.13139, -0.278099, 0, 0.904166, 0.427181, 0.307575, -0.406473, 0.860335, 285.464, 420.538, 1.94297 )
