[gd_scene load_steps=98 format=2]

[ext_resource path="res://areas/chunk_content.gd" type="Script" id=1]
[ext_resource path="res://items/usable/lantern.tscn" type="PackedScene" id=2]
[ext_resource path="res://items/item_pickup.tscn" type="PackedScene" id=3]
[ext_resource path="res://entities/env/stone/rock2.tscn" type="PackedScene" id=4]
[ext_resource path="res://items/bug_pickup.tscn" type="PackedScene" id=5]
[ext_resource path="res://entities/env/stone/rock_kinematic.tscn" type="PackedScene" id=6]
[ext_resource path="res://entities/env/stone/rock5.tscn" type="PackedScene" id=7]
[ext_resource path="res://entities/env/stone/rock_collapsible.tscn" type="PackedScene" id=8]
[ext_resource path="res://management/environment_override.gd" type="Script" id=9]
[ext_resource path="res://entities/env/stone/rock1.tscn" type="PackedScene" id=10]
[ext_resource path="res://entities/enemies/crawly.tscn" type="PackedScene" id=11]
[ext_resource path="res://material/env/water.shader" type="Shader" id=12]
[ext_resource path="res://entities/env/stone/rock4.tscn" type="PackedScene" id=13]
[ext_resource path="res://material/env/wave_noise.png" type="Texture" id=14]
[ext_resource path="res://entities/env/copper/basin.tscn" type="PackedScene" id=15]
[ext_resource path="res://entities/env/copper/palace2.tscn" type="PackedScene" id=16]
[ext_resource path="res://entities/env/copper/drill2.tscn" type="PackedScene" id=17]
[ext_resource path="res://entities/env/copper/tower.tscn" type="PackedScene" id=18]
[ext_resource path="res://entities/env/copper/scrap_pile1.tscn" type="PackedScene" id=19]
[ext_resource path="res://entities/env/copper/scrap_pile2.tscn" type="PackedScene" id=20]
[ext_resource path="res://entities/env/copper/scrap4.tscn" type="PackedScene" id=21]
[ext_resource path="res://entities/env/copper/mine_shack.tscn" type="PackedScene" id=22]
[ext_resource path="res://entities/env/stone/rock3.tscn" type="PackedScene" id=23]
[ext_resource path="res://entities/env/copper/scrap2.tscn" type="PackedScene" id=24]
[ext_resource path="res://items/upgrades/stamina_up_pickup.tscn" type="PackedScene" id=25]
[ext_resource path="res://entities/env/copper/rail_cart.tscn" type="PackedScene" id=26]
[ext_resource path="res://entities/env/copper/scrap_pile4.tscn" type="PackedScene" id=27]
[ext_resource path="res://items/gem_pickup.tscn" type="PackedScene" id=28]
[ext_resource path="res://entities/npc/npc.tscn" type="PackedScene" id=29]
[ext_resource path="res://dialog/side_content/arena/lia.dialog" type="Resource" id=30]
[ext_resource path="res://entities/visual/distance_visible.gd" type="Script" id=31]
[ext_resource path="res://games/arena.gd" type="Script" id=32]
[ext_resource path="res://dialog/side_content/arena/jericho.dialog" type="Resource" id=33]
[ext_resource path="res://entities/env/copper/scrap3.tscn" type="PackedScene" id=34]
[ext_resource path="res://games/arena_scenario.gd" type="Script" id=35]
[ext_resource path="res://games/arena/deathgnats.scenario" type="Resource" id=36]
[ext_resource path="res://games/arena/crawlies.scenario" type="Resource" id=37]
[ext_resource path="res://material/env/copper/copper_corroded1.png" type="Texture" id=38]
[ext_resource path="res://material/triplanar.shader" type="Shader" id=39]
[ext_resource path="res://_glb/chunks/chunk-cave137.glb" type="PackedScene" id=40]
[ext_resource path="res://games/arena/basic_mix.scenario" type="Resource" id=41]
[ext_resource path="res://entities/env/copper/scrap1.tscn" type="PackedScene" id=42]
[ext_resource path="res://entities/env/copper/palace_roof1.tscn" type="PackedScene" id=43]
[ext_resource path="res://games/arena/flooded_basic.scenario" type="Resource" id=44]
[ext_resource path="res://material/env/copper/copper_local_coords.tres" type="Material" id=45]
[ext_resource path="res://entities/control/door.gd" type="Script" id=46]
[ext_resource path="res://material/env/metal/chainlink1.png" type="Texture" id=47]
[ext_resource path="res://material/env/transparent.shader" type="Shader" id=48]
[ext_resource path="res://material/env/copper/copper_corroded.material" type="Material" id=49]
[ext_resource path="res://material/env/foundry/metal_generic.png" type="Texture" id=50]
[ext_resource path="res://material/triplanar_local_coords.shader" type="Shader" id=51]
[ext_resource path="res://entities/env/electrical/light_wall.tscn" type="PackedScene" id=52]
[ext_resource path="res://entities/enemies/deathgnat.tscn" type="PackedScene" id=53]
[ext_resource path="res://ui/diagetic/dialog_circle.tscn" type="PackedScene" id=54]
[ext_resource path="res://entities/dialog_trigger.gd" type="Script" id=55]
[ext_resource path="res://material/env/ancient/white_metal.material" type="Material" id=56]
[ext_resource path="res://material/env/ancient/white_metal_interior.material" type="Material" id=57]
[ext_resource path="res://material/env/ancient/spooky_gem.material" type="Material" id=58]
[ext_resource path="res://dialog/side_content/arena/evil_podium.dialog" type="Resource" id=59]
[ext_resource path="res://ui/items/vis/skull_tablet.tscn" type="PackedScene" id=60]
[ext_resource path="res://entities/control/spawner.gd" type="Script" id=61]
[ext_resource path="res://entities/control/conditional.gd" type="Script" id=62]
[ext_resource path="res://entities/env/copper/copper_fountain.tscn" type="PackedScene" id=63]

[sub_resource type="CapsuleShape" id=1]
radius = 65.8805
height = 66.484

[sub_resource type="CapsuleShape" id=2]
radius = 36.2189
height = 124.707

[sub_resource type="CapsuleShape" id=3]
radius = 26.2645
height = 22.9682

[sub_resource type="CapsuleShape" id=4]
radius = 27.4708
height = 88.034

[sub_resource type="CapsuleShape" id=5]
radius = 21.7112
height = 56.5746

[sub_resource type="CapsuleShape" id=6]
radius = 34.8033
height = 108.758

[sub_resource type="CapsuleShape" id=7]
radius = 15.6894
height = 108.758

[sub_resource type="BoxShape" id=8]
extents = Vector3( 9.84097, 8.55036, 15.1558 )

[sub_resource type="CylinderShape" id=12]
height = 236.481
radius = 88.7207

[sub_resource type="BoxShape" id=14]
extents = Vector3( 37.6534, 20.2968, 99.2074 )

[sub_resource type="CylinderShape" id=15]
height = 91.2403
radius = 49.4206

[sub_resource type="CapsuleShape" id=18]
radius = 3.10328
height = 37.1136

[sub_resource type="CapsuleShape" id=19]
radius = 4.87326
height = 39.5406

[sub_resource type="BoxShape" id=17]
extents = Vector3( 3.26146, 3.18396, 10.2579 )

[sub_resource type="BoxShape" id=20]
extents = Vector3( 7.47879, 6.12893, 24.7253 )

[sub_resource type="BoxShape" id=24]
extents = Vector3( 12.2412, 7.64039, 17.0837 )

[sub_resource type="ConvexPolygonShape" id=275]
points = PoolVector3Array( -49.9825, -210.066, -284.34, -50.0505, -209.79, -284.63, 49.9598, -210.066, -284.34, -77.8538, -210.066, -269.532, -77.4456, -209.79, -270.082, 50.0278, -209.79, -284.63, -50.0505, 46.5999, -284.63, 77.4229, -209.79, -270.082, 77.8311, -210.066, -269.532, -100.827, -210.066, -244.841, -100.985, -209.79, -244.754, -77.4456, 46.5999, -270.082, 50.0278, 46.5999, -284.63, -49.9825, 46.9017, -284.34, 77.4229, 46.5999, -270.082, 100.963, -209.79, -244.754, 100.804, -210.066, -244.841, -101.212, -209.79, -244.232, -115.545, -210.066, -73.9475, -100.985, 46.5999, -244.754, -100.827, 46.9017, -244.841, -77.8538, 46.9017, -269.532, 49.9598, 46.9017, -284.34, 77.8311, 46.9017, -269.532, 100.804, 46.9017, -244.841, 100.963, 46.5999, -244.754, 101.19, -209.79, -244.232, 115.522, -210.066, -73.9475, -115.84, -209.79, -74.3822, -101.212, 46.5999, -244.232, -75.6314, -210.066, -12.8872, -75.8355, -209.79, -12.8293, -115.703, -209.79, -73.8316, -115.545, 46.9017, -73.9475, 115.522, 46.9017, -73.9475, 101.19, 46.5999, -244.232, 115.84, -1.01566, -74.3822, 115.817, -209.79, -74.3822, 115.681, -209.79, -73.8316, 75.8128, -209.79, -12.8293, 75.6087, -210.066, -12.8872, -115.84, 46.5999, -74.3822, -75.3819, -209.79, -12.4815, -44.4944, -210.066, -2.39655, -44.517, -209.79, -2.07776, -75.8355, 46.5999, -12.8293, -115.703, 46.5999, -73.8316, -75.6314, 46.9017, -12.8872, 75.6087, 46.9017, -12.8872, 75.8128, 46.5999, -12.8293, 115.681, 46.5999, -73.8316, 115.817, 46.5999, -74.3822, 115.84, 0.996613, -74.3822, 75.3592, -209.79, -12.4815, 44.4944, -209.79, -2.07776, 44.4717, -210.066, -2.39655, -75.3819, 46.5999, -12.4815, -11.1349, -0.713821, 11.4268, -44.517, 46.5999, -2.07776, -44.4944, 46.9017, -2.39655, 75.3592, 46.5999, -12.4815, 44.4717, 46.9017, -2.39655, 44.4944, 46.5999, -2.07776, 11.1123, -0.713821, 11.4268, -11.1349, 0.694778, 11.4268, 11.1123, 0.694778, 11.4268 )

[sub_resource type="SphereShape" id=276]
radius = 68.2188

[sub_resource type="BoxShape" id=25]
extents = Vector3( 45, 24, 56 )

[sub_resource type="BoxShape" id=9]
extents = Vector3( 57, 12, 56 )

[sub_resource type="QuadMesh" id=10]

[sub_resource type="ShaderMaterial" id=11]
shader = ExtResource( 12 )
shader_param/surface_albedo = Color( 0.862745, 0.909804, 0.929412, 1 )
shader_param/deep_albedo = null
shader_param/max_depth = 10.0
shader_param/foam_color = Color( 0.701961, 0.705882, 0.701961, 0.654902 )
shader_param/refraction = 0.004
shader_param/foam_distance = 2.764
shader_param/foam_noise_scale = 0.632
shader_param/foam_noise_scale2 = 0.176
shader_param/foam_noise = ExtResource( 14 )

[sub_resource type="Animation" id=26]
resource_name = "Activate"
length = 2.0
tracks/0/type = "value"
tracks/0/path = NodePath("arena_entry/door2-kine:translation")
tracks/0/interp = 1
tracks/0/loop_wrap = true
tracks/0/imported = false
tracks/0/enabled = true
tracks/0/keys = {
"times": PoolRealArray( 0, 1.3 ),
"transitions": PoolRealArray( 1, 1 ),
"update": 0,
"values": [ Vector3( 6.53745, 2.28817, -0.57513 ), Vector3( 6.96489, 2.28817, 0.694336 ) ]
}
tracks/1/type = "value"
tracks/1/path = NodePath("arena_entry/door1-kine:translation")
tracks/1/interp = 1
tracks/1/loop_wrap = true
tracks/1/imported = false
tracks/1/enabled = true
tracks/1/keys = {
"times": PoolRealArray( 0, 1.8 ),
"transitions": PoolRealArray( 1, 1 ),
"update": 0,
"values": [ Vector3( 5.88358, 2.28817, -2.51711 ), Vector3( 5.77991, 2.28817, -2.82503 ) ]
}
tracks/2/type = "value"
tracks/2/path = NodePath("arena_entry/door1-kine:rotation_degrees")
tracks/2/interp = 1
tracks/2/loop_wrap = true
tracks/2/imported = false
tracks/2/enabled = true
tracks/2/keys = {
"times": PoolRealArray( 0, 1, 1.7 ),
"transitions": PoolRealArray( 1, 1, 1 ),
"update": 0,
"values": [ Vector3( 0, 18.6086, 0 ), Vector3( 0, 18.6086, 0 ), Vector3( 3.81746, 18.6086, 0 ) ]
}

[sub_resource type="Animation" id=27]
length = 0.001
tracks/0/type = "value"
tracks/0/path = NodePath("arena_entry/door2-kine:translation")
tracks/0/interp = 1
tracks/0/loop_wrap = true
tracks/0/imported = false
tracks/0/enabled = true
tracks/0/keys = {
"times": PoolRealArray( 0 ),
"transitions": PoolRealArray( 1 ),
"update": 0,
"values": [ Vector3( 6.53745, 2.28817, -0.57513 ) ]
}
tracks/1/type = "value"
tracks/1/path = NodePath("arena_entry/door1-kine:translation")
tracks/1/interp = 1
tracks/1/loop_wrap = true
tracks/1/imported = false
tracks/1/enabled = true
tracks/1/keys = {
"times": PoolRealArray( 0 ),
"transitions": PoolRealArray( 1 ),
"update": 0,
"values": [ Vector3( 5.88358, 2.28817, -2.51711 ) ]
}
tracks/2/type = "value"
tracks/2/path = NodePath("arena_entry/door1-kine:rotation_degrees")
tracks/2/interp = 1
tracks/2/loop_wrap = true
tracks/2/imported = false
tracks/2/enabled = true
tracks/2/keys = {
"times": PoolRealArray( 0 ),
"transitions": PoolRealArray( 1 ),
"update": 0,
"values": [ Vector3( 0, 18.6086, 0 ) ]
}

[sub_resource type="Animation" id=272]
resource_name = "Activate"
length = 3.0
step = 0.05
tracks/0/type = "value"
tracks/0/path = NodePath("../pen_doors/door-kine:translation")
tracks/0/interp = 1
tracks/0/loop_wrap = true
tracks/0/imported = false
tracks/0/enabled = true
tracks/0/keys = {
"times": PoolRealArray( 0, 1, 1.1, 1.2, 1.4, 2.85, 3 ),
"transitions": PoolRealArray( 2.54912, 1, 1, 1, 2.54912, 0.225313, 1 ),
"update": 0,
"values": [ Vector3( 0.130199, 0, -0.0116382 ), Vector3( 0.128649, 0, 0.749084 ), Vector3( 0.128618, 0, 0.764679 ), Vector3( 0.128662, 0, 0.744003 ), Vector3( 0.128649, 0, 0.749084 ), Vector3( -4.62425, 0, 0.73941 ), Vector3( -4.58203, 0, 0.739502 ) ]
}

[sub_resource type="Animation" id=273]
length = 0.001
tracks/0/type = "value"
tracks/0/path = NodePath("../pen_doors/door-kine:translation")
tracks/0/interp = 1
tracks/0/loop_wrap = true
tracks/0/imported = false
tracks/0/enabled = true
tracks/0/keys = {
"times": PoolRealArray( 0 ),
"transitions": PoolRealArray( 1 ),
"update": 0,
"values": [ Vector3( 0.130199, 0, -0.0116382 ) ]
}

[sub_resource type="QuadMesh" id=21]

[sub_resource type="ShaderMaterial" id=22]
shader = ExtResource( 12 )
shader_param/surface_albedo = Color( 1, 0.8, 0.8, 1 )
shader_param/deep_albedo = Color( 0.113725, 0.00392157, 0.00392157, 1 )
shader_param/max_depth = 1.5
shader_param/foam_color = Color( 0.529412, 0.466667, 0.466667, 0.560784 )
shader_param/refraction = 0.004
shader_param/foam_distance = 0.5
shader_param/foam_noise_scale = 1.0
shader_param/foam_noise_scale2 = 0.2
shader_param/foam_noise = ExtResource( 14 )

[sub_resource type="BoxShape" id=23]
extents = Vector3( 58.7561, 10, 41.9473 )

[sub_resource type="ShaderMaterial" id=13]
shader = ExtResource( 39 )
shader_param/wall_scale = 0.3
shader_param/ground_scale = 0.3
shader_param/power = 5.0
shader_param/softness = 0.5
shader_param/specularity_ground = 1.0
shader_param/specularity_wall = 1.0
shader_param/specularity_ceiling = 1.0
shader_param/light_bias = 0.0
shader_param/shadow_normal_offset = 0.2
shader_param/albedo = Color( 1, 1, 1, 1 )
shader_param/wall = ExtResource( 38 )
shader_param/ground = ExtResource( 38 )
shader_param/ceiling = ExtResource( 38 )

[sub_resource type="ShaderMaterial" id=270]
shader = ExtResource( 48 )
shader_param/subsurface_scattering = -1.0
shader_param/softness = 1.0
shader_param/specularity = 5.0
shader_param/alpha_clip = 0.502
shader_param/main_texture = ExtResource( 47 )

[sub_resource type="ShaderMaterial" id=271]
shader = ExtResource( 51 )
shader_param/uv_scale = 1.0
shader_param/power = 5.0
shader_param/softness = 0.5
shader_param/specularity = 4.0
shader_param/light_bias = 0.0
shader_param/wall = ExtResource( 50 )
shader_param/ground = ExtResource( 50 )
shader_param/ceiling = ExtResource( 50 )

[sub_resource type="BoxShape" id=274]

[sub_resource type="SphereShape" id=277]

[node name="chunk-cave137" groups=["navmesh"] instance=ExtResource( 40 )]
script = ExtResource( 1 )

[node name="env" type="Area" parent="active_entities" index="0"]
visible = false
collision_layer = 0
collision_mask = 2
script = ExtResource( 9 )
wind_reduction_db = 29.0059
custom_fog = Color( 0.117647, 0.160784, 0.141176, 1 )
fog_start = 0.0
fog_end = 400.0
show_sun = false

[node name="refl_int1" type="ReflectionProbe" parent="active_entities/env" index="0"]
transform = Transform( 0.822307, -0.504795, 0.262667, 0.552183, 0.81938, -0.153979, -0.137496, 0.271658, 0.952521, 5.59735, -25.8021, 19.4828 )
intensity = 0.49
max_distance = 147.5
extents = Vector3( 53.5005, 60.9512, 67.009 )
origin_offset = Vector3( 0, 0.0195312, 0 )
cull_mask = 950271
interior_enable = true
interior_ambient_color = Color( 0.192157, 0.164706, 0.247059, 1 )

[node name="refl_int4" type="ReflectionProbe" parent="active_entities/env" index="1"]
transform = Transform( 0.944196, 0, 0.329385, 0, 1, 0, -0.329385, 0, 0.944196, 31.3773, -77.1429, 92.946 )
extents = Vector3( 49.0289, 82.9624, 49.7996 )
origin_offset = Vector3( -4.10205, 0, 18.6777 )
cull_mask = 1015807
interior_enable = true
interior_ambient_color = Color( 0.192157, 0.164706, 0.247059, 1 )

[node name="refl_int6" type="ReflectionProbe" parent="active_entities/env" index="2"]
transform = Transform( 0.954272, -0.0713639, -0.290297, 0.0566178, 0.996657, -0.0588934, 0.293529, 0.0397643, 0.955123, 75.4119, -100.936, -86.736 )
intensity = 0.5
extents = Vector3( 26.0348, 73.1413, 55.4369 )
origin_offset = Vector3( 11.9512, 24.2891, 26.8789 )
cull_mask = 1015807
interior_enable = true
interior_ambient_color = Color( 0.239216, 0.2, 0.27451, 1 )

[node name="refl_int9" type="ReflectionProbe" parent="active_entities/env" index="3"]
transform = Transform( 0.899557, 0.25776, 0.352643, -0.287451, 0.957206, 0.0336022, -0.328891, -0.131595, 0.935154, 34.9878, -3.24703, -96.5794 )
intensity = 0.5
extents = Vector3( 56.596, 37.4013, 65.9252 )
origin_offset = Vector3( -8.22656, 33.4043, 10.5176 )
cull_mask = 1015807
interior_enable = true
interior_ambient_color = Color( 0.423529, 0.376471, 0.309804, 1 )

[node name="refl_int7" type="ReflectionProbe" parent="active_entities/env" index="4"]
transform = Transform( 0.629008, -0.155616, -0.761665, 0.241885, 0.970304, 0.00151391, 0.73881, -0.185187, 0.64797, 101.458, -162.003, -18.6127 )
intensity = 0.47
extents = Vector3( 199.732, 45.7425, 66.2394 )
origin_offset = Vector3( -52.9185, -20.6323, -7.22217 )
cull_mask = 1015807
interior_enable = true
interior_ambient_color = Color( 0.129412, 0.0666667, 0.141176, 1 )

[node name="refl_int8" type="ReflectionProbe" parent="active_entities/env" index="5"]
transform = Transform( 0.611678, 0.154716, -0.775831, -0.328298, 0.941902, -0.0710017, 0.719771, 0.298134, 0.626933, 188.141, -41.1693, 17.7706 )
intensity = 0.43
extents = Vector3( 106.915, 21.2608, 39.3737 )
origin_offset = Vector3( -46.5708, -20.6323, 14.7949 )
cull_mask = 1015807
interior_enable = true
interior_ambient_color = Color( 0.129412, 0.0666667, 0.141176, 1 )

[node name="CollisionShape" type="CollisionShape" parent="active_entities/env" index="6"]
transform = Transform( 0.972382, -0.03612, 0.230585, 0.0513497, 0.996853, -0.0603906, -0.227678, 0.0705632, 0.971176, 5.13744, -21.857, 18.2965 )
shape = SubResource( 1 )

[node name="CollisionShape6" type="CollisionShape" parent="active_entities/env" index="7"]
transform = Transform( 0.998236, 0.0397944, 0.0440527, -0.0200916, 0.924738, -0.380074, -0.055862, 0.378518, 0.923906, -12.3091, 40.8673, -102.859 )
shape = SubResource( 2 )

[node name="CollisionShape7" type="CollisionShape" parent="active_entities/env" index="8"]
transform = Transform( 0.274864, 0.300797, -0.91322, -0.413373, 0.894511, 0.170216, 0.868086, 0.330714, 0.37021, -33.7601, 76.4844, -149.588 )
shape = SubResource( 3 )

[node name="CollisionShape2" type="CollisionShape" parent="active_entities/env" index="9"]
transform = Transform( 0.990806, 0.120127, 0.0622406, 0.0449335, 0.141752, -0.988882, -0.127614, 0.982586, 0.135051, 36.3139, -73.6914, 116.354 )
shape = SubResource( 4 )

[node name="CollisionShape3" type="CollisionShape" parent="active_entities/env" index="10"]
transform = Transform( 0.653811, -0.0586592, -0.75438, -0.0373405, -0.998277, 0.0452617, -0.755735, -0.00142368, -0.654875, 67.2162, -136.569, 148.934 )
shape = SubResource( 5 )

[node name="CollisionShape4" type="CollisionShape" parent="active_entities/env" index="11"]
transform = Transform( 0.738784, 0.000164311, 0.673942, -0.0493161, -0.997306, 0.0543041, 0.672135, -0.0733552, -0.736786, 76.6391, -64.7935, 55.8126 )
shape = SubResource( 6 )

[node name="CollisionShape5" type="CollisionShape" parent="active_entities/env" index="12"]
transform = Transform( 0.733132, -0.0830183, 0.675, -0.346532, -0.899611, 0.265733, 0.585177, -0.428727, -0.688303, 170.391, -60.6691, -45.6729 )
shape = SubResource( 7 )

[node name="CollisionShape8" type="CollisionShape" parent="active_entities/env" index="13"]
transform = Transform( 0.675684, 0.737191, -2.88046e-09, 0.014063, -0.0128897, -0.999818, -0.737057, 0.675561, -0.0190765, 148.447, -47.7577, -14.2661 )
shape = SubResource( 8 )

[node name="OmniLight" type="OmniLight" parent="active_entities/env" index="14"]
transform = Transform( 1, 0, 0, 0, 1, 0, 0, 0, 1, -0.373116, 35.4435, 32.7917 )
light_color = Color( 0.388235, 0.458824, 0.368627, 1 )
omni_range = 98.733

[node name="OmniLight4" type="OmniLight" parent="active_entities/env" index="15"]
transform = Transform( 1, 0, 0, 0, 1, 0, 0, 0, 1, 48.945, -16.3331, 127.862 )
light_color = Color( 0.305882, 0.34902, 0.380392, 1 )
omni_range = 104.987
omni_attenuation = 0.517632

[node name="OmniLight5" type="OmniLight" parent="active_entities/env" index="16"]
transform = Transform( 1, 0, 0, 0, 1, 0, 0, 0, 1, 2.10382, -63.1931, 93.0691 )
light_color = Color( 0.345098, 0.305882, 0.380392, 1 )
omni_range = 104.987
omni_attenuation = 0.217638

[node name="OmniLight2" type="OmniLight" parent="active_entities/env" index="17"]
transform = Transform( 1, 0, 0, 0, 1, 0, 0, 0, 1, 40.285, -54.1613, 102.151 )
light_color = Color( 0.192157, 0.2, 0.211765, 1 )
omni_range = 98.733

[node name="OmniLight3" type="OmniLight" parent="active_entities/env" index="18"]
transform = Transform( 1, 0, 0, 0, 1, 0, 0, 0, 1, 102.231, -36.4009, 35.2735 )
light_color = Color( 0.192157, 0.2, 0.211765, 1 )
omni_range = 98.733

[node name="SpotLight" type="SpotLight" parent="active_entities/env" index="19"]
transform = Transform( 0.941814, -0.0276311, -0.334996, 0.0877719, -0.941823, 0.324447, -0.324471, -0.334972, -0.884597, -43.8386, 73.7736, -160.219 )
light_color = Color( 0.352941, 0.282353, 0.227451, 1 )
spot_range = 265.14
spot_attenuation = 0.225313
spot_angle = 14.6458

[node name="OmniLight" type="OmniLight" parent="active_entities/env/SpotLight" index="0"]
transform = Transform( 1, -7.45058e-09, 1.49012e-07, 4.47035e-08, 1, 2.98023e-08, -1.49012e-07, 0, 1, -1.3727, -2.4866, -9.39908 )
light_color = Color( 0.466667, 0.352941, 0.266667, 1 )
omni_range = 30.1935
script = ExtResource( 31 )
distance = 80.0

[node name="OmniLight9" type="OmniLight" parent="active_entities/env" index="20"]
transform = Transform( 1, 0, 0, 0, 1, 0, 0, 0, 1, 76.6073, -165.933, -65.8855 )
light_color = Color( 1, 0.580392, 0.807843, 1 )
light_energy = 0.186
omni_range = 44.8053
script = ExtResource( 31 )
distance = 100.0

[node name="OmniLight10" type="OmniLight" parent="active_entities/env" index="21"]
transform = Transform( 1, 0, 0, 0, 1, 0, 0, 0, 1, 178.237, -126.786, 107.275 )
light_color = Color( 1, 0.580392, 0.807843, 1 )
light_energy = 0.186
omni_range = 74.7783
script = ExtResource( 31 )
distance = 100.0

[node name="OmniLight11" type="OmniLight" parent="active_entities/env" index="22"]
transform = Transform( 1, 0, 0, 0, 1, 0, 0, 0, 1, 194.722, -44.0466, 31.2182 )
light_color = Color( 1, 0.580392, 0.807843, 1 )
light_energy = 0.186
omni_range = 48.6852
script = ExtResource( 31 )
distance = 100.0

[node name="CollisionShape9" type="CollisionShape" parent="active_entities/env" index="23"]
transform = Transform( 1, 0, 0, 0, 1, 0, 0, 0, 1, 27.6003, -88.8134, -82.3415 )
shape = SubResource( 12 )

[node name="OmniLight8" type="OmniLight" parent="active_entities/env" index="24"]
transform = Transform( 1, 0, 0, 0, 1, 0, 0, 0, 1, 2.24021, 24.7438, -52.7319 )
light_color = Color( 0.858824, 0.890196, 0.643137, 1 )
light_energy = 0.556
omni_range = 12.1214
omni_attenuation = 1.8025

[node name="CollisionShape10" type="CollisionShape" parent="active_entities/env" index="25"]
transform = Transform( 0.811461, -0.159055, 0.562345, 0.0341004, 0.973498, 0.22614, -0.583411, -0.164328, 0.795379, 126.568, -168.792, 52.5881 )
shape = SubResource( 14 )

[node name="CollisionShape11" type="CollisionShape" parent="active_entities/env" index="26"]
transform = Transform( -1, 8.74228e-08, -8.74228e-08, 8.74228e-08, 1, -1.50996e-07, 8.74228e-08, -1.50996e-07, -1, 197.635, -111.77, 74.7386 )
shape = SubResource( 15 )

[node name="CollisionShape12" type="CollisionShape" parent="active_entities/env" index="27"]
transform = Transform( 0.608422, 0.219205, 0.76274, 0.0263443, 0.954989, -0.29547, -0.793177, 0.199864, 0.575261, 205.819, -32.4334, 17.2025 )
shape = SubResource( 18 )

[node name="CollisionShape15" type="CollisionShape" parent="active_entities/env" index="28"]
transform = Transform( 0.422441, -0.145986, 0.894557, 0.00323207, 0.98718, 0.159575, -0.906385, -0.0645196, 0.417497, 170.563, -30.8782, -2.94639 )
shape = SubResource( 19 )

[node name="light_wall" parent="active_entities/env" index="29" instance=ExtResource( 52 )]
transform = Transform( 0.963746, -0.266821, 4.48761e-10, 0.00723507, 0.0261327, -0.999632, 0.266723, 0.963392, 0.0271158, 29.7113, -23.67, -128.982 )

[node name="light_wall2" parent="active_entities/env" index="30" instance=ExtResource( 52 )]
transform = Transform( 0.970829, 0.239774, 1.04809e-08, 0, -4.37114e-08, 1, 0.239774, -0.970829, -4.24363e-08, 25.4158, -23.7868, -130.721 )

[node name="CollisionShape13" type="CollisionShape" parent="active_entities/env" index="31"]
transform = Transform( 0.831877, 0.282523, 0.477661, 0.029326, 0.837132, -0.546214, -0.554183, 0.468391, 0.688106, 225.169, -43.5466, 35.3616 )
shape = SubResource( 17 )

[node name="CollisionShape14" type="CollisionShape" parent="active_entities/env" index="32"]
transform = Transform( 0.918604, 0.282523, 0.27631, -0.0954565, 0.837132, -0.538607, -0.383477, 0.468391, 0.795961, 239.918, -63.3227, 61.8099 )
shape = SubResource( 20 )

[node name="CollisionShape16" type="CollisionShape" parent="active_entities/env" index="33"]
transform = Transform( 1, 0, 0, 0, 1, 0, 0, 0, 1, 21.1429, 27.8618, -122.108 )
shape = SubResource( 24 )

[node name="light_wall4" parent="active_entities/env" index="34" instance=ExtResource( 52 )]
transform = Transform( -5.46392e-08, -0.5, 0.866025, 1, -4.37114e-08, 3.78552e-08, 1.89276e-08, 0.866025, 0.5, 77.9184, -37.6771, -104.679 )
mesh_instance = NodePath("../light_wall/Sphere")

[node name="light_wall3" parent="active_entities/env" index="35" instance=ExtResource( 52 )]
transform = Transform( -4.37114e-08, -1, 0, 1, -4.37114e-08, 0, 0, 0, 1, 76.8963, -35.1631, -93.4014 )

[node name="light_wall5" parent="active_entities/env" index="36" instance=ExtResource( 52 )]
transform = Transform( 0.746221, -0.665699, -2.90986e-08, 0, -4.37114e-08, 1, -0.665699, -0.746221, -3.26183e-08, 76.4248, -37.894, -82.3622 )

[node name="OmniLight6" type="OmniLight" parent="active_entities/env" index="37"]
transform = Transform( 1, 0, 0, 0, 1, 0, 0, 0, 1, 72.8039, -30.4843, -96.9045 )
light_color = Color( 0.643137, 0.552941, 0.403922, 1 )
omni_range = 24.7973
script = ExtResource( 31 )
distance = 40.0

[node name="env_evil" type="Area" parent="active_entities" index="1"]
transform = Transform( 1, 0, 0, 0, 1, 0, 0, 0, 1, 81.7208, -196.732, -64.4167 )
visible = false
collision_layer = 0
collision_mask = 2
script = ExtResource( 9 )
override_priority = 2
wind_reduction_db = 80.0
custom_fog = Color( 1, 1, 1, 1 )
fog_start = 0.0
fog_end = 320.69
indirect_light = Color( 0.164706, 0.00784314, 0.00784314, 1 )
show_sun = false
visited_stat = "visited/hive137"

[node name="CollisionShape" type="CollisionShape" parent="active_entities/env_evil" index="0"]
transform = Transform( 0.887502, 0, -0.460805, 0, 1, 0, 0.460805, 0, 0.887502, 18.9472, 4.8741, -24.7178 )
shape = SubResource( 275 )

[node name="CollisionShape2" type="CollisionShape" parent="active_entities/env_evil" index="1"]
transform = Transform( 1, 0, 0, 0, 1, 0, 0, 0, 1, 0, 8.07314, 0 )
shape = SubResource( 276 )

[node name="ReflectionProbe" type="ReflectionProbe" parent="active_entities/env_evil" index="2"]
transform = Transform( 0.872094, 0, -0.489338, 0, 1, 0, 0.489338, 0, 0.872094, 80.3632, -72.3684, -155.382 )
intensity = 0.15
extents = Vector3( 147.172, 133.296, 182.024 )
origin_offset = Vector3( 2.23517e-10, 0, -2.23517e-10 )
interior_enable = true

[node name="reaction" type="Node" parent="active_entities/env_evil" index="3"]

[node name="reflections" type="Spatial" parent="active_entities" index="2"]

[node name="refl_ext" type="ReflectionProbe" parent="active_entities/reflections" index="0"]
transform = Transform( 0.825127, 0, -0.564948, 0, 1, 0, 0.564948, 0, 0.825127, 249.266, -36.7304, -87.3004 )
extents = Vector3( 39.0172, 14.2972, 22.857 )

[node name="refl_ext2" type="ReflectionProbe" parent="active_entities/reflections" index="1"]
transform = Transform( 0.825127, 0, -0.564948, 0, 1, 0, 0.564948, 0, 0.825127, 118.074, -135.052, 190.384 )
extents = Vector3( 17.181, 14.2972, 17.3023 )

[node name="refl_ext3" type="ReflectionProbe" parent="active_entities/reflections" index="2"]
transform = Transform( 0.463773, 0.188202, -0.865734, -0.0888709, 0.98213, 0.165897, 0.881486, -2.03595e-07, 0.472211, -73.1883, 95.9733, -129.724 )
extents = Vector3( 17.181, 14.2972, 34.9115 )
origin_offset = Vector3( 0, 0, 15.8887 )

[node name="refl_int5" type="ReflectionProbe" parent="active_entities/reflections" index="3"]
transform = Transform( 0.959691, 0.155207, 0.234314, -0.0606136, 0.928369, -0.366683, -0.274442, 0.3377, 0.900356, -19.1674, 51.766, -100.509 )
extents = Vector3( 47.938, 25.2671, 88.4684 )
origin_offset = Vector3( -5.35156, 2.61523, -24.8628 )
cull_mask = 1015807
interior_enable = true
interior_ambient_color = Color( 0.192157, 0.164706, 0.247059, 1 )

[node name="refl_int3" type="ReflectionProbe" parent="active_entities/reflections" index="4"]
transform = Transform( 0.544114, 0, 0.839011, 0, 1, 0, -0.839011, 0, 0.544114, 41.045, -133.727, 135.421 )
extents = Vector3( 27.2674, 25.1688, 82.9374 )
origin_offset = Vector3( 0, 0, 10.0059 )
cull_mask = 1015807
interior_enable = true
interior_ambient_color = Color( 0.192157, 0.164706, 0.247059, 1 )

[node name="refl_int2" type="ReflectionProbe" parent="active_entities/reflections" index="5"]
transform = Transform( 0.632537, -0.169065, 0.755853, 0.0880101, 0.985254, 0.146725, -0.769514, -0.0262861, 0.638089, 134.772, -66.7379, -7.50125 )
intensity = 0.44
extents = Vector3( 126.445, 19.8493, 31.3881 )
origin_offset = Vector3( -18.1465, -3.35498, 4.44141 )
cull_mask = 1015807
interior_enable = true
interior_ambient_color = Color( 0.192157, 0.164706, 0.247059, 1 )

[node name="cave1" type="Spatial" parent="active_entities" index="3"]
transform = Transform( 1, 0, 0, 0, 1, 0, 0, 0, 1, 135.74, 0, 21.6752 )

[node name="item_pickup" parent="active_entities/cave1" index="0" instance=ExtResource( 3 )]
transform = Transform( 1, 0, 0, 0, 0.256274, -0.966604, 0, 0.966604, 0.256274, 99.2066, -48.2002, -113.189 )
item_id = "lantern"

[node name="lantern" parent="active_entities/cave1/item_pickup" index="4" instance=ExtResource( 2 )]

[node name="rock_kinematic" parent="active_entities/cave1" index="1" instance=ExtResource( 6 )]
transform = Transform( 1, 0, 0, 0, 1, 0, 0, 0, 1, 7.91556, -72.8173, -37.79 )

[node name="rock_kinematic2" parent="active_entities/cave1" index="2" instance=ExtResource( 6 )]
transform = Transform( -0.605448, -0.795884, 0, 0.795884, -0.605448, 0, 0, 0, 1, 12.2366, -72.8695, -37.5505 )
initial_velocity = 5.0

[node name="rock6" parent="active_entities/cave1" index="3" instance=ExtResource( 7 )]
transform = Transform( 1, 0, 0, 0, 1, 0, 0, 0, 1, -19.6214, -78.2873, 6.06311 )

[node name="rock1" parent="active_entities/cave1" index="4" instance=ExtResource( 10 )]
transform = Transform( 1, 0, 0, 0, 1, 0, 0, 0, 1, -82.3867, -66.9941, 41.9887 )

[node name="rock3" parent="active_entities/cave1" index="5" instance=ExtResource( 4 )]
transform = Transform( 1, 0, 0, 0, 0.896482, -0.443081, 0, 0.443081, 0.896482, -59.7002, -81.8641, 52.6447 )

[node name="bug_pickup3" parent="active_entities/cave1" index="6" instance=ExtResource( 5 )]
transform = Transform( 1, 0, 0, 0, 1, 0, 0, 0, 1, -59.4371, -74.7914, 59.1883 )

[node name="crawly" parent="active_entities/cave1" index="7" instance=ExtResource( 11 )]
transform = Transform( -0.874964, 0, 0.484187, 0, 1, 0, -0.484187, 0, -0.874964, -36.8921, -82.9986, 14.6407 )

[node name="crawly2" parent="active_entities/cave1" index="8" instance=ExtResource( 11 )]
transform = Transform( -0.778932, 0, -0.627109, 0, 1, 0, 0.627109, 0, -0.778932, -12.1134, -84.0363, 11.9335 )

[node name="rock_collapsible3" parent="active_entities/cave1" index="9" instance=ExtResource( 8 )]
transform = Transform( -0.965926, 0, -0.258819, 0, 1, 0, 0.258819, 0, -0.965926, -26.1468, -78.0156, 8.11791 )

[node name="bug_pickup6" parent="active_entities/cave1" index="10" instance=ExtResource( 5 )]
transform = Transform( 1, 0, 0, 0, 1, 0, 0, 0, 1, -26.4968, -76.8707, 8.27191 )

[node name="bug_pickup" parent="active_entities/cave1" index="11" instance=ExtResource( 5 )]
transform = Transform( 1, 0, 0, 0, 1, 0, 0, 0, 1, 5.0537, -52.4768, -35.381 )

[node name="cave2" type="Spatial" parent="active_entities" index="4"]
transform = Transform( 1, 0, 0, 0, 1, 0, 0, 0, 1, 27.2983, -74.5096, 114.055 )

[node name="rock2" parent="active_entities/cave2" index="0" instance=ExtResource( 4 )]
transform = Transform( 0.717867, 0.40877, 0.563537, -0.494824, 0.868993, -1.2949e-08, -0.489709, -0.278852, 0.826091, 15.0198, 19.0992, 0.150414 )

[node name="rock_collapsible" parent="active_entities/cave2" index="1" instance=ExtResource( 8 )]
transform = Transform( -0.688548, 0, -0.725191, 0, 1, 0, 0.725191, 0, -0.688548, -2.78285, 45.2463, -16.7858 )

[node name="rock_collapsible2" parent="active_entities/cave2" index="2" instance=ExtResource( 8 )]
transform = Transform( -0.688548, 0, -0.725191, 0, 1, 0, 0.725191, 0, -0.688548, 0.908787, 38.9219, -11.2885 )

[node name="bug_pickup" parent="active_entities/cave2" index="3" instance=ExtResource( 5 )]
transform = Transform( 1, 0, 0, 0, 1, 0, 0, 0, 1, -22.7113, 9.26214, -17.7133 )

[node name="rock5" parent="active_entities/cave2" index="4" instance=ExtResource( 7 )]
transform = Transform( 0.923241, 0, 0.384222, 0, 1, 0, -0.384222, 0, 0.923241, 5.09657, -42.8124, -2.80659 )

[node name="scrap2" parent="active_entities/cave2" index="5" instance=ExtResource( 24 )]
transform = Transform( -4.37114e-08, 1, 0, -1, -4.37114e-08, 0, 0, 0, 1, 4.66617, -29.8904, 2.80741 )

[node name="bug_pickup7" parent="active_entities/cave2" index="6" instance=ExtResource( 5 )]
transform = Transform( 1, 0, 0, 0, 1, 0, 0, 0, 1, -5.75263, -17.7266, 9.90141 )

[node name="rock13" parent="active_entities/cave2" index="7" instance=ExtResource( 23 )]
transform = Transform( 0.82559, 0.289559, 0.48431, -0.330964, 0.943643, 1.40614e-08, -0.457016, -0.160289, 0.874896, -14.9926, -20.0213, 15.8774 )

[node name="rock18" parent="active_entities/cave2" index="8" instance=ExtResource( 10 )]
transform = Transform( 1, 0, 0, 0, -0.372037, -0.928218, 0, 0.928218, -0.372037, -9.97403, 18.0188, -5.86359 )

[node name="rock19" parent="active_entities/cave2" index="9" instance=ExtResource( 10 )]
transform = Transform( 0.833248, 0.536643, 0.133089, -0.214633, 0.535786, -0.816619, -0.50954, 0.65188, 0.561624, 7.10947, 1.20884, -10.3546 )

[node name="rock20" parent="active_entities/cave2" index="10" instance=ExtResource( 10 )]
transform = Transform( -0.623536, -0.645832, -0.440571, -0.0247359, 0.579554, -0.814558, 0.781403, -0.497009, -0.377348, -7.05563, 8.78814, -8.92059 )

[node name="rock21" parent="active_entities/cave2" index="11" instance=ExtResource( 10 )]
transform = Transform( -0.0138918, 0.999898, 0.00320466, 0.153831, 0.005304, -0.988083, -0.987999, -0.0132333, -0.153889, -9.90513, 34.1725, 1.24741 )

[node name="bug_pickup8" parent="active_entities/cave2" index="12" instance=ExtResource( 5 )]
transform = Transform( 1, 0, 0, 0, 1, 0, 0, 0, 1, -9.76043, 21.2963, -4.40659 )

[node name="bug_pickup9" parent="active_entities/cave2" index="13" instance=ExtResource( 5 )]
transform = Transform( 1, 0, 0, 0, 1, 0, 0, 0, 1, -2.58745, 46.0064, -16.5484 )

[node name="rock22" parent="active_entities/cave2" index="14" instance=ExtResource( 4 )]
transform = Transform( 0.085076, 0, -0.996374, 0, 1, 0, 0.996374, 0, 0.085076, 19.0208, 39.7914, -8.64659 )

[node name="cave3" type="Spatial" parent="active_entities" index="5"]
transform = Transform( 1, 0, 0, 0, 1, 0, 0, 0, 1, -34.7066, 67.8144, -148.194 )

[node name="bug_pickup11" parent="active_entities/cave3" index="0" instance=ExtResource( 5 )]
transform = Transform( 1, 0, 0, 0, 1, 0, 0, 0, 1, 14.4159, 10.3517, -28.4253 )

[node name="crawly3" parent="active_entities/cave3" index="1" instance=ExtResource( 11 )]
transform = Transform( 0.346264, 0, -0.938137, 0, 1, 0, 0.938137, 0, 0.346264, 14.1099, -5.72703, -1.12709 )
mesh_node = NodePath("../../cave1/crawly/Armature/Skeleton/crawly")

[node name="rock23" parent="active_entities/cave3" index="2" instance=ExtResource( 7 )]
transform = Transform( 0.80414, -0.0320618, -0.593575, 0.0398393, 0.999206, 0, 0.593103, -0.0236476, 0.804779, 23.6137, -1.26558, -0.974457 )

[node name="bug_pickup12" parent="active_entities/cave3" index="3" instance=ExtResource( 5 )]
transform = Transform( 1, 0, 0, 0, 1, 0, 0, 0, 1, 30.8281, 1.82779, 5.19519 )

[node name="rock2" parent="active_entities/cave3" index="4" instance=ExtResource( 4 )]
transform = Transform( 0.341077, -0.936771, -0.0782755, 0.913035, 0.349944, -0.209537, 0.22368, 7.45058e-09, 0.974663, -9.51573, 7.18006, 16.1035 )

[node name="rock3" parent="active_entities/cave3" index="5" instance=ExtResource( 4 )]
transform = Transform( 0.787302, 0.607047, -0.107927, 0.181622, -0.395613, -0.90028, -0.58921, 0.689191, -0.42172, -11.3894, 2.5659, -10.3578 )

[node name="bug_pickup" parent="active_entities/cave3" index="6" instance=ExtResource( 5 )]
transform = Transform( 1, 0, 0, 0, 1, 0, 0, 0, 1, 30.7318, -36.8125, 104.593 )

[node name="basin" parent="active_entities/cave3" index="7" instance=ExtResource( 15 )]
transform = Transform( 0.824243, -0.566236, 1.07367e-07, -0.402629, -0.586087, 0.70313, -0.398138, -0.57955, -0.711061, 18.9122, -40.1899, 90.3208 )

[node name="drill2" parent="active_entities/cave3" index="8" instance=ExtResource( 17 )]
transform = Transform( -0.620832, 0.783943, 0, -0.783943, -0.620832, 0, 0, 0, 1, 26.9776, -46.3214, 102.091 )

[node name="rail_cart" parent="active_entities/cave3" index="9" instance=ExtResource( 26 )]
transform = Transform( 0.958023, 0.28669, 8.54404e-09, -0.271963, 0.90881, -0.316386, -0.0907048, 0.303105, 0.948631, 21.6289, -51.6966, 103.151 )

[node name="scrap_pile4" parent="active_entities/cave3" index="10" instance=ExtResource( 27 )]
transform = Transform( 0.085655, -0.623545, -0.777081, -0.535257, 0.629035, -0.56375, 0.840335, 0.464226, -0.279877, 19.2352, -44.8195, 85.7226 )

[node name="bug_pickup2" parent="active_entities/cave3" index="11" instance=ExtResource( 5 )]
transform = Transform( 1, 0, 0, 0, 1, 0, 0, 0, 1, 16.8363, -43.7939, 86.1418 )

[node name="rock5" parent="active_entities/cave3" index="12" instance=ExtResource( 7 )]
transform = Transform( 1, 0, 0, 0, 1, 0, 0, 0, 1, 22.8218, -10.8469, 50.6263 )

[node name="crawly" parent="active_entities/cave3" index="13" instance=ExtResource( 11 )]
transform = Transform( -0.884229, 0.453525, -0.111596, 0.314565, 0.754904, 0.575473, 0.345235, 0.473746, -0.810171, 16.1975, -46.2767, 90.6328 )

[node name="npc_lia" parent="active_entities/cave3" index="14" instance=ExtResource( 29 )]
transform = Transform( 0.785348, 0, 0.619055, 0, 1, 0, -0.619055, 0, 0.785348, -43.4264, 19.608, 22.6391 )
dialog = ExtResource( 30 )
visual_name = "Lia"
friendly_id = "lia"

[node name="cave_center" type="Spatial" parent="active_entities" index="6"]
transform = Transform( 0.974303, 0, 0.225242, 0, 1, 0, -0.225242, 0, 0.974303, -5.58957, -26.6197, 17.739 )

[node name="water" type="StaticBody" parent="active_entities/cave_center" index="0"]
collision_layer = 8192
collision_mask = 0

[node name="CollisionShape2" type="CollisionShape" parent="active_entities/cave_center/water" index="0"]
transform = Transform( 0.866025, 0, 0.5, 0, 1, 0, -0.5, 0, 0.866025, 0, -35, 0 )
shape = SubResource( 25 )

[node name="CollisionShape" type="CollisionShape" parent="active_entities/cave_center/water" index="1"]
transform = Transform( 1, 0, 0, 0, 1, 0, 0, 0, 1, 0, -12, 0 )
shape = SubResource( 9 )

[node name="MeshInstance" type="MeshInstance" parent="active_entities/cave_center/water" index="2"]
transform = Transform( 113.904, 0, 0, 0, -4.89297e-06, 40, 0, -111.938, -1.74846e-06, 0, 0, 0 )
mesh = SubResource( 10 )
material/0 = SubResource( 11 )

[node name="rock4" parent="active_entities/cave_center" index="1" instance=ExtResource( 4 )]
