[gd_scene load_steps=4 format=2]

[ext_resource path="res://areas/chunk_content.gd" type="Script" id=1]
[ext_resource path="res://entities/env/stone/rock2.tscn" type="PackedScene" id=2]
[ext_resource path="res://entities/env/stone/rock3.tscn" type="PackedScene" id=3]

[node name="chunk123" type="Spatial"]
script = ExtResource( 1 )

[node name="chunk124" type="Spatial" parent="."]
transform = Transform( 1, 0, 0, 0, 1, 0, 0, 0, 1, 0, 0, -500 )
script = ExtResource( 1 )

[node name="rock3" parent="." instance=ExtResource( 3 )]
transform = Transform( -4.37114e-08, -1, 0, 1, -4.37114e-08, 0, 0, 0, 1, -62, -238, -297 )

[node name="rock4" parent="." instance=ExtResource( 3 )]
transform = Transform( 0.830737, -0.217304, 0.512498, 0, 0.920659, 0.390367, -0.556665, -0.324293, 0.764826, -35.1055, -246.393, -331 )

[node name="rock5" parent="." instance=ExtResource( 3 )]
transform = Transform( -0.205448, 0.97448, -0.0904443, -0.743773, -0.215534, -0.63273, -0.636076, -0.0627233, 0.769073, -56.7005, -246.393, -349.487 )

[node name="rock2" parent="." instance=ExtResource( 2 )]
transform = Transform( 0.373926, -0.927458, 0, 0.927458, 0.373926, 0, 0, 0, 1, -72.1337, -233.424, -327.661 )

[node name="rock6" parent="." instance=ExtResource( 2 )]
transform = Transform( -0.226338, 0.561392, -0.795997, 0.277705, 0.820479, 0.499694, 0.933623, -0.107952, -0.341607, -4.97311, -237.746, -356.559 )

[node name="rock7" parent="." instance=ExtResource( 3 )]
transform = Transform( 0.313469, -0.818533, 0.481395, -0.0950447, -0.531445, -0.841744, 0.94483, 0.218106, -0.244389, -31.0793, -236.708, -368.158 )
