[gd_scene load_steps=9 format=2]

[ext_resource path="res://areas/chunks/chunk076_lowres.tscn" type="PackedScene" id=1]
[ext_resource path="res://items/gem_pickup.tscn" type="PackedScene" id=2]
[ext_resource path="res://entities/env/ancient/circle_thing.tscn" type="PackedScene" id=3]
[ext_resource path="res://entities/enemies/crawly.tscn" type="PackedScene" id=4]
[ext_resource path="res://items/capacitor_pickup.tscn" type="PackedScene" id=5]
[ext_resource path="res://entities/env/copper/scrap_pile3.tscn" type="PackedScene" id=6]
[ext_resource path="res://entities/env/copper/scrap2.tscn" type="PackedScene" id=7]
[ext_resource path="res://entities/enemies/deathgnat.tscn" type="PackedScene" id=8]

[node name="chunk076" instance=ExtResource( 1 )]

[node name="gem_pickup" parent="." index="0" instance=ExtResource( 2 )]
transform = Transform( 1, 0, 0, 0, 1, 0, 0, 0, 1, 87.7737, -131.671, -103.186 )
quantity = 3

[node name="gem_pickup2" parent="." index="1" instance=ExtResource( 2 )]
transform = Transform( 1, 0, 0, 0, 1, 0, 0, 0, 1, 76.2141, -121.535, -81.2451 )
quantity = 3

[node name="gem_pickup3" parent="." index="2" instance=ExtResource( 2 )]
transform = Transform( 1, 0, 0, 0, 1, 0, 0, 0, 1, 56.6359, -88.6257, 6.50636 )
quantity = 3

[node name="deathgnat" parent="." index="3" instance=ExtResource( 8 )]
transform = Transform( 1, 0, 0, 0, 1, 0, 0, 0, 1, -130.247, -208.672, -153.494 )
drops_coat = true
maximum_rarity = 4
health = 80
orb_cooldown = 0.75

[node name="gem_pickup4" parent="." index="4" instance=ExtResource( 2 )]
transform = Transform( 1, 0, 0, 0, 1, 0, 0, 0, 1, 48.1318, -70.4678, 57.532 )
quantity = 3

[node name="circle_thing" parent="." index="7" instance=ExtResource( 3 )]
transform = Transform( 0.801413, -0.0294572, 0.597386, -0.0237457, 0.996432, 0.0809901, -0.597639, -0.0790919, 0.797854, -125.536, -238.906, -148.964 )

[node name="crawly" parent="." index="8" instance=ExtResource( 4 )]
transform = Transform( 0.1114, 0, -0.993776, 0, 1, 0, 0.993776, 0, 0.1114, -122.808, -242.44, -135.274 )
drops_coat = true
maximum_rarity = 4
health = 90
run_speed = 9.0

[node name="crawly2" parent="." index="9" instance=ExtResource( 4 )]
transform = Transform( -0.460866, 0, -0.88747, 0, 1, 0, 0.88747, 0, -0.460866, -125.584, -244.471, -161.37 )

[node name="scrap_pile3" parent="." index="10" instance=ExtResource( 6 )]
transform = Transform( 0.393525, -0.887518, 0.239687, 0, 0.260724, 0.965414, -0.919315, -0.379915, 0.102601, -135.137, -234.345, -164.326 )

[node name="scrap2" parent="." index="11" instance=ExtResource( 7 )]
transform = Transform( -0.793275, 0.263755, -0.54877, -0.320706, -0.947142, 0.00837344, -0.517554, 0.182637, 0.835932, -112.346, -231.955, -143.325 )

[node name="scrap3" parent="." index="12" instance=ExtResource( 7 )]
transform = Transform( -0.709015, 0.691315, 0.139212, -0.215054, -0.0239584, -0.976308, -0.671602, -0.722156, 0.165657, -112.629, -231.955, -142.688 )

[node name="scrap4" parent="." index="13" instance=ExtResource( 7 )]
transform = Transform( 0.473238, -0.169948, 0.864387, -0.0778711, 0.969304, 0.233209, -0.877487, -0.177674, 0.445477, -112.638, -222.064, -141.581 )

[node name="scrap_pile4" parent="." index="14" instance=ExtResource( 6 )]
transform = Transform( 0.800062, 0.112434, -0.589288, 0, -0.982281, -0.187416, -0.599918, 0.149944, -0.785886, -113.702, -221.184, -141.427 )

[node name="capacitor_pickup" parent="." index="16" instance=ExtResource( 5 )]
transform = Transform( 1, 0, 0, 0, 1, 0, 0, 0, 1, -129.492, -214.087, -152.91 )
