[gd_scene load_steps=13 format=2]

[ext_resource path="res://areas/chunk_content.gd" type="Script" id=1]
[ext_resource path="res://items/item_pickup.tscn" type="PackedScene" id=2]
[ext_resource path="res://material/death_plane.shader" type="Shader" id=3]
[ext_resource path="res://entities/death_plane.tscn" type="PackedScene" id=4]
[ext_resource path="res://entities/env/stone/rock1.tscn" type="PackedScene" id=8]
[ext_resource path="res://entities/env/stone/rock2.tscn" type="PackedScene" id=11]
[ext_resource path="res://entities/env/stone/rock3.tscn" type="PackedScene" id=14]
[ext_resource path="res://entities/env/stone/hut.tscn" type="PackedScene" id=40]
[ext_resource path="res://entities/enemies/gunner.tscn" type="PackedScene" id=54]

[sub_resource type="ArrayMesh" id=4]
resource_name = "jackie_Cube"
surfaces/0 = {
"aabb": AABB( -0.114732, -0.0247773, -0.408642, 0.229464, 0.822654, 0.72193 ),
"array_data": PoolByteArray( 186, 36, 197, 61, 196, 249, 202, 188, 232, 101, 160, 62, 42, 214, 50, 95, 0, 54, 0, 52, 66, 0, 0, 0, 255, 255, 0, 0, 0, 0, 0, 0, 186, 36, 197, 61, 196, 249, 202, 60, 232, 101, 160, 62, 42, 42, 193, 101, 0, 57, 0, 52, 66, 0, 0, 0, 255, 255, 0, 0, 0, 0, 0, 0, 186, 36, 197, 61, 196, 249, 202, 188, 142, 57, 209, 190, 84, 172, 63, 101, 0, 54, 0, 56, 66, 0, 0, 0, 255, 255, 0, 0, 0, 0, 0, 0, 186, 36, 197, 61, 196, 249, 202, 60, 142, 57, 209, 190, 84, 84, 206, 95, 0, 57, 0, 56, 66, 0, 0, 0, 255, 255, 0, 0, 0, 0, 0, 0, 206, 176, 177, 61, 74, 42, 214, 62, 70, 164, 47, 62, 42, 214, 50, 95, 0, 54, 0, 52, 66, 0, 0, 0, 255, 255, 0, 0, 0, 0, 0, 0, 206, 176, 177, 61, 43, 43, 243, 62, 70, 164, 47, 62, 42, 42, 193, 101, 0, 57, 0, 52, 66, 0, 0, 0, 255, 255, 0, 0, 0, 0, 0, 0, 206, 176, 177, 61, 74, 42, 214, 62, 245, 72, 203, 190, 84, 172, 63, 101, 0, 54, 0, 56, 66, 0, 0, 0, 255, 255, 0, 0, 0, 0, 0, 0, 206, 176, 177, 61, 43, 43, 243, 62, 245, 72, 203, 190, 84, 84, 206, 95, 0, 57, 0, 56, 66, 0, 0, 0, 255, 255, 0, 0, 0, 0, 0, 0, 228, 5, 235, 60, 192, 203, 18, 60, 47, 176, 139, 62, 42, 214, 50, 95, 0, 54, 0, 52, 66, 0, 0, 0, 255, 255, 0, 0, 0, 0, 0, 0, 228, 5, 235, 60, 95, 207, 67, 63, 47, 176, 139, 62, 16, 58, 171, 98, 0, 57, 0, 52, 66, 0, 0, 0, 255, 255, 0, 0, 0, 0, 0, 0, 228, 5, 235, 60, 192, 203, 18, 60, 219, 127, 122, 62, 84, 172, 63, 101, 0, 54, 0, 56, 66, 0, 0, 0, 255, 255, 0, 0, 0, 0, 0, 0, 228, 5, 235, 60, 95, 207, 67, 63, 219, 127, 122, 62, 68, 110, 199, 84, 0, 57, 0, 56, 66, 0, 0, 0, 255, 255, 0, 0, 0, 0, 0, 0, 228, 5, 235, 60, 184, 246, 32, 63, 219, 127, 122, 62, 110, 176, 28, 120, 177, 56, 0, 56, 66, 0, 0, 0, 255, 255, 0, 0, 0, 0, 0, 0, 228, 5, 235, 60, 184, 246, 32, 63, 47, 176, 139, 62, 46, 240, 12, 112, 177, 56, 0, 52, 66, 0, 0, 0, 255, 255, 0, 0, 0, 0, 0, 0, 80, 162, 169, 61, 182, 133, 59, 63, 219, 127, 122, 62, 153, 113, 127, 63, 0, 57, 0, 56, 66, 0, 0, 0, 255, 255, 0, 0, 0, 0, 0, 0, 80, 162, 169, 61, 182, 133, 59, 63, 47, 176, 139, 62, 243, 23, 127, 193, 0, 57, 0, 52, 66, 0, 0, 0, 255, 255, 0, 0, 0, 0, 0, 0, 80, 162, 169, 61, 22, 144, 50, 63, 219, 127, 122, 62, 147, 136, 127, 63, 177, 56, 0, 56, 66, 0, 0, 0, 255, 255, 0, 0, 0, 0, 0, 0, 80, 162, 169, 61, 22, 144, 50, 63, 47, 176, 139, 62, 250, 239, 127, 193, 177, 56, 0, 52, 66, 0, 0, 0, 255, 255, 0, 0, 0, 0, 0, 0, 152, 248, 234, 61, 182, 133, 59, 63, 219, 127, 122, 62, 122, 64, 252, 122, 0, 57, 0, 56, 66, 0, 0, 0, 255, 255, 0, 0, 0, 0, 0, 0, 152, 248, 234, 61, 182, 133, 59, 63, 47, 176, 139, 62, 62, 4, 248, 124, 0, 57, 0, 52, 66, 0, 0, 0, 255, 255, 0, 0, 0, 0, 0, 0, 152, 248, 234, 61, 22, 144, 50, 63, 219, 127, 122, 62, 122, 192, 8, 124, 177, 56, 0, 56, 66, 0, 0, 0, 255, 255, 0, 0, 0, 0, 0, 0, 152, 248, 234, 61, 22, 144, 50, 63, 47, 176, 139, 62, 62, 252, 4, 122, 177, 56, 0, 52, 66, 0, 0, 0, 255, 255, 0, 0, 0, 0, 0, 0, 80, 162, 169, 61, 158, 65, 76, 63, 219, 127, 122, 62, 172, 84, 127, 63, 0, 57, 0, 56, 66, 0, 0, 0, 255, 255, 0, 0, 0, 0, 0, 0, 80, 162, 169, 61, 158, 65, 76, 63, 47, 176, 139, 62, 214, 42, 127, 193, 0, 57, 0, 52, 66, 0, 0, 0, 255, 255, 0, 0, 0, 0, 0, 0, 80, 162, 169, 61, 38, 212, 33, 63, 219, 127, 122, 62, 172, 172, 127, 63, 177, 56, 0, 56, 66, 0, 0, 0, 255, 255, 0, 0, 0, 0, 0, 0, 80, 162, 169, 61, 38, 212, 33, 63, 47, 176, 139, 62, 214, 214, 127, 193, 177, 56, 0, 52, 66, 0, 0, 0, 255, 255, 0, 0, 0, 0, 0, 0, 226, 160, 216, 61, 158, 65, 76, 63, 219, 127, 122, 62, 82, 87, 127, 63, 0, 57, 0, 56, 66, 0, 0, 0, 255, 255, 0, 0, 0, 0, 0, 0, 226, 160, 216, 61, 158, 65, 76, 63, 47, 176, 139, 62, 39, 44, 127, 193, 0, 57, 0, 52, 66, 0, 0, 0, 255, 255, 0, 0, 0, 0, 0, 0, 226, 160, 216, 61, 38, 212, 33, 63, 219, 127, 122, 62, 82, 169, 127, 63, 177, 56, 0, 56, 66, 0, 0, 0, 255, 255, 0, 0, 0, 0, 0, 0, 226, 160, 216, 61, 38, 212, 33, 63, 47, 176, 139, 62, 39, 212, 127, 193, 177, 56, 0, 52, 66, 0, 0, 0, 255, 255, 0, 0, 0, 0, 0, 0, 186, 36, 197, 189, 196, 249, 202, 188, 232, 101, 160, 62, 214, 214, 206, 161, 0, 54, 0, 52, 66, 0, 0, 0, 255, 255, 0, 0, 0, 0, 0, 0, 186, 36, 197, 189, 196, 249, 202, 60, 232, 101, 160, 62, 214, 42, 63, 155, 0, 57, 0, 52, 66, 0, 0, 0, 255, 255, 0, 0, 0, 0, 0, 0, 186, 36, 197, 189, 196, 249, 202, 188, 142, 57, 209, 190, 172, 172, 193, 155, 0, 54, 0, 56, 66, 0, 0, 0, 255, 255, 0, 0, 0, 0, 0, 0, 186, 36, 197, 189, 196, 249, 202, 60, 142, 57, 209, 190, 172, 84, 50, 161, 0, 57, 0, 56, 66, 0, 0, 0, 255, 255, 0, 0, 0, 0, 0, 0, 0, 0, 0, 0, 196, 249, 202, 188, 142, 57, 209, 190, 63, 129, 129, 193, 0, 52, 0, 56, 66, 0, 0, 0, 255, 255, 0, 0, 0, 0, 0, 0, 0, 0, 0, 0, 196, 249, 202, 188, 142, 57, 209, 190, 63, 129, 63, 129, 0, 54, 0, 57, 66, 0, 0, 0, 255, 255, 0, 0, 0, 0, 0, 0, 0, 0, 0, 0, 196, 249, 202, 60, 142, 57, 209, 190, 63, 127, 0, 161, 0, 57, 0, 57, 66, 0, 0, 0, 255, 255, 0, 0, 0, 0, 0, 0, 0, 0, 0, 0, 196, 249, 202, 60, 142, 57, 209, 190, 63, 127, 127, 193, 0, 58, 0, 56, 66, 0, 0, 0, 255, 255, 0, 0, 0, 0, 0, 0, 0, 0, 0, 0, 196, 249, 202, 188, 232, 101, 160, 62, 0, 193, 129, 193, 0, 52, 0, 52, 66, 0, 0, 0, 255, 255, 0, 0, 0, 0, 0, 0, 0, 0, 0, 0, 196, 249, 202, 188, 232, 101, 160, 62, 0, 193, 0, 161, 0, 54, 0, 48, 66, 0, 0, 0, 255, 255, 0, 0, 0, 0, 0, 0, 0, 0, 0, 0, 196, 249, 202, 60, 232, 101, 160, 62, 0, 63, 63, 129, 0, 57, 0, 48, 66, 0, 0, 0, 255, 255, 0, 0, 0, 0, 0, 0, 0, 0, 0, 0, 196, 249, 202, 60, 232, 101, 160, 62, 0, 63, 127, 193, 0, 58, 0, 52, 66, 0, 0, 0, 255, 255, 0, 0, 0, 0, 0, 0, 0, 0, 0, 0, 74, 42, 214, 62, 70, 164, 47, 62, 25, 206, 172, 204, 0, 48, 0, 52, 66, 0, 0, 0, 255, 255, 0, 0, 0, 0, 0, 0, 0, 0, 0, 0, 74, 42, 214, 62, 70, 164, 47, 62, 25, 206, 23, 164, 0, 54, 0, 0, 66, 0, 0, 0, 255, 255, 0, 0, 0, 0, 0, 0, 0, 0, 0, 0, 74, 42, 214, 62, 70, 164, 47, 62, 25, 206, 23, 164, 0, 54, 0, 60, 66, 0, 0, 0, 255, 255, 0, 0, 0, 0, 0, 0, 0, 0, 0, 0, 43, 43, 243, 62, 70, 164, 47, 62, 25, 50, 187, 141, 0, 57, 0, 0, 66, 0, 0, 0, 255, 255, 0, 0, 0, 0, 0, 0, 0, 0, 0, 0, 43, 43, 243, 62, 70, 164, 47, 62, 25, 50, 187, 141, 0, 57, 0, 60, 66, 0, 0, 0, 255, 255, 0, 0, 0, 0, 0, 0, 0, 0, 0, 0, 43, 43, 243, 62, 70, 164, 47, 62, 25, 50, 105, 214, 0, 59, 0, 52, 66, 0, 0, 0, 255, 255, 0, 0, 0, 0, 0, 0, 0, 0, 0, 0, 74, 42, 214, 62, 245, 72, 203, 190, 76, 155, 151, 214, 0, 48, 0, 56, 66, 0, 0, 0, 255, 255, 0, 0, 0, 0, 0, 0, 0, 0, 0, 0, 74, 42, 214, 62, 245, 72, 203, 190, 76, 155, 69, 141, 0, 54, 0, 58, 66, 0, 0, 0, 255, 255, 0, 0, 0, 0, 0, 0, 0, 0, 0, 0, 43, 43, 243, 62, 245, 72, 203, 190, 76, 101, 233, 164, 0, 57, 0, 58, 66, 0, 0, 0, 255, 255, 0, 0, 0, 0, 0, 0, 0, 0, 0, 0, 43, 43, 243, 62, 245, 72, 203, 190, 76, 101, 84, 204, 0, 59, 0, 56, 66, 0, 0, 0, 255, 255, 0, 0, 0, 0, 0, 0, 206, 176, 177, 189, 74, 42, 214, 62, 70, 164, 47, 62, 214, 214, 206, 161, 0, 54, 0, 52, 66, 0, 0, 0, 255, 255, 0, 0, 0, 0, 0, 0, 206, 176, 177, 189, 43, 43, 243, 62, 70, 164, 47, 62, 214, 42, 63, 155, 0, 57, 0, 52, 66, 0, 0, 0, 255, 255, 0, 0, 0, 0, 0, 0, 206, 176, 177, 189, 74, 42, 214, 62, 245, 72, 203, 190, 172, 172, 193, 155, 0, 54, 0, 56, 66, 0, 0, 0, 255, 255, 0, 0, 0, 0, 0, 0, 206, 176, 177, 189, 43, 43, 243, 62, 245, 72, 203, 190, 172, 84, 50, 161, 0, 57, 0, 56, 66, 0, 0, 0, 255, 255, 0, 0, 0, 0, 0, 0, 0, 0, 0, 0, 192, 203, 18, 60, 47, 176, 139, 62, 25, 206, 172, 204, 0, 48, 0, 52, 66, 0, 0, 0, 255, 255, 0, 0, 0, 0, 0, 0, 0, 0, 0, 0, 192, 203, 18, 60, 47, 176, 139, 62, 25, 206, 23, 164, 0, 54, 0, 0, 66, 0, 0, 0, 255, 255, 0, 0, 0, 0, 0, 0, 0, 0, 0, 0, 192, 203, 18, 60, 47, 176, 139, 62, 25, 206, 23, 164, 0, 54, 0, 60, 66, 0, 0, 0, 255, 255, 0, 0, 0, 0, 0, 0, 0, 0, 0, 0, 95, 207, 67, 63, 47, 176, 139, 62, 25, 50, 187, 141, 0, 57, 0, 0, 66, 0, 0, 0, 255, 255, 0, 0, 0, 0, 0, 0, 0, 0, 0, 0, 95, 207, 67, 63, 47, 176, 139, 62, 25, 50, 187, 141, 0, 57, 0, 60, 66, 0, 0, 0, 255, 255, 0, 0, 0, 0, 0, 0, 0, 0, 0, 0, 95, 207, 67, 63, 47, 176, 139, 62, 25, 50, 105, 214, 0, 59, 0, 52, 66, 0, 0, 0, 255, 255, 0, 0, 0, 0, 0, 0, 0, 0, 0, 0, 192, 203, 18, 60, 219, 127, 122, 62, 76, 155, 151, 214, 0, 48, 0, 56, 66, 0, 0, 0, 255, 255, 0, 0, 0, 0, 0, 0, 0, 0, 0, 0, 192, 203, 18, 60, 219, 127, 122, 62, 76, 155, 69, 141, 0, 54, 0, 58, 66, 0, 0, 0, 255, 255, 0, 0, 0, 0, 0, 0, 0, 0, 0, 0, 95, 207, 67, 63, 219, 127, 122, 62, 76, 101, 233, 164, 0, 57, 0, 58, 66, 0, 0, 0, 255, 255, 0, 0, 0, 0, 0, 0, 0, 0, 0, 0, 95, 207, 67, 63, 219, 127, 122, 62, 76, 101, 84, 204, 0, 59, 0, 56, 66, 0, 0, 0, 255, 255, 0, 0, 0, 0, 0, 0, 228, 5, 235, 188, 192, 203, 18, 60, 47, 176, 139, 62, 214, 214, 206, 161, 0, 54, 0, 52, 66, 0, 0, 0, 255, 255, 0, 0, 0, 0, 0, 0, 228, 5, 235, 188, 95, 207, 67, 63, 47, 176, 139, 62, 240, 58, 85, 158, 0, 57, 0, 52, 66, 0, 0, 0, 255, 255, 0, 0, 0, 0, 0, 0, 228, 5, 235, 188, 192, 203, 18, 60, 219, 127, 122, 62, 172, 172, 193, 155, 0, 54, 0, 56, 66, 0, 0, 0, 255, 255, 0, 0, 0, 0, 0, 0, 228, 5, 235, 188, 95, 207, 67, 63, 219, 127, 122, 62, 188, 110, 57, 172, 0, 57, 0, 56, 66, 0, 0, 0, 255, 255, 0, 0, 0, 0, 0, 0, 0, 0, 0, 0, 184, 246, 32, 63, 47, 176, 139, 62, 42, 0, 0, 129, 177, 56, 0, 0, 66, 0, 0, 0, 255, 255, 0, 0, 0, 0, 0, 0, 0, 0, 0, 0, 184, 246, 32, 63, 47, 176, 139, 62, 42, 0, 0, 129, 177, 56, 0, 60, 66, 0, 0, 0, 255, 255, 0, 0, 0, 0, 0, 0, 0, 0, 0, 0, 184, 246, 32, 63, 219, 127, 122, 62, 127, 84, 0, 129, 177, 56, 0, 58, 66, 0, 0, 0, 255, 255, 0, 0, 0, 0, 0, 0, 228, 5, 235, 188, 184, 246, 32, 63, 219, 127, 122, 62, 146, 176, 228, 136, 177, 56, 0, 56, 66, 0, 0, 0, 255, 255, 0, 0, 0, 0, 0, 0, 228, 5, 235, 188, 184, 246, 32, 63, 47, 176, 139, 62, 210, 240, 244, 144, 177, 56, 0, 52, 66, 0, 0, 0, 255, 255, 0, 0, 0, 0, 0, 0, 80, 162, 169, 189, 182, 133, 59, 63, 219, 127, 122, 62, 103, 113, 127, 63, 0, 57, 0, 56, 66, 0, 0, 0, 255, 255, 0, 0, 0, 0, 0, 0, 80, 162, 169, 189, 182, 133, 59, 63, 47, 176, 139, 62, 13, 23, 127, 193, 0, 57, 0, 52, 66, 0, 0, 0, 255, 255, 0, 0, 0, 0, 0, 0, 80, 162, 169, 189, 22, 144, 50, 63, 219, 127, 122, 62, 109, 136, 127, 63, 177, 56, 0, 56, 66, 0, 0, 0, 255, 255, 0, 0, 0, 0, 0, 0, 80, 162, 169, 189, 22, 144, 50, 63, 47, 176, 139, 62, 6, 239, 127, 193, 177, 56, 0, 52, 66, 0, 0, 0, 255, 255, 0, 0, 0, 0, 0, 0, 152, 248, 234, 189, 182, 133, 59, 63, 219, 127, 122, 62, 134, 64, 4, 134, 0, 57, 0, 56, 66, 0, 0, 0, 255, 255, 0, 0, 0, 0, 0, 0, 152, 248, 234, 189, 182, 133, 59, 63, 47, 176, 139, 62, 194, 4, 8, 132, 0, 57, 0, 52, 66, 0, 0, 0, 255, 255, 0, 0, 0, 0, 0, 0, 152, 248, 234, 189, 22, 144, 50, 63, 219, 127, 122, 62, 134, 192, 248, 132, 177, 56, 0, 56, 66, 0, 0, 0, 255, 255, 0, 0, 0, 0, 0, 0, 152, 248, 234, 189, 22, 144, 50, 63, 47, 176, 139, 62, 194, 252, 252, 134, 177, 56, 0, 52, 66, 0, 0, 0, 255, 255, 0, 0, 0, 0, 0, 0, 80, 162, 169, 189, 158, 65, 76, 63, 219, 127, 122, 62, 84, 84, 127, 63, 0, 57, 0, 56, 66, 0, 0, 0, 255, 255, 0, 0, 0, 0, 0, 0, 80, 162, 169, 189, 158, 65, 76, 63, 47, 176, 139, 62, 42, 42, 127, 193, 0, 57, 0, 52, 66, 0, 0, 0, 255, 255, 0, 0, 0, 0, 0, 0, 80, 162, 169, 189, 38, 212, 33, 63, 219, 127, 122, 62, 84, 172, 127, 63, 177, 56, 0, 56, 66, 0, 0, 0, 255, 255, 0, 0, 0, 0, 0, 0, 80, 162, 169, 189, 38, 212, 33, 63, 47, 176, 139, 62, 42, 214, 127, 193, 177, 56, 0, 52, 66, 0, 0, 0, 255, 255, 0, 0, 0, 0, 0, 0, 226, 160, 216, 189, 158, 65, 76, 63, 219, 127, 122, 62, 174, 87, 127, 63, 0, 57, 0, 56, 66, 0, 0, 0, 255, 255, 0, 0, 0, 0, 0, 0, 226, 160, 216, 189, 158, 65, 76, 63, 47, 176, 139, 62, 217, 44, 127, 193, 0, 57, 0, 52, 66, 0, 0, 0, 255, 255, 0, 0, 0, 0, 0, 0, 226, 160, 216, 189, 38, 212, 33, 63, 219, 127, 122, 62, 174, 169, 127, 63, 177, 56, 0, 56, 66, 0, 0, 0, 255, 255, 0, 0, 0, 0, 0, 0, 226, 160, 216, 189, 38, 212, 33, 63, 47, 176, 139, 62, 217, 212, 127, 193, 177, 56, 0, 52, 66, 0, 0, 0, 255, 255, 0, 0, 0, 0, 0, 0 ),
"array_index_data": PoolByteArray( 35, 0, 3, 0, 36, 0, 35, 0, 2, 0, 3, 0, 2, 0, 1, 0, 3, 0, 2, 0, 0, 0, 1, 0, 34, 0, 0, 0, 2, 0, 34, 0, 38, 0, 0, 0, 3, 0, 41, 0, 37, 0, 3, 0, 1, 0, 41, 0, 0, 0, 40, 0, 1, 0, 0, 0, 39, 0, 40, 0, 49, 0, 7, 0, 50, 0, 49, 0, 6, 0, 7, 0, 6, 0, 5, 0, 7, 0, 6, 0, 4, 0, 5, 0, 4, 0, 45, 0, 5, 0, 4, 0, 43, 0, 45, 0, 48, 0, 4, 0, 6, 0, 48, 0, 42, 0, 4, 0, 7, 0, 47, 0, 51, 0, 7, 0, 5, 0, 47, 0, 72, 0, 11, 0, 64, 0, 72, 0, 12, 0, 11, 0, 12, 0, 14, 0, 11, 0, 12, 0, 16, 0, 14, 0, 13, 0, 59, 0, 9, 0, 13, 0, 70, 0, 59, 0, 62, 0, 8, 0, 10, 0, 62, 0, 56, 0, 8, 0, 11, 0, 61, 0, 65, 0, 11, 0, 9, 0, 61, 0, 8, 0, 70, 0, 13, 0, 8, 0, 57, 0, 70, 0, 10, 0, 13, 0, 12, 0, 10, 0, 8, 0, 13, 0, 63, 0, 12, 0, 72, 0, 63, 0, 10, 0, 12, 0, 17, 0, 24, 0, 16, 0, 17, 0, 25, 0, 24, 0, 11, 0, 15, 0, 9, 0, 11, 0, 14, 0, 15, 0, 13, 0, 16, 0, 12, 0, 13, 0, 17, 0, 16, 0, 9, 0, 17, 0, 13, 0, 9, 0, 15, 0, 17, 0, 20, 0, 19, 0, 18, 0, 20, 0, 21, 0, 19, 0, 16, 0, 18, 0, 14, 0, 16, 0, 20, 0, 18, 0, 15, 0, 21, 0, 17, 0, 15, 0, 19, 0, 21, 0, 18, 0, 22, 0, 14, 0, 18, 0, 26, 0, 22, 0, 25, 0, 28, 0, 24, 0, 25, 0, 29, 0, 28, 0, 22, 0, 27, 0, 23, 0, 22, 0, 26, 0, 27, 0, 16, 0, 28, 0, 20, 0, 16, 0, 24, 0, 28, 0, 19, 0, 26, 0, 18, 0, 19, 0, 27, 0, 26, 0, 15, 0, 27, 0, 19, 0, 15, 0, 23, 0, 27, 0, 21, 0, 25, 0, 17, 0, 21, 0, 29, 0, 25, 0, 14, 0, 23, 0, 15, 0, 14, 0, 22, 0, 23, 0, 20, 0, 29, 0, 21, 0, 20, 0, 28, 0, 29, 0, 35, 0, 33, 0, 32, 0, 35, 0, 36, 0, 33, 0, 32, 0, 31, 0, 30, 0, 32, 0, 33, 0, 31, 0, 34, 0, 30, 0, 38, 0, 34, 0, 32, 0, 30, 0, 33, 0, 41, 0, 31, 0, 33, 0, 37, 0, 41, 0, 30, 0, 40, 0, 39, 0, 30, 0, 31, 0, 40, 0, 44, 0, 50, 0, 49, 0, 44, 0, 46, 0, 50, 0, 49, 0, 55, 0, 54, 0, 49, 0, 50, 0, 55, 0, 54, 0, 53, 0, 52, 0, 54, 0, 55, 0, 53, 0, 52, 0, 45, 0, 43, 0, 52, 0, 53, 0, 45, 0, 48, 0, 52, 0, 42, 0, 48, 0, 54, 0, 52, 0, 55, 0, 47, 0, 53, 0, 55, 0, 51, 0, 47, 0, 71, 0, 64, 0, 72, 0, 71, 0, 60, 0, 64, 0, 72, 0, 69, 0, 73, 0, 72, 0, 64, 0, 69, 0, 73, 0, 75, 0, 77, 0, 73, 0, 69, 0, 75, 0, 74, 0, 59, 0, 70, 0, 74, 0, 67, 0, 59, 0, 62, 0, 66, 0, 56, 0, 62, 0, 68, 0, 66, 0, 69, 0, 61, 0, 67, 0, 69, 0, 65, 0, 61, 0, 66, 0, 70, 0, 57, 0, 66, 0, 74, 0, 70, 0, 68, 0, 74, 0, 66, 0, 68, 0, 73, 0, 74, 0, 63, 0, 73, 0, 68, 0, 63, 0, 72, 0, 73, 0, 58, 0, 72, 0, 63, 0, 58, 0, 71, 0, 72, 0, 78, 0, 85, 0, 86, 0, 78, 0, 77, 0, 85, 0, 69, 0, 76, 0, 75, 0, 69, 0, 67, 0, 76, 0, 74, 0, 77, 0, 78, 0, 74, 0, 73, 0, 77, 0, 67, 0, 78, 0, 76, 0, 67, 0, 74, 0, 78, 0, 81, 0, 80, 0, 82, 0, 81, 0, 79, 0, 80, 0, 77, 0, 79, 0, 81, 0, 77, 0, 75, 0, 79, 0, 76, 0, 82, 0, 80, 0, 76, 0, 78, 0, 82, 0, 79, 0, 83, 0, 87, 0, 79, 0, 75, 0, 83, 0, 86, 0, 89, 0, 90, 0, 86, 0, 85, 0, 89, 0, 83, 0, 88, 0, 87, 0, 83, 0, 84, 0, 88, 0, 77, 0, 89, 0, 85, 0, 77, 0, 81, 0, 89, 0, 80, 0, 87, 0, 88, 0, 80, 0, 79, 0, 87, 0, 76, 0, 88, 0, 84, 0, 76, 0, 80, 0, 88, 0, 82, 0, 86, 0, 90, 0, 82, 0, 78, 0, 86, 0, 75, 0, 84, 0, 83, 0, 75, 0, 76, 0, 84, 0, 81, 0, 90, 0, 89, 0, 81, 0, 82, 0, 90, 0 ),
"blend_shape_data": [  ],
"format": 2194903,
"index_count": 426,
"primitive": 4,
"skeleton_aabb": [ AABB( 0, 0, 0, -1, -1, -1 ), AABB( 0, 0, 0, -1, -1, -1 ), AABB( 0, 0, 0, -1, -1, -1 ), AABB( 0, 0, 0, -1, -1, -1 ), AABB( 0, 0, 0, -1, -1, -1 ), AABB( 0, 0, 0, -1, -1, -1 ), AABB( 0, 0, 0, -1, -1, -1 ), AABB( 0, 0, 0, -1, -1, -1 ), AABB( 0, 0, 0, -1, -1, -1 ), AABB( 0, 0, 0, -1, -1, -1 ), AABB( 0, 0, 0, -1, -1, -1 ), AABB( 0, 0, 0, -1, -1, -1 ), AABB( 0, 0, 0, -1, -1, -1 ), AABB( 0, 0, 0, -1, -1, -1 ), AABB( 0, 0, 0, -1, -1, -1 ), AABB( 0, 0, 0, -1, -1, -1 ), AABB( 0, 0, 0, -1, -1, -1 ), AABB( 0, 0, 0, -1, -1, -1 ), AABB( 0, 0, 0, -1, -1, -1 ), AABB( 0, 0, 0, -1, -1, -1 ), AABB( 0, 0, 0, -1, -1, -1 ), AABB( 0, 0, 0, -1, -1, -1 ), AABB( 0, 0, 0, -1, -1, -1 ), AABB( 0, 0, 0, -1, -1, -1 ), AABB( 0, 0, 0, -1, -1, -1 ), AABB( 0, 0, 0, -1, -1, -1 ), AABB( 0, 0, 0, -1, -1, -1 ), AABB( 0, 0, 0, -1, -1, -1 ), AABB( 0, 0, 0, -1, -1, -1 ), AABB( 0, 0, 0, -1, -1, -1 ), AABB( 0, 0, 0, -1, -1, -1 ), AABB( 0, 0, 0, -1, -1, -1 ), AABB( 0, 0, 0, -1, -1, -1 ), AABB( 0, 0, 0, -1, -1, -1 ), AABB( 0, 0, 0, -1, -1, -1 ), AABB( 0, 0, 0, -1, -1, -1 ), AABB( 0, 0, 0, -1, -1, -1 ), AABB( 0, 0, 0, -1, -1, -1 ), AABB( 0, 0, 0, -1, -1, -1 ), AABB( 0, 0, 0, -1, -1, -1 ), AABB( 0, 0, 0, -1, -1, -1 ), AABB( 0, 0, 0, -1, -1, -1 ), AABB( 0, 0, 0, -1, -1, -1 ), AABB( 0, 0, 0, -1, -1, -1 ), AABB( 0, 0, 0, -1, -1, -1 ), AABB( 0, 0, 0, -1, -1, -1 ), AABB( 0, 0, 0, -1, -1, -1 ), AABB( 0, 0, 0, -1, -1, -1 ), AABB( 0, 0, 0, -1, -1, -1 ), AABB( 0, 0, 0, -1, -1, -1 ), AABB( 0, 0, 0, -1, -1, -1 ), AABB( 0, 0, 0, -1, -1, -1 ), AABB( 0, 0, 0, -1, -1, -1 ), AABB( 0, 0, 0, -1, -1, -1 ), AABB( 0, 0, 0, -1, -1, -1 ), AABB( 0, 0, 0, -1, -1, -1 ), AABB( 0, 0, 0, -1, -1, -1 ), AABB( 0, 0, 0, -1, -1, -1 ), AABB( 0, 0, 0, -1, -1, -1 ), AABB( 0, 0, 0, -1, -1, -1 ), AABB( 0, 0, 0, -1, -1, -1 ), AABB( 0, 0, 0, -1, -1, -1 ), AABB( 0, 0, 0, -1, -1, -1 ), AABB( 0, 0, 0, -1, -1, -1 ), AABB( 0, 0, 0, -1, -1, -1 ), AABB( 0, 0, 0, -1, -1, -1 ), AABB( -0.114732, -0.0247773, -0.408642, 0.229464, 0.822654, 0.72193 ) ],
"vertex_count": 91
}

[sub_resource type="Skin" id=2]
resource_name = "Skin"
bind_count = 81
bind/0/name = "Root"
bind/0/bone = -1
bind/0/pose = Transform( 1, 0, 0, 0, 1, 0, 0, 0, 1, 0, 0, 0 )
bind/1/name = "Body"
bind/1/bone = -1
bind/1/pose = Transform( 1, 0, 0, 0, 1, 0, 0, 0, 1, 0, -0.887111, -0.0222719 )
bind/2/name = "Lumbar"
bind/2/bone = -1
bind/2/pose = Transform( 1, 7.88893e-08, -2.24989e-07, 0, 0.943671, 0.330886, 2.38419e-07, -0.330886, 0.943671, -7.26473e-08, -0.784243, 0.304705 )
bind/3/name = "BackLower"
bind/3/bone = -1
bind/3/pose = Transform( 1, -2.69365e-08, -2.36892e-07, -1.59872e-14, 0.993597, -0.11298, 2.38419e-07, 0.11298, 0.993597, 2.60129e-08, -0.925454, -0.109106 )
bind/4/name = "BackUpper"
bind/4/bone = -1
bind/4/pose = Transform( 1, -3.65584e-08, -2.35599e-07, -2.13163e-14, 0.988174, -0.153337, 2.38419e-07, 0.153337, 0.988174, 3.58245e-08, -1.00779, -0.150259 )
bind/5/name = "Neck"
bind/5/bone = -1
bind/5/pose = Transform( 1, 3.62532e-08, -2.35646e-07, -1.42109e-14, 0.988372, 0.152057, 2.38419e-07, -0.152057, 0.988372, -4.5332e-08, -1.09846, 0.190136 )
bind/6/name = "Head"
bind/6/bone = -1
bind/6/pose = Transform( 1, 7.00222e-07, -1.45879e-07, 5.68434e-14, 0.203954, 0.97898, 7.15256e-07, -0.978981, 0.203954, -8.48926e-07, -0.241088, 1.18688 )
bind/7/name = "Hair1"
bind/7/bone = -1
bind/7/pose = Transform( 0.0644396, 0.247611, 0.966714, -0.955077, -0.265503, 0.131669, 0.289268, -0.931771, 0.219379, -0.467062, 0.375944, 1.32195 )
bind/8/name = "Hair2"
bind/8/bone = -1
bind/8/pose = Transform( 0.0678572, 0.247775, 0.966438, -0.917823, -0.364267, 0.157834, 0.391149, -0.897729, 0.202696, -0.386908, 0.48418, 1.31547 )
bind/9/name = "Hair3"
bind/9/bone = -1
bind/9/pose = Transform( 0.171101, 0.27071, 0.947333, -0.979479, -0.0572104, 0.193256, 0.106514, -0.96096, 0.255366, -0.34843, 0.0771637, 1.40578 )
bind/10/name = "Hair4"
bind/10/bone = -1
bind/10/pose = Transform( 0.360956, 0.335712, 0.870063, -0.527479, 0.84288, -0.106392, -0.769075, -0.420537, 0.481323, -0.523576, -1.15022, 0.640994 )
bind/11/name = "BrowOuter.L"
bind/11/bone = -1
bind/11/pose = Transform( 0.740681, 0.41678, 0.52696, -0.663196, 0.328019, 0.672737, 0.10753, -0.847761, 0.519364, -0.663341, -0.441917, 1.06422 )
bind/12/name = "BrowInner.L"
bind/12/bone = -1
bind/12/pose = Transform( 0.292006, 0.510687, 0.80866, -0.942125, 0.00797097, 0.335166, 0.164719, -0.85973, 0.483458, -0.797415, 0.00249994, 1.0813 )
bind/13/name = "BrowOuter.R"
bind/13/bone = -1
bind/13/pose = Transform( 0.740681, -0.41678, -0.52696, 0.663196, 0.328019, 0.672737, -0.10753, -0.847761, 0.519364, 0.663341, -0.441917, 1.06422 )
bind/14/name = "BrowInner.R"
bind/14/bone = -1
bind/14/pose = Transform( 0.292006, -0.510687, -0.808661, 0.942125, 0.00797098, 0.335166, -0.164719, -0.85973, 0.483458, 0.797415, 0.00249994, 1.0813 )
bind/15/name = "Collar.L"
bind/15/bone = -1
bind/15/pose = Transform( 0.373337, 0.458318, 0.806575, 0.71845, 0.407201, -0.56393, -0.586898, 0.79002, -0.177255, -0.5463, -0.409572, -0.820977 )
bind/16/name = "Bicep.L"
bind/16/bone = -1
bind/16/pose = Transform( 0.68684, 0.299265, 0.662338, 0.475601, -0.87416, -0.0982224, 0.549595, 0.382472, -0.742739, -0.394686, 0.926398, -0.457229 )
bind/17/name = "Forearm.L"
bind/17/bone = -1
bind/17/pose = Transform( 0.611364, 0.430915, 0.663737, 0.490999, -0.864329, 0.108888, 0.620608, 0.259324, -0.739998, -0.506951, 0.73836, -0.352263 )
bind/18/name = "Hand.L"
bind/18/bone = -1
bind/18/pose = Transform( 0.681719, 0.254801, 0.68581, 0.333644, -0.942517, 0.0185228, 0.651107, 0.216189, -0.727545, -0.386174, 0.658866, -0.326183 )
bind/19/name = "Thumb1.L"
bind/19/bone = -1
bind/19/pose = Transform( 0.0158048, 0.445998, 0.894894, -0.655774, -0.671004, 0.345997, 0.754791, -0.592317, 0.281869, -0.367788, 0.67724, 0.256817 )
bind/20/name = "Thumb2.L"
bind/20/bone = -1
bind/20/pose = Transform( -0.0567214, 0.34433, 0.937133, -0.515082, -0.814174, 0.267975, 0.855262, -0.467501, 0.223539, -0.278199, 0.705491, 0.144524 )
bind/21/name = "Thumb3.L"
bind/21/bone = -1
bind/21/pose = Transform( -0.0611065, 0.311089, 0.948414, -0.458247, -0.852875, 0.250226, 0.886722, -0.419318, 0.194672, -0.253878, 0.699143, 0.104514 )
bind/22/name = "Index1.L"
bind/22/bone = -1
bind/22/pose = Transform( -0.991609, -0.052793, -0.117998, 0.0588419, -0.997094, -0.0483774, -0.115101, -0.0549146, 0.991835, 0.339887, 0.69302, 0.023412 )
bind/23/name = "Index2.L"
bind/23/bone = -1
bind/23/pose = Transform( -0.992992, 0.0245918, -0.115593, -0.0231652, -0.999638, -0.0136685, -0.115888, -0.0108949, 0.993203, 0.28819, 0.679324, -0.00599557 )
bind/24/name = "Index3.L"
bind/24/bone = -1
bind/24/pose = Transform( -0.993015, 0.0235831, -0.115606, -0.0224692, -0.999688, -0.0109283, -0.115827, -0.00825428, 0.993235, 0.288847, 0.650482, -0.00771425 )
bind/25/name = "Fingers1.L"
bind/25/bone = -1
bind/25/pose = Transform( -0.990328, -0.0722385, -0.118455, 0.072566, -0.997362, 0.00155215, -0.118254, -0.00705847, 0.992958, 0.347609, 0.688993, 0.0347712 )
bind/26/name = "Fingers2.L"
bind/26/bone = -1
bind/26/pose = Transform( -0.992992, 0.0245918, -0.115593, -0.0231652, -0.999638, -0.0136686, -0.115888, -0.0108949, 0.993203, 0.283734, 0.674618, 0.0366179 )
bind/27/name = "Fingers3.L"
bind/27/bone = -1
bind/27/pose = Transform( -0.993015, 0.0235831, -0.115606, -0.0224692, -0.999688, -0.0109284, -0.115827, -0.00825428, 0.993235, 0.284385, 0.645894, 0.0349115 )
bind/28/name = "C_Thumb.L"
bind/28/bone = -1
bind/28/pose = Transform( -0.117897, 0.412864, 0.903131, -0.6803, 0.628944, -0.376327, -0.72339, -0.658767, 0.20672, -0.311351, -0.28371, 0.596816 )
bind/29/name = "C_Fingers.L"
bind/29/bone = -1
bind/29/pose = Transform( -0.138911, -0.97909, -0.148617, 0.990289, -0.136481, -0.0264782, 0.00564124, -0.150852, 0.98854, 0.643758, -0.213524, 0.0860207 )
bind/30/name = "C_Index.L"
bind/30/bone = -1
bind/30/pose = Transform( -0.194548, -0.973055, -0.123755, 0.980564, -0.196195, 0.00114953, -0.0253988, -0.121126, 0.992312, 0.66589, -0.172911, 0.0349871 )
bind/31/name = "Gun.R"
bind/31/bone = -1
bind/31/pose = Transform( 0.725483, -3.24316e-08, 0.688239, 5.21949e-08, -1, -9.4262e-08, 0.688239, -3.07667e-08, -0.725483, -0.196909, 0.720005, -0.166374 )
bind/32/name = "Gun.R.001"
bind/32/bone = -1
bind/32/pose = Transform( 0.725483, 1.28872e-15, 0.688239, 9.68983e-08, -1, -9.4262e-08, 0.688239, 1.22256e-15, -0.725483, -0.196909, 0.666522, -0.166374 )
bind/33/name = "Sleeve.L"
bind/33/bone = -1
bind/33/pose = Transform( 0.583856, 0.474907, 0.658464, 0.562656, -0.821386, 0.0935071, 0.58526, 0.315894, -0.74678, -0.537929, 0.625661, -0.393025 )
bind/34/name = "Collar.R"
bind/34/bone = -1
bind/34/pose = Transform( 0.373337, -0.458318, -0.806575, -0.71845, 0.407201, -0.56393, 0.586897, 0.79002, -0.177255, 0.5463, -0.409573, -0.820977 )
bind/35/name = "Bicep.R"
bind/35/bone = -1
bind/35/pose = Transform( 0.68684, -0.299265, -0.662338, -0.475601, -0.87416, -0.0982222, -0.549595, 0.382472, -0.742739, 0.394686, 0.926398, -0.457229 )
bind/36/name = "Forearm.R"
bind/36/bone = -1
bind/36/pose = Transform( 0.611364, -0.430915, -0.663737, -0.490999, -0.864329, 0.108888, -0.620608, 0.259324, -0.739997, 0.506951, 0.73836, -0.352263 )
bind/37/name = "Hand.R"
bind/37/bone = -1
bind/37/pose = Transform( 0.681719, -0.254801, -0.68581, -0.333644, -0.942517, 0.0185229, -0.651107, 0.216189, -0.727545, 0.386175, 0.658866, -0.326183 )
bind/38/name = "Thumb1.R"
bind/38/bone = -1
bind/38/pose = Transform( 0.0158048, -0.445998, -0.894894, 0.655774, -0.671004, 0.345997, -0.754792, -0.592317, 0.281869, 0.367788, 0.67724, 0.256817 )
bind/39/name = "Thumb2.R"
bind/39/bone = -1
bind/39/pose = Transform( -0.0567214, -0.34433, -0.937134, 0.515082, -0.814174, 0.267975, -0.855262, -0.467501, 0.223539, 0.278199, 0.705491, 0.144524 )
bind/40/name = "Thumb3.R"
bind/40/bone = -1
bind/40/pose = Transform( -0.0611065, -0.311089, -0.948414, 0.458247, -0.852875, 0.250226, -0.886722, -0.419318, 0.194672, 0.253878, 0.699143, 0.104514 )
bind/41/name = "Index1.R"
bind/41/bone = -1
bind/41/pose = Transform( -0.991609, 0.052793, 0.117998, -0.0588418, -0.997094, -0.0483773, 0.115101, -0.0549146, 0.991835, -0.339887, 0.69302, 0.023412 )
bind/42/name = "Index2.R"
bind/42/bone = -1
bind/42/pose = Transform( -0.992992, -0.0245918, 0.115593, 0.0231653, -0.999638, -0.0136685, 0.115888, -0.0108949, 0.993203, -0.28819, 0.679324, -0.00599558 )
bind/43/name = "Index3.R"
bind/43/bone = -1
bind/43/pose = Transform( -0.993015, -0.0235831, 0.115606, 0.0224693, -0.999688, -0.0109282, 0.115827, -0.00825428, 0.993235, -0.288847, 0.650482, -0.00771427 )
bind/44/name = "Fingers1.R"
bind/44/bone = -1
bind/44/pose = Transform( -0.990328, 0.0722386, 0.118455, -0.072566, -0.997362, 0.00155221, 0.118254, -0.0070586, 0.992958, -0.347609, 0.688993, 0.0347713 )
bind/45/name = "Fingers2.R"
bind/45/bone = -1
bind/45/pose = Transform( -0.992992, -0.0245918, 0.115593, 0.0231653, -0.999638, -0.0136684, 0.115888, -0.0108949, 0.993202, -0.283734, 0.674619, 0.0366179 )
bind/46/name = "Fingers3.R"
bind/46/bone = -1
bind/46/pose = Transform( -0.993015, -0.0235831, 0.115606, 0.0224693, -0.999688, -0.0109282, 0.115827, -0.00825427, 0.993235, -0.284386, 0.645894, 0.0349115 )
bind/47/name = "C_Thumb.R"
bind/47/bone = -1
bind/47/pose = Transform( -0.117897, -0.412864, -0.903131, 0.6803, 0.628944, -0.376327, 0.72339, -0.658767, 0.206721, 0.311351, -0.28371, 0.596816 )
bind/48/name = "C_Fingers.R"
bind/48/bone = -1
bind/48/pose = Transform( -0.138911, 0.97909, 0.148617, -0.990289, -0.136481, -0.026478, -0.00564105, -0.150852, 0.98854, -0.643758, -0.213524, 0.0860208 )
bind/49/name = "C_Index.R"
bind/49/bone = -1
bind/49/pose = Transform( -0.194548, 0.973055, 0.123755, -0.980564, -0.196195, 0.00114979, 0.0253989, -0.121126, 0.992312, -0.66589, -0.172911, 0.0349871 )
bind/50/name = "Object.R"
bind/50/bone = -1
bind/50/pose = Transform( 0.725483, -4.10223e-08, -0.68824, -4.32422e-08, -1, 4.10223e-08, -0.68824, -4.32422e-08, -0.725483, 0.194814, 0.722533, -0.153802 )
bind/51/name = "Sleeve.R"
bind/51/bone = -1
bind/51/pose = Transform( 0.583856, -0.474907, -0.658464, -0.562656, -0.821386, 0.0935072, -0.58526, 0.315894, -0.746781, 0.537929, 0.625661, -0.393026 )
bind/52/name = "Coat"
bind/52/bone = -1
bind/52/pose = Transform( 8.30005e-08, -2.98023e-08, -1, 3.40595e-08, -1, 1.19209e-07, -1, -1.92847e-08, -7.42787e-08, 0.024401, 0.9178, -0.00271821 )
bind/53/name = "Coat_Left"
bind/53/bone = -1
bind/53/pose = Transform( -0.0168552, -0.238675, -0.970953, 0.489914, -0.848502, 0.20007, -0.871608, -0.472311, 0.131232, 0.269921, 0.741716, 0.470229 )
bind/54/name = "Coat_Right"
bind/54/bone = -1
bind/54/pose = Transform( -0.364712, 0.518956, -0.773091, -0.73417, -0.670947, -0.104039, -0.572695, 0.529636, 0.625705, -0.43609, 0.59664, -0.559029 )
bind/55/name = "Coat_BackLeft"
bind/55/bone = -1
bind/55/pose = Transform( -0.388628, 0.316725, -0.865248, 0.447845, -0.755744, -0.477792, -0.805235, -0.57318, 0.15186, -0.280617, 0.667946, 0.568227 )
bind/56/name = "Coat_BackRight"
bind/56/bone = -1
bind/56/pose = Transform( -0.133851, 0.738079, -0.661305, -0.673785, -0.557118, -0.48542, -0.726703, 0.380604, 0.571877, -0.698643, 0.464575, -0.373688 )
bind/57/name = "Hips"
bind/57/bone = -1
bind/57/pose = Transform( 1, -5.09421e-06, 3.29366e-16, -3.29366e-16, 0, 1, -5.09421e-06, -1, -1.67786e-21, 4.21716e-06, 0.030163, 0.827833 )
bind/58/name = "Thign.L"
bind/58/bone = -1
bind/58/pose = Transform( 0.00166912, -0.0480052, -0.998846, 0.0519231, -0.997496, 0.0480271, -0.99865, -0.0519434, 0.000827634, 0.0531631, 0.802034, 0.128578 )
bind/59/name = "Calf.L"
bind/59/bone = -1
bind/59/pose = Transform( 0.998853, 0.0386429, 0.0282609, 0.0407864, -0.995986, -0.0796789, 0.0250685, 0.0807402, -0.99642, -0.12279, 0.497009, -0.0137968 )
bind/60/name = "Ankle.L"
bind/60/bone = -1
bind/60/pose = Transform( 0.0149591, -0.764865, -0.644018, 0.0328851, -0.643366, 0.764853, -0.999347, -0.0326201, 0.0155285, 0.0801966, 0.0677047, 0.122282 )
bind/61/name = "Toe.L"
bind/61/bone = -1
bind/61/pose = Transform( 0.0148867, -0.982944, -0.183303, 0.0720147, -0.181794, 0.980696, -0.997293, -0.0277999, 0.0680801, 0.0543537, -0.0759403, 0.117808 )
bind/62/name = "Thign.R"
bind/62/bone = -1
bind/62/pose = Transform( 0.00166907, 0.0480052, 0.998846, -0.0519229, -0.997495, 0.0480271, 0.998649, -0.0519433, 0.000827692, -0.0531631, 0.802034, 0.128578 )
bind/63/name = "Calf.R"
bind/63/bone = -1
bind/63/pose = Transform( 0.998853, -0.0386429, -0.028261, -0.0407862, -0.995986, -0.0796789, -0.0250685, 0.0807402, -0.99642, 0.12279, 0.497009, -0.0137968 )
bind/64/name = "Ankle.R"
bind/64/bone = -1
bind/64/pose = Transform( 0.014959, 0.764864, 0.644018, -0.032885, -0.643365, 0.764853, 0.999347, -0.0326201, 0.0155284, -0.0801965, 0.0677046, 0.122282 )
bind/65/name = "Toe.R"
bind/65/bone = -1
bind/65/pose = Transform( 0.0148867, 0.982944, 0.183303, -0.0720146, -0.181793, 0.980696, 0.997292, -0.0278, 0.06808, -0.0543536, -0.0759403, 0.117808 )
bind/66/name = "Hover_Root"
bind/66/bone = -1
bind/66/pose = Transform( 1, 0, 0, 0, 1, 0, 0, 0, 1, 0, 0, 0 )
bind/67/name = "C_Foot.L"
bind/67/bone = -1
bind/67/pose = Transform( -1, 0, 0, 0, 0, 1, 0, 1, 0, 0.124217, 0.0435357, -0.00202016 )
bind/68/name = "C_FootTarget.L"
bind/68/bone = -1
bind/68/pose = Transform( -0.0256425, 0.999671, 0, 0, 0, -1, -0.999671, -0.0256425, 0, -0.105805, -0.00203497, 0.121529 )
bind/69/name = "C_ToePole.L"
bind/69/bone = -1
bind/69/pose = Transform( 0.0854866, -1.59231e-10, 0.996339, 1.58427e-08, 1, 9.74899e-08, -0.996339, 1.85583e-09, 0.0854866, -0.0865795, -0.0875775, 0.115169 )
bind/70/name = "C_ToeTarget.L"
bind/70/bone = -1
bind/70/pose = Transform( 0.101401, 0, 0.994846, 1.18595e-07, 1, -1.20879e-08, -0.994846, 0, 0.101401, -0.186531, -0.0247486, 0.110996 )
bind/71/name = "C_KneePole.L"
bind/71/bone = -1
bind/71/pose = Transform( 0.0676167, -0.997711, 0, 0, 0, 1, -0.997711, -0.0676167, 0, 0.492418, -0.268079, 0.141706 )
bind/72/name = "C_HandTarget.L"
bind/72/bone = -1
bind/72/pose = Transform( 0.97708, -0.212873, 0, 0, 0, -1, 0.212873, 0.97708, 0, -0.0818031, 0.0153253, -0.826259 )
bind/73/name = "C_ElbowPole.L"
bind/73/bone = -1
bind/73/pose = Transform( 0.973675, -0.227941, 0, 0, 0, -1, 0.227941, 0.973675, 0, 0.0544405, -0.203078, -0.960874 )
bind/74/name = "C_Foot.R"
bind/74/bone = -1
bind/74/pose = Transform( -1, 0, 0, 0, 0, 1, 0, 1, 0, -0.124217, 0.0435357, -0.00202016 )
bind/75/name = "C_FootTarget.R"
bind/75/bone = -1
bind/75/pose = Transform( -0.0256425, -0.999671, 0, 0, 0, -1, 0.999671, -0.0256425, 0, 0.105805, -0.00203497, 0.121529 )
bind/76/name = "C_ToePole.R"
bind/76/bone = -1
bind/76/pose = Transform( 0.0854866, 1.59231e-10, -0.996339, -1.58427e-08, 1, 9.74899e-08, 0.996339, 1.85583e-09, 0.0854866, 0.0865795, -0.0875775, 0.115169 )
bind/77/name = "C_ToeTarget.R"
bind/77/bone = -1
bind/77/pose = Transform( 0.101401, 0, -0.994846, -1.18595e-07, 1, -1.20879e-08, 0.994846, 0, 0.101401, 0.186531, -0.0247486, 0.110996 )
bind/78/name = "C_KneePole.R"
bind/78/bone = -1
bind/78/pose = Transform( 0.0676167, 0.997711, 0, 0, 0, 1, 0.997711, -0.0676167, 0, -0.492418, -0.268079, 0.141706 )
bind/79/name = "C_HandTarget.R"
bind/79/bone = -1
bind/79/pose = Transform( 0.97708, 0.212873, 0, 0, 0, -1, -0.212873, 0.97708, 0, 0.0818031, 0.0153253, -0.826259 )
bind/80/name = "C_ElbowPole.R"
bind/80/bone = -1
bind/80/pose = Transform( 0.973675, 0.227941, 0, 0, 0, -1, -0.227941, 0.973675, 0, -0.0544405, -0.203078, -0.960874 )

[sub_resource type="ShaderMaterial" id=1]
resource_local_to_scene = true
shader = ExtResource( 3 )
shader_param/max_depth = 20.0
shader_param/depth_color = null

[node name="chunk097" type="MultiMeshSystem"]
script = ExtResource( 1 )

[node name="area_old_village" type="Spatial" parent="."]
transform = Transform( 1, 0, 0, 0, 1, 0, 0, 0, 1, 347.953, 430.476, 15.0423 )

[node name="hut" parent="area_old_village" instance=ExtResource( 40 )]
transform = Transform( -0.86165, 0, 0.507502, 0, 1, 0, -0.507502, 0, -0.86165, -8.25531, 9.34238, -11.1459 )

[node name="hover_scooter_pickup" parent="area_old_village/hut" instance=ExtResource( 2 )]
transform = Transform( 0.211307, -0.00794543, 0.977388, -0.529376, 0.839675, 0.121275, -0.821651, -0.543032, 0.173223, 0.212646, 0.176697, 5.961 )
item_id = "hover_scooter"

[node name="hover_board" type="MeshInstance" parent="area_old_village/hut/hover_scooter_pickup"]
time_scale_response = false
layers = 2
mesh = SubResource( 4 )
skin = SubResource( 2 )

[node name="gunner" parent="area_old_village" instance=ExtResource( 54 )]
transform = Transform( -0.528006, 0, -0.849241, 0, 1, 0, 0.849241, 0, -0.528006, 13.2719, 27.652, 44.4343 )

[node name="gunner2" parent="area_old_village" instance=ExtResource( 54 )]
transform = Transform( 0.728553, 0, -0.684989, 0, 1, 0, 0.684989, 0, 0.728553, -10.3934, 16.5053, -4.82982 )

[node name="rock11" parent="." instance=ExtResource( 11 )]
transform = Transform( 0.962693, -0.246656, 0.111276, 0.270595, 0.877526, -0.395886, 0, 0.411228, 0.911533, 201.69, 399.261, -101.288 )

[node name="rock12" parent="." instance=ExtResource( 8 )]
transform = Transform( 0.450508, 0.813794, -0.367127, -0.403881, -0.18096, -0.896735, -0.796193, 0.552262, 0.247151, 211.75, 403.147, -117.323 )

[node name="rock13" parent="." instance=ExtResource( 14 )]
transform = Transform( -0.669112, 0.526218, 0.52477, -0.618176, -0.78604, 0, 0.41249, -0.3244, 0.851244, 237.815, 391.891, -76.4422 )

[node name="rock14" parent="." instance=ExtResource( 11 )]
transform = Transform( 0.944681, 0.0898869, 0.315434, 0.0852596, -0.995952, 0.0284687, 0.316716, 0, -0.94852, 252.229, 416.7, -109.683 )

[node name="death_plane" parent="." instance=ExtResource( 4 )]
transform = Transform( 24.6384, -23.9397, -3.14189e-08, 0, -1.45585e-06, 1, -25.4727, -23.1555, -3.03898e-08, -39.3099, 330.383, -43.0729 )
material/0 = SubResource( 1 )

[node name="death_plane2" parent="." instance=ExtResource( 4 )]
transform = Transform( 24.6384, -23.9397, -3.14189e-08, 0, -1.45585e-06, 1, -25.4727, -23.1555, -3.03898e-08, -39.3099, 319.114, -43.0729 )
material/0 = SubResource( 1 )
