[gd_scene load_steps=12 format=2]

[ext_resource path="res://areas/chunks/chunk075_lowres.tscn" type="PackedScene" id=1]
[ext_resource path="res://entities/env/copper/platform_target.tscn" type="PackedScene" id=2]
[ext_resource path="res://entities/enemies/crawly.tscn" type="PackedScene" id=3]
[ext_resource path="res://entities/fountain.tscn" type="PackedScene" id=4]
[ext_resource path="res://entities/env/copper/scrap_pile2.tscn" type="PackedScene" id=5]
[ext_resource path="res://entities/env/copper/scrap2.tscn" type="PackedScene" id=6]
[ext_resource path="res://entities/env/stone/rock1.tscn" type="PackedScene" id=7]
[ext_resource path="res://entities/env/copper/scrap_pile1.tscn" type="PackedScene" id=8]
[ext_resource path="res://entities/env/copper/scrap1.tscn" type="PackedScene" id=9]
[ext_resource path="res://entities/env/copper/scrap_pile3.tscn" type="PackedScene" id=10]
[ext_resource path="res://entities/env/copper/scrap3.tscn" type="PackedScene" id=11]

[node name="chunk075" instance=ExtResource( 1 )]

[node name="crawly" parent="." index="0" instance=ExtResource( 3 )]
transform = Transform( -0.636684, 0, 0.771125, 0, 1, 0, -0.771125, 0, -0.636684, 283.84, 121.796, 216.072 )

[node name="platform" parent="." index="1" instance=ExtResource( 2 )]
transform = Transform( -0.483741, 0, 0.875211, 0, 1, 0, -0.875211, 0, -0.483741, 285.242, 121.066, 218.871 )

[node name="fountain" parent="." index="2" instance=ExtResource( 4 )]
transform = Transform( 1, 0, 0, 0, 0.992113, 0.125351, 0, -0.125351, 0.992113, 201.186, 134.137, 207.368 )

[node name="scrap_pile2" parent="." index="3" instance=ExtResource( 5 )]
transform = Transform( -0.0056199, 0, -0.999984, 0.960288, 0.278958, -0.00539681, 0.278953, -0.960303, -0.00156771, 108.997, -5.05238, 152.768 )

[node name="scrap_pile1" parent="." index="4" instance=ExtResource( 8 )]
transform = Transform( 0.136691, 0.15128, 0.978994, -0.962756, 0.253007, 0.0953277, -0.233272, -0.955564, 0.18023, 93.2876, -5.20693, 158.402 )

[node name="scrap3" parent="." index="5" instance=ExtResource( 11 )]
transform = Transform( -0.228606, -0.0850171, -0.9698, 0.446942, -0.894156, -0.0269694, -0.86486, -0.439609, 0.242407, 101.759, -5.98807, 168.675 )

[node name="scrap2" parent="." index="6" instance=ExtResource( 6 )]
transform = Transform( -0.0531203, -0.998588, 0, 0.962887, -0.0512212, -0.265001, 0.264627, -0.0140769, 0.964248, 118.432, -3.3059, 164.496 )

[node name="scrap4" parent="." index="7" instance=ExtResource( 6 )]
transform = Transform( -0.0531203, -0.998588, 0, 0.962887, -0.0512212, -0.265001, 0.264627, -0.0140769, 0.964248, 89.1845, -5.34727, 156.903 )

[node name="rock1" parent="." index="8" instance=ExtResource( 7 )]
transform = Transform( 0.0638392, 0.0911448, -0.993789, -0.819072, 0.573691, 0, 0.570128, 0.813985, 0.111278, 112.316, -4.5177, 170.459 )

[node name="rock2" parent="." index="9" instance=ExtResource( 7 )]
transform = Transform( 0.264075, -0.964502, 0, 0.964502, 0.264075, 0, 0, 0, 1, 101.043, -6.27368, 159.936 )

[node name="scrap1" parent="." index="10" instance=ExtResource( 9 )]
transform = Transform( 0.255429, -0.519348, -0.815496, 0, -0.843476, 0.537167, -0.966828, -0.137208, -0.215448, 59.1221, 4.05967, 48.731 )

[node name="scrap_pile3" parent="." index="11" instance=ExtResource( 10 )]
transform = Transform( 1, 0, 0, 0, -0.00776669, 0.99997, 0, -0.99997, -0.00776669, 123.955, 3.4274, -11.5024 )

[node name="scrap5" parent="." index="12" instance=ExtResource( 6 )]
transform = Transform( -0.339263, 0, -0.940691, 0.385896, 0.911984, -0.139174, 0.857896, -0.410225, -0.309403, 119.816, 0.885387, 109.223 )

[node name="rock3" parent="." index="13" instance=ExtResource( 7 )]
transform = Transform( 0.913162, 0.389394, -0.120448, 0, 0.295508, 0.95534, 0.407597, -0.87238, 0.269847, 164.342, 114.199, 218.751 )

[node name="rock4" parent="." index="14" instance=ExtResource( 7 )]
transform = Transform( -0.528089, -0.594257, -0.606614, -0.400818, 0.804195, -0.438881, 0.748644, 0.0113731, -0.662875, 164.342, 108.938, 218.751 )
