[gd_scene load_steps=35 format=2]

[ext_resource path="res://areas/chunk_content.gd" type="Script" id=1]
[ext_resource path="res://entities/enemies/deathgnat.tscn" type="PackedScene" id=2]
[ext_resource path="res://entities/env/stone/rock1.tscn" type="PackedScene" id=3]
[ext_resource path="res://entities/enemies/crawly.tscn" type="PackedScene" id=4]
[ext_resource path="res://entities/env/copper/bridge_long.tscn" type="PackedScene" id=5]
[ext_resource path="res://entities/env/copper/scrap1.tscn" type="PackedScene" id=6]
[ext_resource path="res://items/gem_pickup.tscn" type="PackedScene" id=7]
[ext_resource path="res://entities/env/copper/scrap_pile1.tscn" type="PackedScene" id=8]
[ext_resource path="res://items/bug_pickup.tscn" type="PackedScene" id=9]
[ext_resource path="res://material/triplanar_local_coords.shader" type="Shader" id=10]
[ext_resource path="res://entities/env/stone/rock3.tscn" type="PackedScene" id=11]
[ext_resource path="res://material/env/stone/monument_stone.png" type="Texture" id=12]
[ext_resource path="res://entities/env/stone/fountain.tscn" type="PackedScene" id=13]
[ext_resource path="res://entities/env/copper/scrap_pile2.tscn" type="PackedScene" id=14]
[ext_resource path="res://entities/env/copper/c_table.tscn" type="PackedScene" id=15]
[ext_resource path="res://entities/npc/npc.tscn" type="PackedScene" id=16]
[ext_resource path="res://entities/env/stone/rock2.tscn" type="PackedScene" id=17]
[ext_resource path="res://entities/env/copper/scrap_pile3.tscn" type="PackedScene" id=18]
[ext_resource path="res://entities/water_hut.tscn" type="PackedScene" id=19]
[ext_resource path="res://dialog/water/chunk137.dialog" type="Resource" id=20]
[ext_resource path="res://dialog/side_content/chunk137/monument.dialog" type="Resource" id=21]
[ext_resource path="res://dialog/side_content/chunk137/tavern.dialog" type="Resource" id=22]
[ext_resource path="res://entities/shop_stock/temp_stock.inv" type="Resource" id=23]
[ext_resource path="res://entities/npc/npc_shop.tscn" type="PackedScene" id=24]
[ext_resource path="res://entities/env/stone/rock_collapsible.tscn" type="PackedScene" id=25]
[ext_resource path="res://games/laili/point.gd" type="Script" id=26]
[ext_resource path="res://_glb/chunks/chunk137.glb" type="PackedScene" id=27]
[ext_resource path="res://games/laili/path.gd" type="Script" id=28]
[ext_resource path="res://entities/npc/npc_laili.tscn" type="PackedScene" id=29]
[ext_resource path="res://material/env/stone/brick_and_cobble.material" type="Material" id=62]

[sub_resource type="ShaderMaterial" id=3]
shader = ExtResource( 10 )
shader_param/uv_scale = 0.125
shader_param/power = 5.0
shader_param/softness = 0.5
shader_param/specularity = 1.0
shader_param/light_bias = 0.0
shader_param/wall = ExtResource( 12 )
shader_param/ground = ExtResource( 12 )
shader_param/ceiling = ExtResource( 12 )

[sub_resource type="SphereMesh" id=4]
radial_segments = 12
rings = 12

[sub_resource type="SphereShape" id=5]

[sub_resource type="OccluderShapePolygon" id=2]
polygon_points = PoolVector2Array( 304.094, -184.746, 183.886, 7.62628, -98.9865, -27.9154, -113.381, -126.337, -4.50912, 15.4447, 246.273, -13.383 )

[node name="chunk137" instance=ExtResource( 27 )]
script = ExtResource( 1 )
preview_neighbors = true

[node name="city" parent="." index="0"]
material/0 = ExtResource( 62 )

[node name="protector" parent="city" index="1"]
material/0 = SubResource( 3 )

[node name="active_entities" type="Spatial" parent="." index="1"]

[node name="zone_bridge" type="MultiMeshSystem" parent="active_entities" index="0"]
transform = Transform( 1, 0, 0, 0, 1, 0, 0, 0, 1, 72.4843, -243.908, 99.6896 )

[node name="deathgnat" parent="active_entities/zone_bridge" index="0" instance=ExtResource( 2 )]
transform = Transform( 1, 0, 0, 0, 1, 0, 0, 0, 1, -84.4843, -4.8578, 2.31044 )

[node name="deathgnat2" parent="active_entities/zone_bridge" index="1" instance=ExtResource( 2 )]
transform = Transform( -0.258819, 0, -0.965926, 0, 1, 0, 0.965926, 0, -0.258819, -69.0677, -4.02879, 22.5504 )

[node name="deathgnat3" parent="active_entities/zone_bridge" index="2" instance=ExtResource( 2 )]
transform = Transform( -0.5, 0, 0.866025, 0, 1, 0, -0.866025, 0, -0.5, -104.82, -5.7318, 30.4664 )
drops_coat = true
minimum_rarity = 1
maximum_rarity = 3

[node name="crawly" parent="active_entities/zone_bridge" index="3" instance=ExtResource( 4 )]
transform = Transform( 0.608415, 0, 0.793619, 0, 1, 0, -0.793619, 0, 0.608415, -98.4843, -8.3788, 9.31044 )

[node name="crawly2" parent="active_entities/zone_bridge" index="4" instance=ExtResource( 4 )]
transform = Transform( 0.609108, 0, -0.793088, 0, 1, 0, 0.793088, 0, 0.609108, -79.7023, -8.3788, 11.1084 )

[node name="crawly3" parent="active_entities/zone_bridge" index="5" instance=ExtResource( 4 )]
transform = Transform( 0.609108, 0, -0.793088, 0, 1, 0, 0.793088, 0, 0.609108, -75.9333, -8.3788, 25.8664 )

[node name="crawly7" parent="active_entities/zone_bridge" index="6" instance=ExtResource( 4 )]
transform = Transform( 0.923712, 0, 0.383087, 0, 1, 0, -0.383087, 0, 0.923712, -85.7486, -8.3788, 24.5784 )

[node name="crawly8" parent="active_entities/zone_bridge" index="7" instance=ExtResource( 4 )]
transform = Transform( -0.38228, 0, -0.924046, 0, 1, 0, 0.924046, 0, -0.38228, -54.7186, 76.6212, 99.3994 )

[node name="crawly4" parent="active_entities/zone_bridge" index="8" instance=ExtResource( 4 )]
transform = Transform( 0.609108, 0, -0.793088, 0, 1, 0, 0.793088, 0, 0.609108, -40.3711, -10.7808, 4.85844 )
drops_coat = true
minimum_rarity = 1
maximum_rarity = 3
health = 75

[node name="crawly5" parent="active_entities/zone_bridge" index="9" instance=ExtResource( 4 )]
transform = Transform( 0.991502, 0, -0.130094, 0, 1, 0, 0.130094, 0, 0.991502, -52.0138, -10.7808, 1.19144 )

[node name="crawly6" parent="active_entities/zone_bridge" index="10" instance=ExtResource( 4 )]
transform = Transform( 0.130959, 0, -0.991388, 0, 1, 0, 0.991388, 0, 0.130959, -41.0757, -10.7808, 17.7554 )

[node name="crawly9" parent="active_entities/zone_bridge" index="11" instance=ExtResource( 4 )]
transform = Transform( 1, 0, 0, 0, 1, 0, 0, 0, 1, 6.75025, 126.514, -23.4434 )

[node name="pickups_bridge" type="MultiMeshSystem" parent="active_entities/zone_bridge" index="12"]
transform = Transform( 1, 0, 0, 0, 1, 0, 0, 0, 1, 9.54624, 90.3457, -15.9983 )

[node name="gem_pickup3" parent="active_entities/zone_bridge/pickups_bridge" index="0" instance=ExtResource( 7 )]
transform = Transform( 1, 0, 0, 0, 1, 0, 0, 0, 1, -10.3433, -92.7805, 14.4381 )

[node name="gem_pickup7" parent="active_entities/zone_bridge/pickups_bridge" index="1" instance=ExtResource( 7 )]
transform = Transform( 1, 0, 0, 0, 1, 0, 0, 0, 1, -13.6395, -103.063, 1.60535 )

[node name="gem_pickup9" parent="active_entities/zone_bridge/pickups_bridge" index="2" instance=ExtResource( 7 )]
transform = Transform( 1, 0, 0, 0, 1, 0, 0, 0, 1, -6.22498, -103.063, -2.09885 )

[node name="gem_pickup4" parent="active_entities/zone_bridge/pickups_bridge" index="3" instance=ExtResource( 7 )]
transform = Transform( 1, 0, 0, 0, 1, 0, 0, 0, 1, -16.9301, -90.3495, 20.6277 )

[node name="bug_pickup" parent="active_entities/zone_bridge/pickups_bridge" index="4" instance=ExtResource( 9 )]
transform = Transform( 1, 0, 0, 0, 1, 0, 0, 0, 1, -28.9254, -89.0585, 32.3457 )

[node name="bug_pickup2" parent="active_entities/zone_bridge/pickups_bridge" index="5" instance=ExtResource( 9 )]
transform = Transform( 1, 0, 0, 0, 1, 0, 0, 0, 1, -13.7979, -101.319, 7.96214 )

[node name="bug_pickup3" parent="active_entities/zone_bridge/pickups_bridge" index="6" instance=ExtResource( 9 )]
transform = Transform( 1, 0, 0, 0, 1, 0, 0, 0, 1, -1.10548, -99.0135, -2.69756 )

[node name="bug_pickup4" parent="active_entities/zone_bridge/pickups_bridge" index="7" instance=ExtResource( 9 )]
transform = Transform( 1, 0, 0, 0, 1, 0, 0, 0, 1, -6.17509, -92.2085, -3.52745 )

[node name="gem_pickup11" parent="active_entities/zone_bridge/pickups_bridge" index="8" instance=ExtResource( 7 )]
transform = Transform( 1, 0, 0, 0, 1, 0, 0, 0, 1, -10.4171, -96.1855, 0.591148 )

[node name="bug_pickup5" parent="active_entities/zone_bridge/pickups_bridge" index="9" instance=ExtResource( 9 )]
transform = Transform( 1, 0, 0, 0, 1, 0, 0, 0, 1, -8.91248, -99.0295, 1.43674 )

[node name="gem_pickup13" parent="active_entities/zone_bridge/pickups_bridge" index="10" instance=ExtResource( 7 )]
transform = Transform( 1, 0, 0, 0, 1, 0, 0, 0, 1, -14.9615, -98.0195, 3.50995 )

[node name="gem_pickup15" parent="active_entities/zone_bridge/pickups_bridge" index="11" instance=ExtResource( 7 )]
transform = Transform( 1, 0, 0, 0, 1, 0, 0, 0, 1, -12.228, -91.2825, 33.6737 )

[node name="gem_pickup31" parent="active_entities/zone_bridge/pickups_bridge" index="12" instance=ExtResource( 7 )]
transform = Transform( 1, 0, 0, 0, 1, 0, 0, 0, 1, -2.27089, -57.5285, -63.0191 )

[node name="gem_pickup35" parent="active_entities/zone_bridge/pickups_bridge" index="13" instance=ExtResource( 7 )]
transform = Transform( 1, 0, 0, 0, 1, 0, 0, 0, 1, -2.32219, -44.8955, -61.1073 )

[node name="gem_pickup37" parent="active_entities/zone_bridge/pickups_bridge" index="14" instance=ExtResource( 7 )]
transform = Transform( 1, 0, 0, 0, 1, 0, 0, 0, 1, -2.05499, 20.2775, -70.3893 )

[node name="bug_pickup8" parent="active_entities/zone_bridge/pickups_bridge" index="15" instance=ExtResource( 9 )]
transform = Transform( 1, 0, 0, 0, 1, 0, 0, 0, 1, -2.40598, 32.8075, -17.5419 )

[node name="gem_pickup41" parent="active_entities/zone_bridge/pickups_bridge" index="16" instance=ExtResource( 7 )]
transform = Transform( 1, 0, 0, 0, 1, 0, 0, 0, 1, -2.49918, 30.1815, -24.049 )

[node name="gem_pickup43" parent="active_entities/zone_bridge/pickups_bridge" index="17" instance=ExtResource( 7 )]
transform = Transform( 1, 0, 0, 0, 1, 0, 0, 0, 1, -2.45419, -43.4565, -21.2382 )

[node name="gem_pickup47" parent="active_entities/zone_bridge/pickups_bridge" index="18" instance=ExtResource( 7 )]
transform = Transform( 1, 0, 0, 0, 1, 0, 0, 0, 1, -2.46969, -44.7845, 5.42405 )

[node name="gem_pickup49" parent="active_entities/zone_bridge/pickups_bridge" index="19" instance=ExtResource( 7 )]
transform = Transform( 1, 0, 0, 0, 1, 0, 0, 0, 1, -2.54329, 25.6305, 9.38605 )

[node name="gem_pickup51" parent="active_entities/zone_bridge/pickups_bridge" index="20" instance=ExtResource( 7 )]
transform = Transform( 1, 0, 0, 0, 1, 0, 0, 0, 1, -2.35129, 27.2445, 13.2449 )

[node name="bug_pickup10" parent="active_entities/zone_bridge/pickups_bridge" index="21" instance=ExtResource( 9 )]
transform = Transform( 1, 0, 0, 0, 1, 0, 0, 0, 1, -2.38618, 29.9665, 26.6707 )

[node name="bug_pickup14" parent="active_entities/zone_bridge/pickups_bridge" index="22" instance=ExtResource( 9 )]
transform = Transform( 1, 0, 0, 0, 1, 0, 0, 0, 1, -2.73969, 25.5855, -63.6295 )

[node name="bug_pickup15" parent="active_entities/zone_bridge/pickups_bridge" index="23" instance=ExtResource( 9 )]
transform = Transform( 1, 0, 0, 0, 1, 0, 0, 0, 1, -2.45599, 16.7375, 67.6917 )

[node name="gem_pickup55" parent="active_entities/zone_bridge/pickups_bridge" index="24" instance=ExtResource( 7 )]
transform = Transform( 1, 0, 0, 0, 1, 0, 0, 0, 1, -2.32619, 18.2445, 58.6127 )

[node name="gem_pickup59" parent="active_entities/zone_bridge/pickups_bridge" index="25" instance=ExtResource( 7 )]
transform = Transform( 1, 0, 0, 0, 1, 0, 0, 0, 1, -2.29509, -42.5085, 21.0627 )

[node name="gem_pickup63" parent="active_entities/zone_bridge/pickups_bridge" index="26" instance=ExtResource( 7 )]
transform = Transform( 1, 0, 0, 0, 1, 0, 0, 0, 1, -2.70818, -51.7726, 41.0917 )

[node name="gem_pickup65" parent="active_entities/zone_bridge/pickups_bridge" index="27" instance=ExtResource( 7 )]
transform = Transform( 1, 0, 0, 0, 1, 0, 0, 0, 1, -2.38219, -7.80354, 48.1987 )

[node name="gem_pickup73" parent="active_entities/zone_bridge/pickups_bridge" index="28" instance=ExtResource( 7 )]
transform = Transform( 1, 0, 0, 0, 1, 0, 0, 0, 1, -2.42738, 4.80745, 77.3407 )

[node name="bug_pickup18" parent="active_entities/zone_bridge/pickups_bridge" index="29" instance=ExtResource( 9 )]
transform = Transform( 1, 0, 0, 0, 1, 0, 0, 0, 1, -2.75239, 2.09946, 93.1827 )

[node name="gem_pickup" parent="active_entities/zone_bridge/pickups_bridge" index="30" instance=ExtResource( 7 )]
transform = Transform( 1, 0, 0, 0, 1, 0, 0, 0, 1, 19.4384, -13.0685, 145.996 )

[node name="gem_pickup135" parent="active_entities/zone_bridge/pickups_bridge" index="31" instance=ExtResource( 7 )]
transform = Transform( 1, 0, 0, 0, 0.999281, -0.0379104, 0, 0.0379104, 0.999281, -5.49728, 24.0609, -77.9953 )

[node name="gem_pickup137" parent="active_entities/zone_bridge/pickups_bridge" index="32" instance=ExtResource( 7 )]
transform = Transform( 1, 0, 0, 0, 0.999281, -0.0379104, 0, 0.0379104, 0.999281, 0.295731, 18.2025, -93.6068 )

[node name="gem_pickup119" parent="active_entities/zone_bridge/pickups_bridge" index="33" instance=ExtResource( 7 )]
transform = Transform( 1, 0, 0, 0, 1, 0, 0, 0, 1, -5.54008, 10.8165, 86.1158 )

[node name="gem_pickup121" parent="active_entities/zone_bridge/pickups_bridge" index="34" instance=ExtResource( 7 )]
transform = Transform( 1, 0, 0, 0, 1, 0, 0, 0, 1, 0.889191, 31.2605, 37.4437 )

[node name="gem_pickup127" parent="active_entities/zone_bridge/pickups_bridge" index="35" instance=ExtResource( 7 )]
transform = Transform( 1, 0, 0, 0, 1, 0, 0, 0, 1, -5.51318, 36.6555, 3.67764 )

[node name="gem_pickup131" parent="active_entities/zone_bridge/pickups_bridge" index="36" instance=ExtResource( 7 )]
transform = Transform( 1, 0, 0, 0, 1, 0, 0, 0, 1, 0.763298, 35.5098, -34.8987 )

[node name="zone_cliff" type="MultiMeshSystem" parent="active_entities" index="1"]
transform = Transform( 1, 0, 0, 0, 1, 0, 0, 0, 1, -158.745, 17.9405, -83.8468 )

[node name="pickups_cliff" type="MultiMeshSystem" parent="active_entities/zone_cliff" index="0"]
transform = Transform( 1, 0, 0, 0, 1, 0, 0, 0, 1, 11.668, -17.9405, 23.0754 )

[node name="bug_pickup41" parent="active_entities/zone_cliff/pickups_cliff" index="0" instance=ExtResource( 9 )]
transform = Transform( 1, 0, 0, 0, 1, 0, 0, 0, 1, -0.474274, 43.4465, -99.4696 )

[node name="gem_pickup142" parent="active_entities/zone_cliff/pickups_cliff" index="1" instance=ExtResource( 7 )]
transform = Transform( 1, 0, 0, 0, 1, 0, 0, 0, 1, -1.25427, 42.3942, -98.4746 )

[node name="gem_pickup143" parent="active_entities/zone_cliff/pickups_cliff" index="2" instance=ExtResource( 7 )]
transform = Transform( 1, 0, 0, 0, 1, 0, 0, 0, 1, -1.86928, 42.0079, -97.6876 )

[node name="gem_pickup144" parent="active_entities/zone_cliff/pickups_cliff" index="3" instance=ExtResource( 7 )]
transform = Transform( 1, 0, 0, 0, 1, 0, 0, 0, 1, -2.50227, 41.2218, -96.5596 )

[node name="npc10" parent="active_entities/zone_cliff" index="1" instance=ExtResource( 16 )]
transform = Transform( 0.862054, 0, 0.506816, 0, 1, 0, -0.506816, 0, 0.862054, -25.7363, 21.0853, -86.4162 )
dialog = ExtResource( 20 )
visual_name = "Water-tender"

[node name="zone_city" type="MultiMeshSystem" parent="active_entities" index="2"]
transform = Transform( 1, 0, 0, 0, 1, 0, 0, 0, 1, 69.7054, -125.736, -129.742 )

[node name="npc_shop_tirus" parent="active_entities/zone_city" index="0" instance=ExtResource( 24 )]
transform = Transform( -0.976936, 0, 0.213531, 0, 1, 0, -0.213531, 0, -0.976936, 56.7071, -14.7281, 16.986 )
dialog = ExtResource( 22 )
visual_name = "Tirus"
friendly_id = "tirus"
custom_entry = "tirus"
inventory_data = ExtResource( 23 )

[node name="npc_monument" parent="active_entities/zone_city" index="1" instance=ExtResource( 16 )]
transform = Transform( 0.893915, 0, -0.448236, 0, 1, 0, 0.448236, 0, 0.893915, 4.1653, -12.4994, 7.81284 )
dialog = ExtResource( 21 )
visual_name = "Custodian"

[node name="c_table" parent="active_entities/zone_city" index="2" instance=ExtResource( 15 )]
transform = Transform( 1, 0, 0, 0, 1, 0, 0, 0, 1, 56.6184, -15.5187, 17.2506 )

[node name="rock2" parent="active_entities/zone_city" index="3" instance=ExtResource( 3 )]
transform = Transform( 1, 0, 0, 0, 1, 0, 0, 0, 1, -9.02258, 18.1355, -52.413 )

[node name="rock_collapsible" parent="active_entities/zone_city" index="4" instance=ExtResource( 25 )]
transform = Transform( -0.352418, 0, -0.935843, 0, 1, 0, 0.935843, 0, -0.352418, -28.5404, 78.1974, -68.086 )

[node name="rock_collapsible2" parent="active_entities/zone_city" index="5" instance=ExtResource( 25 )]
transform = Transform( 0.0358648, 0, -0.999357, 0, 1, 0, 0.999357, 0, 0.0358648, -37.7935, 78.1974, -69.349 )

[node name="laili_points" type="Spatial" parent="active_entities/zone_city" index="6"]
transform = Transform( 1, 0, 0, 0, 1, 0, 0, 0, 1, 20.9676, 8.299, -29.675 )
script = ExtResource( 28 )
chunk_entry = "chunk138:laili_points"

[node name="start" type="Area" parent="active_entities/zone_city/laili_points" index="0"]
transform = Transform( -0.532635, 0, -0.846345, 0, 1, 0, 0.846345, 0, -0.532635, 4.26551, -20.2024, 1.9958 )
collision_layer = 0
collision_mask = 2
script = ExtResource( 26 )
__meta__ = {
"_edit_group_": true
}
checkpoint = true

[node name="MeshInstance" type="MeshInstance" parent="active_entities/zone_city/laili_points/start" index="0"]
mesh = SubResource( 4 )

[node name="CollisionShape" type="CollisionShape" parent="active_entities/zone_city/laili_points/start" index="1"]
shape = SubResource( 5 )

[node name="p1" type="Area" parent="active_entities/zone_city/laili_points" index="1"]
transform = Transform( -0.532635, 0, -0.846345, 0, 1, 0, 0.846345, 0, -0.532635, -18.9059, 5.58559, -21.073 )
collision_layer = 0
collision_mask = 2
script = ExtResource( 26 )
__meta__ = {
"_edit_group_": true
}

[node name="MeshInstance2" type="MeshInstance" parent="active_entities/zone_city/laili_points/p1" index="0"]
mesh = SubResource( 4 )
skeleton = NodePath("../../start")

[node name="CollisionShape" type="CollisionShape" parent="active_entities/zone_city/laili_points/p1" index="1"]
shape = SubResource( 5 )

[node name="p2" type="Area" parent="active_entities/zone_city/laili_points" index="2"]
transform = Transform( -0.99946, 0, 0.0328478, 0, 1, 0, -0.0328478, 0, -0.99946, -51.5437, 43.5383, -30.8313 )
collision_layer = 0
collision_mask = 2
script = ExtResource( 26 )
__meta__ = {
"_edit_group_": true
}
checkpoint = true

[node name="MeshInstance2" type="MeshInstance" parent="active_entities/zone_city/laili_points/p2" index="0"]
mesh = SubResource( 4 )
skeleton = NodePath("../../start")

[node name="CollisionShape" type="CollisionShape" parent="active_entities/zone_city/laili_points/p2" index="1"]
shape = SubResource( 5 )

[node name="p3" type="Area" parent="active_entities/zone_city/laili_points" index="3"]
transform = Transform( -0.99946, 0, 0.0328478, 0, 1, 0, -0.0328478, 0, -0.99946, -45.6181, 64.8877, -34.188 )
collision_layer = 0
collision_mask = 2
script = ExtResource( 26 )
__meta__ = {
"_edit_group_": true
}
checkpoint = true
extra_stamina = 5

[node name="MeshInstance2" type="MeshInstance" parent="active_entities/zone_city/laili_points/p3" index="0"]
mesh = SubResource( 4 )
skeleton = NodePath("../../start")

[node name="CollisionShape" type="CollisionShape" parent="active_entities/zone_city/laili_points/p3" index="1"]
shape = SubResource( 5 )

[node name="laili_climb_start" type="Position3D" parent="active_entities/zone_city" index="7"]
transform = Transform( 0.807683, 0, -0.589617, 0, 1, 0, 0.589617, 0, 0.807683, 27.8378, -11.0802, -31.1414 )

[node name="npc_laili" parent="active_entities/zone_city" index="8" instance=ExtResource( 29 )]
transform = Transform( -0.670804, 0, 0.741634, 0, 1, 0, -0.741634, 0, -0.670804, 0.632339, 24.5587, 2.67619 )
climbing_path = NodePath("../laili_points")
laili_start = NodePath("../laili_climb_start")
player_start = NodePath("../laili_points/start")

[node name="Occluder2" type="Occluder" parent="." index="2"]
transform = Transform( 1, 0, 0, 0, 1, 0, 0, 0, 1, -76.0493, -188.492, 239.204 )
shape = SubResource( 2 )

[node name="zone_bridge" type="Spatial" parent="." index="3"]
transform = Transform( 1, 0, 0, 0, 1, 0, 0, 0, 1, 72.4843, -243.908, 99.6896 )

[node name="scrap_pile2" parent="zone_bridge" index="0" instance=ExtResource( 14 )]
transform = Transform( 1, 0, 0, 0, 1, 0, 0, 0, 1, -1.66654, -8.3728, -11.7524 )

[node name="scrap_pile1" parent="zone_bridge/scrap_pile2" index="2" instance=ExtResource( 8 )]
transform = Transform( -0.0348298, 0.110691, -0.993244, 0, 0.993847, 0.110758, 0.999393, 0.00385767, -0.0346155, 4.04471, 0.403717, -8.63992 )

[node name="scrap_pile2" parent="zone_bridge/scrap_pile2" index="3" instance=ExtResource( 14 )]
transform = Transform( 0.60831, 0.0650204, 0.791031, 0.106282, -0.994336, 0, 0.786551, 0.084072, -0.611776, 2.89057, 2.8712, 6.72257 )

[node name="scrap1" parent="zone_bridge" index="1" instance=ExtResource( 6 )]
transform = Transform( 0.258819, 0.965926, 0, -0.965926, 0.258819, 0, 0, 0, 1, 28.0337, 73.9762, 129.31 )

[node name="bridge_long" parent="zone_bridge" index="2" instance=ExtResource( 5 )]
transform = Transform( 1, 0, 0, 0, 0.993752, -0.111608, 0, 0.111608, 0.993752, 7.0252, 114.539, -5.505 )

[node name="zone_cliff" type="Spatial" parent="." index="4"]
transform = Transform( 1, 0, 0, 0, 1, 0, 0, 0, 1, -158.745, 17.9405, -83.8468 )

[node name="scrap_pile3" parent="zone_cliff" index="0" instance=ExtResource( 18 )]
transform = Transform( 1, 0, 0, 0, 1, 0, 0, 0, 1, 10.1987, 22.2337, -75.0392 )

[node name="water_hut" parent="zone_cliff" index="1" instance=ExtResource( 19 )]
transform = Transform( 1, 0, 0, 0, 1, 0, 0, 0, 1, -33.8993, 20.9793, -83.1002 )
tracked_stat = "chunk137/water"

[node name="fountain" parent="zone_cliff/water_hut" index="2" instance=ExtResource( 13 )]
transform = Transform( 0.0127755, 0.0497347, -0.998681, 0, 0.998762, 0.0497388, 0.999918, -0.000635438, 0.0127597, 0.3349, -0.323761, -0.162445 )

[node name="zone_city" type="Spatial" parent="." index="5"]
transform = Transform( 1, 0, 0, 0, 1, 0, 0, 0, 1, 69.7054, -125.736, -129.742 )

[node name="rock2" parent="zone_city" index="0" instance=ExtResource( 17 )]
transform = Transform( 0.694572, -0.411929, -0.589817, 0.286798, 0.910428, -0.298108, 0.659785, 0.0378991, 0.750498, -57.5679, 64.0218, -47.305 )

[node name="rock3" parent="zone_city" index="1" instance=ExtResource( 11 )]
transform = Transform( 0.952536, -0.236442, -0.191755, -0.216881, -0.0850471, -0.972486, 0.213628, 0.967917, -0.13229, -75.505, 41.168, 4.95801 )

[node name="rock4" parent="zone_city" index="2" instance=ExtResource( 3 )]
transform = Transform( 0.652127, -0.75811, 0, 0.75811, 0.652127, 0, 0, 0, 1, -21.5081, 67.4775, -64.0304 )

[node name="rock5" parent="zone_city" index="3" instance=ExtResource( 3 )]
transform = Transform( -0.38942, -0.86645, 0.312436, 0.92106, -0.366331, 0.132097, -2.23517e-08, 0.339214, 0.940709, -20.9468, 63.4057, -66.994 )

[node name="rock1" parent="zone_city" index="4" instance=ExtResource( 3 )]
transform = Transform( 0.960118, -0.279596, -7.83173e-08, -0.250474, -0.860117, 0.444367, -0.124243, -0.426644, -0.895845, -33.1112, 86.9157, -69.201 )
