[gd_scene load_steps=55 format=2]

[ext_resource path="res://material/env/ancient/gem_emissive.tres" type="Material" id=1]
[ext_resource path="res://_glb/chunks/chunk113.glb" type="PackedScene" id=2]
[ext_resource path="res://entities/one_time/chunks/chunk113.gd" type="Script" id=3]
[ext_resource path="res://entities/env/copper/palace1.tscn" type="PackedScene" id=4]
[ext_resource path="res://entities/env/copper/palace_roof1.tscn" type="PackedScene" id=5]
[ext_resource path="res://entities/env/stone/garden_empty.tscn" type="PackedScene" id=6]
[ext_resource path="res://entities/env/copper/tower.tscn" type="PackedScene" id=7]
[ext_resource path="res://entities/env/copper/scrap2.tscn" type="PackedScene" id=8]
[ext_resource path="res://entities/env/copper/scrap4.tscn" type="PackedScene" id=9]
[ext_resource path="res://entities/env/ancient/fountainA_large.tscn" type="PackedScene" id=10]
[ext_resource path="res://management/environment_override.gd" type="Script" id=11]
[ext_resource path="res://entities/env/stone/rock1.tscn" type="PackedScene" id=12]
[ext_resource path="res://entities/one_time/tutorial_prompt.gd" type="Script" id=13]
[ext_resource path="res://entities/env/ancient/bobble.tscn" type="PackedScene" id=14]
[ext_resource path="res://entities/env/ancient/falling_platform.tscn" type="PackedScene" id=15]
[ext_resource path="res://entities/npc/npc_riley.tscn" type="PackedScene" id=16]
[ext_resource path="res://dialog/side_content/riley/riley.dialog" type="Resource" id=17]
[ext_resource path="res://entities/env/stone/fountain.tscn" type="PackedScene" id=18]
[ext_resource path="res://entities/env/ancient/fountainA.tscn" type="PackedScene" id=19]
[ext_resource path="res://entities/env/stone/ruin1.tscn" type="PackedScene" id=20]
[ext_resource path="res://material/env/ancient/white_metal.material" type="Material" id=21]
[ext_resource path="res://entities/visual/distance_visible.gd" type="Script" id=22]
[ext_resource path="res://entities/env/ancient/platform_square.tscn" type="PackedScene" id=23]
[ext_resource path="res://entities/enemies/crawly.tscn" type="PackedScene" id=24]
[ext_resource path="res://entities/env/ancient/ascrap1.tscn" type="PackedScene" id=25]
[ext_resource path="res://items/gem_pickup.tscn" type="PackedScene" id=26]
[ext_resource path="res://entities/dialog_trigger.gd" type="Script" id=27]
[ext_resource path="res://entities/control/door.gd" type="Script" id=28]
[ext_resource path="res://entities/control/dswitch_a.tscn" type="PackedScene" id=29]
[ext_resource path="res://entities/control/power_thing.gd" type="Script" id=30]
[ext_resource path="res://ui/diagetic/dialog_circle.tscn" type="PackedScene" id=31]
[ext_resource path="res://items/mesh/capacitor.tscn" type="PackedScene" id=32]
[ext_resource path="res://dialog/intro/get_capacitor_113.dialog" type="Resource" id=33]
[ext_resource path="res://entities/one_time/chunks/tower_113_fall.anim" type="Animation" id=34]
[ext_resource path="res://items/bug_pickup.tscn" type="PackedScene" id=35]

[sub_resource type="Animation" id=269]
length = 0.001
tracks/0/type = "value"
tracks/0/path = NodePath("floor1/bobble4:transform")
tracks/0/interp = 1
tracks/0/loop_wrap = true
tracks/0/imported = false
tracks/0/enabled = true
tracks/0/keys = {
"times": PoolRealArray( 0 ),
"transitions": PoolRealArray( 1 ),
"update": 0,
"values": [ Transform( -0.640936, -0.767595, 3.35526e-08, 0, -4.37114e-08, -1, 0.767595, -0.640936, 2.80162e-08, 1.84922, 24.7033, -2.77272 ) ]
}
tracks/1/type = "value"
tracks/1/path = NodePath("floor2/bobble:transform")
tracks/1/interp = 1
tracks/1/loop_wrap = true
tracks/1/imported = false
tracks/1/enabled = true
tracks/1/keys = {
"times": PoolRealArray( 0 ),
"transitions": PoolRealArray( 1 ),
"update": 0,
"values": [ Transform( 0.555423, 0, -0.831568, 0, 1, 0, 0.831568, 0, 0.555423, 15.5305, -3.159, 3.2294 ) ]
}
tracks/2/type = "value"
tracks/2/path = NodePath("floor2/bobble2:transform")
tracks/2/interp = 1
tracks/2/loop_wrap = true
tracks/2/imported = false
tracks/2/enabled = true
tracks/2/keys = {
"times": PoolRealArray( 0 ),
"transitions": PoolRealArray( 1 ),
"update": 0,
"values": [ Transform( 0.605587, 0, 0.795779, 0, 1, 0, -0.795779, 0, 0.605587, -13.9056, -3.159, -2.9693 ) ]
}
tracks/3/type = "value"
tracks/3/path = NodePath("floor2/bobble3:transform")
tracks/3/interp = 1
tracks/3/loop_wrap = true
tracks/3/imported = false
tracks/3/enabled = true
tracks/3/keys = {
"times": PoolRealArray( 0 ),
"transitions": PoolRealArray( 1 ),
"update": 0,
"values": [ Transform( -6.11714e-08, -0.801585, -0.59788, 1, -4.37114e-08, -4.37093e-08, 8.90259e-09, -0.59788, 0.801585, -9.2483, -3.159, 11.3864 ) ]
}
tracks/4/type = "value"
tracks/4/path = NodePath("floor2/bobble4:transform")
tracks/4/interp = 1
tracks/4/loop_wrap = true
tracks/4/imported = false
tracks/4/enabled = true
tracks/4/keys = {
"times": PoolRealArray( 0 ),
"transitions": PoolRealArray( 1 ),
"update": 0,
"values": [ Transform( -5.36564e-08, -0.260476, 0.96548, 1, -4.37114e-08, 4.3782e-08, 3.07983e-08, 0.96548, 0.260476, 3.2152, -3.159, -14.7864 ) ]
}
tracks/5/type = "value"
tracks/5/path = NodePath("floor2/bobble5:transform")
tracks/5/interp = 1
tracks/5/loop_wrap = true
tracks/5/imported = false
tracks/5/enabled = true
tracks/5/keys = {
"times": PoolRealArray( 0 ),
"transitions": PoolRealArray( 1 ),
"update": 0,
"values": [ Transform( -6.17706e-08, -0.963223, -0.268703, 1, -4.37114e-08, -7.31917e-08, 5.87546e-08, -0.268703, 0.963223, 3.2313, -1.14809, -14.782 ) ]
}
tracks/6/type = "value"
tracks/6/path = NodePath("floor1/bobble:transform")
tracks/6/interp = 1
tracks/6/loop_wrap = true
tracks/6/imported = false
tracks/6/enabled = true
tracks/6/keys = {
"times": PoolRealArray( 0 ),
"transitions": PoolRealArray( 1 ),
"update": 0,
"values": [ Transform( 1, 0, 0, 0, 1, 0, 0, 0, 1, 9.1811, -0.165054, -11.1552 ) ]
}
tracks/7/type = "value"
tracks/7/path = NodePath("floor1/bobble2:transform")
tracks/7/interp = 1
tracks/7/loop_wrap = true
tracks/7/imported = false
tracks/7/enabled = true
tracks/7/keys = {
"times": PoolRealArray( 0 ),
"transitions": PoolRealArray( 1 ),
"update": 0,
"values": [ Transform( -0.537556, 0, 0.843228, 0, 1, 0, -0.843228, 0, -0.537556, -5.89093, -0.165054, -3.82374 ) ]
}
tracks/8/type = "value"
tracks/8/path = NodePath("floor1/bobble3:transform")
tracks/8/interp = 1
tracks/8/loop_wrap = true
tracks/8/imported = false
tracks/8/enabled = true
tracks/8/keys = {
"times": PoolRealArray( 0 ),
"transitions": PoolRealArray( 1 ),
"update": 0,
"values": [ Transform( 0.0637589, 0, 0.997965, 0, 1, 0, -0.997965, 0, 0.0637589, 9.0949, 1.86016, -11.267 ) ]
}
tracks/9/type = "value"
tracks/9/path = NodePath("floor2/bug_pickup:transform")
tracks/9/interp = 1
tracks/9/loop_wrap = true
tracks/9/imported = false
tracks/9/enabled = true
tracks/9/keys = {
"times": PoolRealArray( 0 ),
"transitions": PoolRealArray( 1 ),
"update": 0,
"values": [ Transform( 1, 0, 0, 0, 1, 0, 0, 0, 1, 5.28143, -3.37856, -19.4736 ) ]
}

[sub_resource type="Animation" id=268]
resource_name = "fall"
length = 41.667
tracks/0/type = "value"
tracks/0/path = NodePath("floor1/bobble4:transform")
tracks/0/interp = 1
tracks/0/loop_wrap = true
tracks/0/imported = false
tracks/0/enabled = true
tracks/0/keys = {
"times": PoolRealArray( 0, 2, 2.3, 2.5, 2.7, 2.9 ),
"transitions": PoolRealArray( 2, 1, 1, 0.277392, 2, 1 ),
"update": 0,
"values": [ Transform( -0.640936, -0.767595, 3.35526e-08, 0, -4.37114e-08, -1, 0.767595, -0.640936, 2.80162e-08, 1.84922, 24.7033, -2.77272 ), Transform( -0.398429, -0.767595, 0.502049, -0.783306, -3.42394e-08, -0.621636, 0.477165, -0.640936, -0.601261, 1.84922, 6.7033, -2.77272 ), Transform( -0.627189, -0.767595, 0.132033, -0.586425, 0.353826, -0.728638, 0.512582, -0.534421, -0.672052, 2.34637, 1.64812, -2.77272 ), Transform( -0.398429, -0.767595, 0.502049, -0.892495, 0.450646, -0.0192866, -0.211442, -0.45576, -0.864624, 2.51208, -0.0369377, -2.77272 ), Transform( 0.104194, -0.856423, 0.505652, -0.905947, 0.128055, 0.403563, -0.410371, -0.500143, -0.76253, 1.71843, 0.277634, -2.23551 ), Transform( -0.0229843, -0.864534, 0.502049, -0.999696, 0.0153777, -0.0192866, 0.00895353, -0.502339, -0.864624, 1.9716, -0.166996, -3.08366 ) ]
}
tracks/1/type = "value"
tracks/1/path = NodePath("floor2/bobble:transform")
tracks/1/interp = 1
tracks/1/loop_wrap = true
tracks/1/imported = false
tracks/1/enabled = true
tracks/1/keys = {
"times": PoolRealArray( 0, 1.2, 1.9, 2.7, 5.1, 6.7, 7.9, 8.7, 12.1, 12.9, 15.7, 16.5 ),
"transitions": PoolRealArray( 2, 1, 1, 1, 1, 1, 1, 1, 1, 2, 0.420448, 1 ),
"update": 0,
"values": [ Transform( 0.555423, 0, -0.831568, 0, 1, 0, 0.831568, 0, 0.555423, 15.5305, -3.159, 3.2294 ), Transform( 0.549816, 0.0796764, -0.831477, -0.121475, 0.992485, 0.0147796, 0.826406, 0.0928774, 0.555362, 15.5008, -5.71868, 3.23742 ), Transform( 0.479023, 0.289151, -0.828811, -0.437738, 0.8971, 0.0599785, 0.760869, 0.334072, 0.556304, 14.9492, -3.46059, 3.61908 ), Transform( 0.824757, -0.227128, -0.51787, 0.454465, 0.811193, 0.368004, 0.336508, -0.538867, 0.772259, 14.7152, -11.9275, 3.82989 ), Transform( 0.555423, 0.219373, -0.80211, 0, 0.964576, 0.263806, 0.831568, -0.146524, 0.535748, 15.4533, -19.9989, 3.28096 ), Transform( 0.277153, 0.431048, -0.85871, -0.0653016, 0.900105, 0.430751, 0.958604, -0.0633087, 0.277615, 17.2211, -20.6745, 4.00672 ), Transform( 0.0452792, 0.727432, -0.684684, -0.0763021, 0.685903, 0.723681, 0.996056, 0.0194752, 0.0865617, 18.2478, -21.8058, 4.59497 ), Transform( -0.111262, 0.622995, -0.774272, -0.064898, 0.772892, 0.63121, 0.99167, 0.120478, -0.0455622, 18.9323, -22.56, 4.98715 ), Transform( -0.111262, 0.622995, -0.774272, -0.064898, 0.772892, 0.63121, 0.99167, 0.120478, -0.0455622, 18.9323, -22.56, 4.98715 ), Transform( -0.601655, -0.196249, -0.774272, -0.756519, -0.171035, 0.63121, -0.256302, 0.965522, -0.0455622, 23.6115, -24.1484, 5.40819 ), Transform( -0.937245, -0.196249, -0.288199, -0.25669, -0.171035, 0.95124, -0.235972, 0.965522, 0.109926, 33.4259, -48.4772, 3.09339 ), Transform( -0.937245, -0.196249, -0.288199, -0.25669, -0.171035, 0.95124, -0.235972, 0.965522, 0.109926, 33.5785, -48.9808, 3.03518 ) ]
}
tracks/2/type = "value"
tracks/2/path = NodePath("floor2/bobble2:transform")
tracks/2/interp = 1
tracks/2/loop_wrap = true
tracks/2/imported = false
tracks/2/enabled = true
tracks/2/keys = {
"times": PoolRealArray( 0, 1.4, 4, 4.2, 4.4 ),
"transitions": PoolRealArray( 1, 2, 1, 1, 1 ),
"update": 0,
"values": [ Transform( 0.605587, 0, 0.795779, 0, 1, 0, -0.795779, 0, 0.605587, -13.9056, -3.159, -2.9693 ), Transform( 0.266257, -0.601391, 0.753283, 0.946476, 0.0151912, -0.322415, 0.182454, 0.79881, 0.573247, -15.058, -2.7879, -1.22395 ), Transform( -0.0558548, -0.573672, 0.817179, 0.981626, -0.181116, -0.0600514, 0.182454, 0.79881, 0.573247, -15.3198, -40.9476, -1.22395 ), Transform( -0.221453, -0.573672, 0.78858, 0.973222, -0.181116, 0.141548, 0.0616227, 0.79881, 0.598419, -15.8608, -40.6519, -1.54543 ), Transform( -0.0200295, -0.573711, 0.818812, 0.999768, -0.0179895, 0.0118514, 0.00793072, 0.81886, 0.573938, -15.8827, -41.0625, -1.54475 ) ]
}
tracks/3/type = "value"
tracks/3/path = NodePath("floor2/bobble3:transform")
tracks/3/interp = 1
tracks/3/loop_wrap = true
tracks/3/imported = false
tracks/3/enabled = true
tracks/3/keys = {
"times": PoolRealArray( 0, 0.9, 1.7, 2.4, 2.8, 2.9, 4.2, 5.4, 7, 9.2, 11.5 ),
"transitions": PoolRealArray( 1, 1, 1, 1, 1, 1, 1, 1, 1, 1, 1 ),
"update": 0,
"values": [ Transform( -6.11714e-08, -0.801585, -0.59788, 1, -4.37114e-08, -4.37093e-08, 8.90259e-09, -0.59788, 0.801585, -9.2483, -3.159, 11.3864 ), Transform( -0.274572, -0.781597, -0.560104, 0.933622, -0.0772894, -0.349823, 0.230131, -0.618977, 0.750938, -10.0075, -4.70468, 12.3851 ), Transform( -0.20326, -0.781597, -0.589738, 0.969693, -0.0772893, -0.231781, 0.135579, -0.618977, 0.773618, -12.9071, -9.68628, 16.7813 ), Transform( 0.138049, -0.781597, -0.608316, 0.946257, -0.0772894, 0.314045, -0.292473, -0.618977, 0.728922, -14.2256, -14.7929, 19.0838 ), Transform( -0.397054, -0.781597, -0.481097, 0.826956, -0.0772893, -0.556929, 0.398111, -0.618977, 0.677034, -14.9011, -18.1738, 20.3589 ), Transform( -0.409245, -0.871357, -0.270656, 0.169416, 0.218909, -0.960925, 0.896558, -0.439107, 0.0580343, -14.9011, -18.1738, 20.3589 ), Transform( -0.409245, -0.871357, -0.270656, 0.169416, 0.218909, -0.960925, 0.896558, -0.439107, 0.0580343, -17.5626, -27.8321, 20.8255 ), Transform( -0.409245, 0.278371, -0.868923, 0.169416, 0.958946, 0.22742, 0.896558, -0.0541388, -0.439604, -9.26851, -31.9248, 25.3848 ), Transform( -0.409245, 0.278371, -0.868923, 0.169416, 0.958946, 0.22742, 0.896558, -0.0541388, -0.439604, -12.2168, -43.9158, 25.009 ), Transform( -0.409245, 0.278371, -0.868923, 0.169416, 0.958946, 0.22742, 0.896558, -0.0541388, -0.439604, -11.8355, -42.1324, 25.1779 ), Transform( -0.499335, 0.278371, -0.820471, 0.192641, 0.958946, 0.208113, 0.844721, -0.0541388, -0.532461, -12.9139, -49.0204, 23.7461 ) ]
}
tracks/4/type = "value"
tracks/4/path = NodePath("floor2/bobble4:transform")
tracks/4/interp = 1
tracks/4/loop_wrap = true
tracks/4/imported = false
tracks/4/enabled = true
tracks/4/keys = {
"times": PoolRealArray( 0, 0.8, 1.2, 3, 3.3, 3.9, 7.6 ),
"transitions": PoolRealArray( 1, 1, 2, 1, 1, 1, 1 ),
"update": 0,
"values": [ Transform( -5.36564e-08, -0.260476, 0.96548, 1, -4.37114e-08, 4.3782e-08, 3.07983e-08, 0.96548, 0.260476, 3.2152, -3.159, -14.7864 ), Transform( 0.222407, -0.135584, 0.96548, 0.520524, 0.853847, 3.10587e-08, -0.824373, 0.502555, 0.260476, 6.22348, 6.68656, -25.9369 ), Transform( 0.222407, -0.135584, 0.96548, 0.520524, 0.853847, 3.10587e-08, -0.824373, 0.502555, 0.260476, 5.78893, 7.18091, -24.3262 ), Transform( 0.222407, -0.135584, 0.96548, 0.520524, 0.853847, 2.98023e-08, -0.824373, 0.502555, 0.260476, 4.81863, -8.67654, -23.3117 ), Transform( 0.222407, -0.135584, 0.96548, 0.0955091, 0.988549, 0.116822, -0.970265, 0.06623, 0.23281, 4.6527, -11.7854, -23.7962 ), Transform( 0.222407, -0.135584, 0.96548, 0.0955091, 0.988549, 0.116822, -0.970265, 0.06623, 0.23281, 4.6527, -19.6963, -32.6472 ), Transform( 0.222407, -0.135584, 0.96548, 0.0955091, 0.988549, 0.116822, -0.970265, 0.06623, 0.23281, 4.6527, -53.9085, -38.1733 ) ]
}
tracks/5/type = "value"
tracks/5/path = NodePath("floor2/bobble5:transform")
tracks/5/interp = 1
tracks/5/loop_wrap = true
tracks/5/imported = false
tracks/5/enabled = true
tracks/5/keys = {
"times": PoolRealArray( 0, 1.3, 3.9, 4, 4.3, 5.7, 14.4, 17.5, 18.1, 20, 20.3, 20.7 ),
"transitions": PoolRealArray( 0.554785, 1, 1, 1, 1, 1, 1, 1, 1, 1, 1, 1 ),
"update": 0,
"values": [ Transform( -6.17706e-08, -0.963223, -0.268703, 1, -4.37114e-08, -7.31917e-08, 5.87546e-08, -0.268703, 0.963223, 3.2313, -1.14809, -14.782 ), Transform( -6.17706e-08, -0.963223, -0.268703, 0.797718, -0.162036, 0.580853, -0.603031, -0.214349, 0.76838, 3.2313, 26.8879, -14.782 ), Transform( -0.342359, 0.671247, 0.657433, 0.797718, -0.162036, 0.580853, 0.496424, 0.723306, -0.479991, 1.62044, -12.1121, -7.74551 ), Transform( 0.416617, 0.356527, 0.836253, 0.860212, -0.452152, -0.235784, 0.29405, 0.817586, -0.495063, 1.55848, -13.1158, -7.47488 ), Transform( 0.295954, 0.879297, 0.373158, 0.954266, -0.289461, -0.0747597, 0.0422784, 0.378217, -0.924751, 4.21477, -14.1195, -5.52269 ), Transform( 0.295954, 0.879297, 0.373158, 0.944133, -0.32858, 0.0254576, 0.144997, 0.344776, -0.927418, 4.21477, -17.8924, -5.52269 ), Transform( 0.155428, 0.91775, 0.365482, 0.977148, -0.197141, 0.0794833, 0.144997, 0.344776, -0.927418, 9.03046, -18.1374, -11.1088 ), Transform( -0.34642, 0.895686, 0.278818, 0.926806, 0.280848, 0.249309, 0.144997, 0.344776, -0.927418, 12.4989, -18.0193, -11.1088 ), Transform( -0.426617, 0.86654, 0.259048, 0.897779, 0.371058, 0.237295, 0.109504, 0.333801, -0.936261, 9.15633, -18.7384, -11.1206 ), Transform( -0.34642, 0.895686, 0.278818, 0.925635, 0.37463, -0.053415, -0.152297, 0.23958, -0.958857, 7.72328, -39.5401, -11.2069 ), Transform( 0.178936, 0.960825, 0.211651, 0.972002, -0.139341, -0.1892, -0.152297, 0.23958, -0.958857, 7.72328, -39.5759, -11.2069 ), Transform( 0.178936, 0.960825, 0.211651, 0.983847, -0.175886, -0.0333118, 0.00521958, 0.214193, -0.976777, 7.72328, -39.7249, -11.2069 ) ]
}
tracks/6/type = "animation"
tracks/6/path = NodePath("AnimationPlayer")
tracks/6/interp = 1
tracks/6/loop_wrap = true
tracks/6/imported = false
tracks/6/enabled = true
tracks/6/keys = {
"clips": PoolStringArray( "tower_113_fall" ),
"times": PoolRealArray( 0 )
}
tracks/7/type = "value"
tracks/7/path = NodePath("floor2/bug_pickup:transform")
tracks/7/interp = 1
tracks/7/loop_wrap = true
tracks/7/imported = false
tracks/7/enabled = true
tracks/7/keys = {
"times": PoolRealArray( 0, 0.6, 1.4, 4, 41.4 ),
"transitions": PoolRealArray( 1, 1, 1, 1, 1 ),
"update": 0,
"values": [ Transform( 1, 0, 0, 0, 1, 0, 0, 0, 1, 5.28143, -3.37856, -19.4736 ), Transform( 0.99984, 0, -0.0178979, 0, 1, 0, 0.0178979, 0, 0.99984, 5.28423, -2.18351, -22.0203 ), Transform( 0.54675, -0.225356, -0.806399, 0.218041, 0.968191, -0.122736, 0.808408, -0.108722, 0.578495, 5.28481, -3.83014, -22.5727 ), Transform( 0.535283, -0.210153, -0.818113, 0.203184, 0.972152, -0.116781, 0.819871, -0.103717, 0.563075, 5.29716, -15.7235, -16.2445 ), Transform( 0.329504, 0, -0.944154, 0, 1, 0, 0.944154, 0, 0.329504, 5.47476, -22.5821, -21.6664 ) ]
}

[sub_resource type="OccluderShapePolygon" id=7]
polygon_points = PoolVector2Array( 19.1686, -66.5112, -24.4647, 103.201, 18.7659, 93.1214, -24.48, -61.4066 )

[sub_resource type="OccluderShapePolygon" id=8]
polygon_points = PoolVector2Array( 18.6346, -78.7243, -23.0848, 103.08, 17.3397, 93.1139, -22.4295, -79.2837 )

[sub_resource type="OccluderShapePolygon" id=9]
polygon_points = PoolVector2Array( 30.0849, -79.0578, -30.3052, 105.494, 30.7454, 94.755, -28.1145, -75.9248 )

[sub_resource type="OccluderShapePolygon" id=10]
polygon_points = PoolVector2Array( 24.8412, -38.5391, -31.3258, 103.278, 25.8934, 93.8617, -32.0348, -29.7065 )

[sub_resource type="ConvexPolygonShape" id=1]
points = PoolVector3Array( -34.0129, -114.355, -4.73564, -11.3261, -114.355, 26.445, -34.0129, 33.8643, -4.73564, -2.84046, -114.355, -27.4264, 40.4628, -114.355, 3.74899, -11.3261, 25.3486, 26.445, -2.84046, 42.3953, -27.4264, 40.4628, 33.8643, 3.74899 )

[sub_resource type="BoxShape" id=2]
extents = Vector3( 17.5841, 1, 17.3395 )

[sub_resource type="BoxShape" id=3]
extents = Vector3( 20.8702, 1, 6.70471 )

[sub_resource type="BoxShape" id=4]
extents = Vector3( 19.9475, 1, 6.70471 )

[sub_resource type="SphereShape" id=5]
radius = 4.666

[sub_resource type="BoxShape" id=6]
extents = Vector3( 3.76434, 3.59318, 4.90027 )

[sub_resource type="Animation" id=262]
resource_name = "Activate"
length = 4.0
tracks/0/type = "value"
tracks/0/path = NodePath(".:transform")
tracks/0/interp = 1
tracks/0/loop_wrap = true
tracks/0/imported = false
tracks/0/enabled = true
tracks/0/keys = {
"times": PoolRealArray( 0, 1, 2.5, 4 ),
"transitions": PoolRealArray( 1, 2.46229, 0.378929, 1 ),
"update": 0,
"values": [ Transform( 0.80356, 0, -0.595224, 0, 1, 0, 0.595224, 0, 0.80356, 3.62709, -39.5141, 10.236 ), Transform( 0.80356, 0, -0.595224, 0, 1, 0, 0.595224, 0, 0.80356, 3.62709, -39.5141, 10.236 ), Transform( 0.80356, 0, -0.595224, 0, 1, 0, 0.595224, 0, 0.80356, 3.62709, -32.5912, 10.236 ), Transform( 0.80356, 0, -0.595224, 0, 1, 0, 0.595224, 0, 0.80356, 3.62709, -25.6683, 10.236 ) ]
}

[sub_resource type="Animation" id=263]
length = 0.001
tracks/0/type = "value"
tracks/0/path = NodePath(".:transform")
tracks/0/interp = 1
tracks/0/loop_wrap = true
tracks/0/imported = false
tracks/0/enabled = true
tracks/0/keys = {
"times": PoolRealArray( 0 ),
"transitions": PoolRealArray( 1 ),
"update": 0,
"values": [ Transform( 0.80356, 0, -0.595224, 0, 1, 0, 0.595224, 0, 0.80356, 3.62709, -39.5141, 10.236 ) ]
}

[sub_resource type="Animation" id=264]
resource_name = "Activate"
length = 8.0
tracks/0/type = "value"
tracks/0/path = NodePath(".:transform")
tracks/0/interp = 1
tracks/0/loop_wrap = true
tracks/0/imported = false
tracks/0/enabled = true
tracks/0/keys = {
"times": PoolRealArray( 0, 3.6, 8 ),
"transitions": PoolRealArray( 3, 0.33, 1 ),
"update": 0,
"values": [ Transform( 0.75503, 0, -0.655691, 0, 1, 0, 0.655691, 0, 0.75503, 11.1143, -24.0913, 24.9087 ), Transform( 0.676036, 0, -0.736869, 0, 1, 0, 0.736869, 0, 0.676036, 29.2896, -20.0219, 5.96801 ), Transform( 0.231618, 0, 0.972807, 0, 1, 0, -0.972807, 0, 0.231618, 23.0528, -7.73514, -16.9475 ) ]
}

[sub_resource type="Animation" id=265]
length = 0.001
tracks/0/type = "value"
tracks/0/path = NodePath(".:transform")
tracks/0/interp = 1
tracks/0/loop_wrap = true
tracks/0/imported = false
tracks/0/enabled = true
tracks/0/keys = {
"times": PoolRealArray( 0 ),
"transitions": PoolRealArray( 1 ),
"update": 0,
"values": [ Transform( 0.75503, 0, -0.655691, 0, 1, 0, 0.655691, 0, 0.75503, 11.1143, -24.0913, 24.9087 ) ]
}

[sub_resource type="Animation" id=266]
resource_name = "Activate"
length = 10.0
tracks/0/type = "value"
tracks/0/path = NodePath(".:transform")
tracks/0/interp = 1
tracks/0/loop_wrap = true
tracks/0/imported = false
tracks/0/enabled = true
tracks/0/keys = {
"times": PoolRealArray( 0, 1, 2.8, 4.1, 5.9, 10 ),
"transitions": PoolRealArray( 2.07053, 2.07053, 1, 1, 0.554785, 1 ),
"update": 0,
"values": [ Transform( 0.965563, 0, -0.260169, 0, 1, 0, 0.260169, 0, 0.965563, 7.68893, -2.09839, -20.72 ), Transform( 0.965563, -0.00762148, -0.260057, 0, 0.999571, -0.0292944, 0.260169, 0.0282856, 0.965149, 7.63074, -2.07761, -20.504 ), Transform( 0.995263, 0, -0.0972143, 0, 1, 0, 0.0972143, 0, 0.995263, 1.93827, -1.23001, -8.21093 ), Transform( 0.875309, 0, 0.483563, 0, 1, 0, -0.483563, 0, 0.875309, 3.29546, -1.32492, -1.29155 ), Transform( 0.997657, 0, 0.0684072, 0, 1, 0, -0.0684072, 0, 0.997657, 10.4681, 5.47783, 13.2663 ), Transform( 0.921015, 0, 0.389527, 0, 1, 0, -0.389527, 0, 0.921015, 10.804, 23.8918, 11.6195 ) ]
}

[sub_resource type="Animation" id=267]
length = 0.001
tracks/0/type = "value"
tracks/0/path = NodePath(".:transform")
tracks/0/interp = 1
tracks/0/loop_wrap = true
tracks/0/imported = false
tracks/0/enabled = true
tracks/0/keys = {
"times": PoolRealArray( 0 ),
"transitions": PoolRealArray( 1 ),
"update": 0,
"values": [ Transform( 0.965563, 0, -0.260169, 0, 1, 0, 0.260169, 0, 0.965563, 7.68893, -2.09839, -20.72 ) ]
}

[sub_resource type="SphereShape" id=261]
radius = 0.589667

[node name="chunk113" instance=ExtResource( 2 )]
script = ExtResource( 3 )
lighting_preview = true

[node name="door_bit_lower2-kine" parent="tower" index="0"]
transform = Transform( -0.652736, -0.711719, 0.259599, -0.567217, 0.231976, -0.790223, 0.502196, -0.663056, -0.555118, 3.66242, -114.254, -15.0377 )
collision_layer = 257

[node name="mesh" parent="tower/door_bit_lower2-kine" index="0"]
material/0 = ExtResource( 1 )

[node name="door_bit_lower3-kine" parent="tower" index="1"]
transform = Transform( 0.605683, 0.388374, 0.694488, -0.278135, -0.714404, 0.642081, 0.745513, -0.582058, -0.324682, -5.91348, -113.535, -15.6908 )
collision_layer = 257

[node name="mesh" parent="tower/door_bit_lower3-kine" index="0"]
material/0 = ExtResource( 1 )

[node name="door_bit_lower4-kine" parent="tower" index="2"]
transform = Transform( -0.311661, 0.866811, 0.389237, -0.470649, -0.496684, 0.729242, 0.825443, 0.0440817, 0.562761, 24.646, -123.705, -0.794741 )
collision_layer = 257

[node name="mesh" parent="tower/door_bit_lower4-kine" index="0"]
material/0 = ExtResource( 1 )

[node name="entry1-kine" parent="tower" index="3"]
transform = Transform( 0.542619, -0.478392, 0.690439, -0.559335, 0.407446, 0.721895, -0.626665, -0.7779, -0.0464936, 54.8772, -133.508, 32.7496 )
collision_layer = 257

[node name="mesh" parent="tower/entry1-kine" index="0"]
material/0 = ExtResource( 1 )

[node name="entry2-kine" parent="tower" index="4"]
transform = Transform( -0.44855, 0.700112, 0.555559, 0.606735, -0.217895, 0.764457, 0.656259, 0.679975, -0.327045, 71.4992, -134.007, 28.512 )
collision_layer = 257

[node name="mesh" parent="tower/entry2-kine" index="0"]
material/0 = ExtResource( 1 )

[node name="entry3-kine" parent="tower" index="5"]
transform = Transform( 0.902135, -0.114441, -0.416, 0.422758, 0.0418614, 0.905275, -0.0861867, -0.992548, 0.0861457, 27.0307, -114.146, -6.17537 )
collision_layer = 257

[node name="mesh" parent="tower/entry3-kine" index="0"]
material/0 = ExtResource( 1 )

[node name="entry4-kine" parent="tower" index="6"]
transform = Transform( 0.0626616, 0.799385, 0.597542, 0.746585, 0.359787, -0.559611, -0.662332, 0.481182, -0.574264, 47.2988, -134.492, 38.1245 )
collision_layer = 257

[node name="mesh" parent="tower/entry4-kine" index="0"]
material/0 = ExtResource( 1 )

[node name="shrine-kine" parent="tower" index="7"]
transform = Transform( 0.86404, 0.479088, -0.154627, -0.503389, 0.825744, -0.254453, 0.00577676, 0.297695, 0.954644, 4.96491, -88.02, 8.66134 )
collision_layer = 257
motion/sync_to_physics = true

[node name="pole-kine" parent="tower/shrine-kine" index="0"]
collision_layer = 257

[node name="mesh" parent="tower/shrine-kine/pole-kine" index="0"]
material/0 = ExtResource( 21 )

[node name="shrine_arm-kine" parent="tower/shrine-kine" index="1"]
collision_layer = 257

[node name="mesh" parent="tower/shrine-kine/shrine_arm-kine" index="0"]
material/0 = ExtResource( 21 )

[node name="shrine_arm-kine001" parent="tower/shrine-kine" index="2"]
collision_layer = 257

[node name="mesh" parent="tower/shrine-kine/shrine_arm-kine001" index="0"]
material/0 = ExtResource( 21 )

[node name="shrine_arm-kine002" parent="tower/shrine-kine" index="3"]
collision_layer = 257

[node name="mesh" parent="tower/shrine-kine/shrine_arm-kine002" index="0"]
material/0 = ExtResource( 21 )

[node name="shrine_arm-kine003" parent="tower/shrine-kine" index="4"]
collision_layer = 257

[node name="mesh" parent="tower/shrine-kine/shrine_arm-kine003" index="0"]
material/0 = ExtResource( 21 )

[node name="shrine_arm-kine004" parent="tower/shrine-kine" index="5"]
collision_layer = 257

[node name="mesh" parent="tower/shrine-kine/shrine_arm-kine004" index="0"]
material/0 = ExtResource( 21 )

[node name="shrine_arm-kine005" parent="tower/shrine-kine" index="6"]
collision_layer = 257

[node name="mesh" parent="tower/shrine-kine/shrine_arm-kine005" index="0"]
material/0 = ExtResource( 21 )

[node name="shrine_arm-kine006" parent="tower/shrine-kine" index="7"]
collision_layer = 257

[node name="mesh" parent="tower/shrine-kine/shrine_arm-kine006" index="0"]
material/0 = ExtResource( 21 )

[node name="mesh" parent="tower/shrine-kine" index="8"]
material/0 = ExtResource( 21 )

[node name="shrine_arm-kine007" parent="tower" index="8"]
transform = Transform( 0.523562, -0.837075, 0.158704, -0.328647, -0.370284, -0.868839, 0.786049, 0.402734, -0.468969, 17.5064, -134.678, 53.3378 )
collision_layer = 257

[node name="mesh" parent="tower/shrine_arm-kine007" index="0"]
material/0 = ExtResource( 21 )

[node name="table-kine" parent="tower" index="9"]
transform = Transform( -0.123224, -0.116385, -0.985531, 0.0925016, 0.987428, -0.128175, 0.988058, -0.106957, -0.110909, 35.0457, -124.812, -30.1692 )
collision_layer = 257

[node name="mesh" parent="tower/table-kine" index="0"]
material/0 = ExtResource( 21 )

[node name="tower-roof_upper-kine" parent="tower" index="10"]
transform = Transform( -0.931353, 0.0544533, -0.360023, 0.204334, -0.740227, -0.640555, -0.30138, -0.670148, 0.678286, 101.607, -310.725, 114.159 )
collision_layer = 257

[node name="mesh" parent="tower/tower-roof_upper-kine" index="0"]
material/0 = ExtResource( 21 )

[node name="tower-roof_upper-kine001" parent="tower" index="11"]
transform = Transform( -0.171865, -0.0756903, 0.982208, 0.29551, 0.947167, 0.124698, -0.939753, 0.311683, -0.140417, -36.0481, -135.267, 82.7175 )
collision_layer = 257

[node name="mesh" parent="tower/tower-roof_upper-kine001" index="0"]
material/0 = ExtResource( 21 )

[node name="tower-roof_upper-kine002" parent="tower" index="12"]
transform = Transform( 0.979657, 0.0585531, -0.191947, 0.0107186, 0.939855, 0.341406, 0.200393, -0.336518, 0.920108, -124.403, -164.307, -122.021 )
collision_layer = 257

[node name="mesh" parent="tower/tower-roof_upper-kine002" index="0"]
material/0 = ExtResource( 21 )

[node name="tower-roof_upper-kine003" parent="tower" index="13"]
transform = Transform( -0.991446, -0.119473, 0.0525374, 0.0820404, -0.883565, -0.461066, 0.101505, -0.452812, 0.885809, 123.629, -400.259, 214.612 )
collision_layer = 257

[node name="mesh" parent="tower/tower-roof_upper-kine003" index="0"]
material/0 = ExtResource( 21 )

[node name="tower-roof_upper-kine004" parent="tower" index="14"]
transform = Transform( -0.934379, -0.202524, -0.293119, -0.202019, 0.978848, -0.0323321, 0.293467, 0.0290053, -0.955529, -55.0184, -144.511, -58.8793 )
collision_layer = 257

[node name="mesh" parent="tower/tower-roof_upper-kine004" index="0"]
material/0 = ExtResource( 21 )

[node name="tower-roof_upper-kine005" parent="tower" index="15"]
transform = Transform( -0.938393, -0.146894, 0.312796, 0.00404418, -0.909764, -0.415107, 0.345547, -0.388268, 0.85431, 113.499, -395.036, 224.387 )
collision_layer = 257

[node name="mesh" parent="tower/tower-roof_upper-kine005" index="0"]
material/0 = ExtResource( 21 )

[node name="tower-roof_upper-kine006" parent="tower" index="16"]
transform = Transform( 0.678122, -0.385158, 0.625943, -0.0937695, 0.799379, 0.593464, -0.728943, -0.461135, 0.505961, -18.2692, -134.124, -44.0636 )
collision_layer = 257

[node name="mesh" parent="tower/tower-roof_upper-kine006" index="0"]
material/0 = ExtResource( 21 )

[node name="tower-roof_upper-kine007" parent="tower" index="17"]
transform = Transform( 0.65347, 0.747123, -0.121588, -0.111334, -0.0640157, -0.991719, -0.74872, 0.661596, 0.041348, 21.1266, -107.411, 0.312572 )
collision_layer = 257

[node name="mesh" parent="tower/tower-roof_upper-kine007" index="0"]
material/0 = ExtResource( 21 )

[node name="tower-roof_upper-kine008" parent="tower" index="18"]
transform = Transform( 0.710989, -0.254754, 0.655435, -0.156151, -0.965997, -0.206078, 0.685647, 0.0441722, -0.726593, 148.66, -397.506, 250.144 )
collision_layer = 257

[node name="mesh" parent="tower/tower-roof_upper-kine008" index="0"]
material/0 = ExtResource( 21 )

[node name="tower-roof_upper-kine009" parent="tower" index="19"]
transform = Transform( -0.152213, -0.568575, 0.808427, -0.670507, -0.541534, -0.507111, 0.726121, -0.619245, -0.298805, 82.7627, -381.08, 199.299 )
collision_layer = 257

[node name="mesh" parent="tower/tower-roof_upper-kine009" index="0"]
material/0 = ExtResource( 21 )

[node name="tower-roof_upper-kine010" parent="tower" index="20"]
transform = Transform( -0.203708, 0.116682, 0.972054, -0.215983, 0.963055, -0.160864, -0.954911, -0.242716, -0.17098, 141.338, -392.527, 219.803 )
collision_layer = 257

[node name="mesh" parent="tower/tower-roof_upper-kine010" index="0"]
material/0 = ExtResource( 21 )

[node name="tower-roof_upper-kine011" parent="tower" index="21"]
transform = Transform( -0.867131, -0.449568, -0.214413, 0.462981, -0.568782, -0.679806, 0.183665, -0.688749, 0.70135, 73.5163, -369.721, 196.372 )
collision_layer = 257

[node name="mesh" parent="tower/tower-roof_upper-kine011" index="0"]
material/0 = ExtResource( 21 )

[node name="tower_base" parent="tower" index="22"]
material/0 = ExtResource( 21 )
material/1 = ExtResource( 1 )

[node name="StaticBody" parent="tower/tower_base" index="0"]
collision_layer = 257

[node name="tower_floor_upper1-kine001" parent="tower" index="23"]
transform = Transform( -0.579228, 0.308919, -0.754363, -0.276038, 0.796407, 0.538089, 0.767006, 0.519909, -0.376027, 91.3616, -394.268, 209.268 )
collision_layer = 257

[node name="mesh" parent="tower/tower_floor_upper1-kine001" index="0"]
material/0 = ExtResource( 21 )

[node name="tower_floor_upper1-kine002" parent="tower" index="24"]
transform = Transform( -0.799902, -0.0609427, 0.597028, -0.0818022, 0.996618, -0.00786752, -0.59453, -0.0551315, -0.802181, 66.9678, -121.409, -21.9119 )
collision_layer = 257

[node name="mesh" parent="tower/tower_floor_upper1-kine002" index="0"]
material/0 = ExtResource( 21 )

[node name="tower_floor_upper1-kine003" parent="tower" index="25"]
transform = Transform( 0.347056, -0.121502, -0.92994, 0.267671, -0.937495, 0.222385, -0.898835, -0.326098, -0.292841, 67.6162, -132.065, 26.0655 )
collision_layer = 257

[node name="mesh" parent="tower/tower_floor_upper1-kine003" index="0"]
material/0 = ExtResource( 21 )

[node name="tower_floor_upper1-kine004" parent="tower" index="26"]
transform = Transform( -0.796935, 0.0483457, -0.602128, -0.0546475, -0.998475, -0.0078413, -0.601588, 0.0266558, 0.798361, 53.9519, -122.697, -33.3242 )
collision_layer = 257

[node name="mesh" parent="tower/tower_floor_upper1-kine004" index="0"]
material/0 = ExtResource( 21 )

[node name="tower_floor_upper1-kine005" parent="tower" index="27"]
transform = Transform( -0.81896, 0.116385, -0.561924, -0.156336, -0.987428, 0.0233326, -0.552144, 0.106957, 0.826859, 11.5976, -127.604, -30.4375 )
collision_layer = 257

[node name="mesh" parent="tower/tower_floor_upper1-kine005" index="0"]
material/0 = ExtResource( 21 )

[node name="tower_floor_upper1-kine006" parent="tower" index="28"]
transform = Transform( 0.247041, 0.310709, 0.91784, -0.111799, -0.931734, 0.345504, 0.962534, -0.187967, -0.19544, -10.6707, -128.947, -35.0657 )
collision_layer = 257

[node name="mesh" parent="tower/tower_floor_upper1-kine006" index="0"]
material/0 = ExtResource( 21 )

[node name="tower_floor_upper1-kine007" parent="tower" index="29"]
transform = Transform( 0.695644, -0.295689, 0.654712, 0.342418, 0.937652, 0.0596481, -0.63153, 0.182691, 0.753521, -18.7835, -130.472, -34.0422 )
collision_layer = 257

[node name="mesh" parent="tower/tower_floor_upper1-kine007" index="0"]
material/0 = ExtResource( 21 )

[node name="tower_floor_upper1-kine008" parent="tower" index="30"]
transform = Transform( 0.913114, -0.00419414, 0.407683, -0.00197092, 0.99989, 0.014701, -0.407699, -0.0142272, 0.913005, -15.5929, -110.121, -1.48908 )
collision_layer = 257

[node name="mesh" parent="tower/tower_floor_upper1-kine008" index="0"]
material/0 = ExtResource( 21 )

[node name="tower_floor_upper1-kine009" parent="tower" index="31"]
transform = Transform( 0.726034, 0.448423, 0.521336, -0.653139, 0.686865, 0.318788, -0.215136, -0.571956, 0.79157, -6.47432, -107.191, 17.2918 )
collision_layer = 257

[node name="mesh" parent="tower/tower_floor_upper1-kine009" index="0"]
material/0 = ExtResource( 21 )

[node name="tower_floor_upper1-kine010" parent="tower" index="32"]
transform = Transform( 0.909144, 0.278658, 0.309526, 0.041968, 0.678115, -0.733757, -0.414362, 0.680081, 0.60481, 94.8134, -381.063, 192.579 )
collision_layer = 257

[node name="mesh" parent="tower/tower_floor_upper1-kine010" index="0"]
material/0 = ExtResource( 21 )

[node name="tower_floor_upper1-kine011" parent="tower" index="33"]
transform = Transform( -0.875711, -8.80726e-08, -0.482836, -8.74228e-08, 1, -2.38498e-08, 0.482836, 2.13254e-08, -0.875711, 6.59431, -113.777, -7.87291 )
collision_layer = 257

[node name="mesh" parent="tower/tower_floor_upper1-kine011" index="0"]
material/0 = ExtResource( 21 )

[node name="tower_floor_upper1-kine012" parent="tower" index="34"]
transform = Transform( 0.794546, 0.15384, -0.587392, -0.287599, 0.947327, -0.140917, 0.534774, 0.280898, 0.79694, 100.768, -395.179, 267.255 )
collision_layer = 257

[node name="mesh" parent="tower/tower_floor_upper1-kine012" index="0"]
material/0 = ExtResource( 21 )

[node name="tower_inner_lower-kine005" parent="tower" index="35"]
transform = Transform( 0.188062, -0.974216, -0.124642, 0.552514, 1.80006e-05, 0.833503, -0.81201, -0.225616, 0.538272, -4.19531, -113.878, -20.6754 )
collision_layer = 257

[node name="mesh" parent="tower/tower_inner_lower-kine005" index="0"]
material/0 = ExtResource( 21 )

[node name="tower_inner_lower-kine006" parent="tower" index="36"]
transform = Transform( 0.529284, -0.821337, -0.212753, 0.467888, 0.0733756, 0.880737, -0.707771, -0.565704, 0.42313, 12.464, -112.579, 3.64749 )
collision_layer = 257

[node name="mesh" parent="tower/tower_inner_lower-kine006" index="0"]
material/0 = ExtResource( 21 )

[node name="tower_inner_lower-kine009" parent="tower" index="37"]
transform = Transform( 0.604585, 0.692199, -0.394129, -0.556608, 0.0131828, -0.830671, -0.569794, 0.721587, 0.393253, -16.647, -111.141, -6.10857 )
collision_layer = 257

[node name="mesh" parent="tower/tower_inner_lower-kine009" index="0"]
material/0 = ExtResource( 21 )

[node name="tower_inner_lower-kine010" parent="tower" index="38"]
transform = Transform( 0.846076, 0.00363437, 0.533049, -0.00938639, 0.999923, 0.00808087, -0.532979, -0.0118404, 0.846046, -21.2996, -113.851, 10.7021 )
collision_layer = 257

[node name="mesh" parent="tower/tower_inner_lower-kine010" index="0"]
material/0 = ExtResource( 21 )
material/1 = ExtResource( 1 )

[node name="tower_inner_lower-kine011" parent="tower" index="39"]
transform = Transform( 0.945806, 0.00529177, 0.324689, -0.0103016, 0.999853, 0.0137127, -0.324568, -0.0163144, 0.945722, -19.0356, -112.721, 7.06837 )
collision_layer = 257

[node name="mesh" parent="tower/tower_inner_lower-kine011" index="0"]
material/0 = ExtResource( 21 )

[node name="tower_inner_lower-kine013" parent="tower" index="40"]
transform = Transform( 0.735035, 0.479868, -0.479009, -0.545978, -2.38419e-07, -0.837799, -0.402034, 0.87734, 0.261997, -21.3198, -113.952, -0.18248 )
collision_layer = 257

[node name="mesh" parent="tower/tower_inner_lower-kine013" index="0"]
material/0 = ExtResource( 1 )

[node name="tower_inner_lower-kine014" parent="tower" index="41"]
transform = Transform( 0.808291, -0.243715, -0.535974, 0.552638, 5.96046e-08, 0.833422, -0.203117, -0.969847, 0.134686, -10.3196, -113.88, -13.1523 )
collision_layer = 257

[node name="mesh" parent="tower/tower_inner_lower-kine014" index="0"]
material/0 = ExtResource( 1 )

[node name="tower_inner_lower-kine015" parent="tower" index="42"]
transform = Transform( -0.135023, 0.986877, 0.0885598, 0.548694, 4.88758e-05, 0.836023, 0.825048, 0.161474, -0.5415, -3.27077, -113.004, -19.9412 )
collision_layer = 257

[node name="mesh" parent="tower/tower_inner_lower-kine015" index="0"]
material/0 = ExtResource( 21 )

[node name="tower_lower_inner-kine" parent="tower" index="43"]
transform = Transform( 0.466615, -0.732626, 0.49551, 0.722096, -0.00795317, -0.691747, 0.510733, 0.680585, 0.525315, -14.1768, -122.462, 32.165 )
collision_layer = 257

[node name="mesh" parent="tower/tower_lower_inner-kine" index="0"]
material/0 = ExtResource( 21 )

[node name="tower_lower_inner-kine001" parent="tower" index="44"]
transform = Transform( 0.675958, -0.187563, 0.712671, 0.675865, -0.227692, -0.700973, 0.293746, 0.955498, -0.027143, 10.5388, -123.753, -29.8155 )
collision_layer = 257

[node name="mesh" parent="tower/tower_lower_inner-kine001" index="0"]
material/0 = ExtResource( 21 )

[node name="tower_lower_inner-kine002" parent="tower" index="45"]
transform = Transform( 0.606678, 0.656564, -0.44818, -0.600312, 0.00880253, -0.799717, -0.52112, 0.754219, 0.399484, -12.5836, -111.898, -4.60155 )
collision_layer = 257

[node name="mesh" parent="tower/tower_lower_inner-kine002" index="0"]
material/0 = ExtResource( 21 )

[node name="tower_lower_inner-kine003" parent="tower" index="46"]
transform = Transform( 0.681586, 0.577106, -0.449876, -0.267232, -0.376024, -0.887239, -0.681196, 0.724951, -0.102072, 34.451, -128.075, 25.4802 )
collision_layer = 257

[node name="mesh" parent="tower/tower_lower_inner-kine003" index="0"]
material/0 = ExtResource( 21 )

[node name="tower_platform1-kine" parent="tower" index="47"]
transform = Transform( 0.864162, -0.0396906, 0.501646, 0.0681571, 0.99693, -0.0385332, -0.498577, 0.0674897, 0.864214, -0.444397, -113.384, 3.88305 )
collision_layer = 257

