[gd_scene load_steps=132 format=2]

[ext_resource path="res://areas/chunk_content.gd" type="Script" id=1]
[ext_resource path="res://items/usable/lantern.tscn" type="PackedScene" id=2]
[ext_resource path="res://items/item_pickup.tscn" type="PackedScene" id=3]
[ext_resource path="res://entities/env/stone/rock2.tscn" type="PackedScene" id=4]
[ext_resource path="res://items/bug_pickup.tscn" type="PackedScene" id=5]
[ext_resource path="res://entities/env/stone/rock_kinematic.tscn" type="PackedScene" id=6]
[ext_resource path="res://entities/env/stone/rock5.tscn" type="PackedScene" id=7]
[ext_resource path="res://entities/env/stone/rock_collapsible.tscn" type="PackedScene" id=8]
[ext_resource path="res://management/environment_override.gd" type="Script" id=9]
[ext_resource path="res://entities/env/stone/rock1.tscn" type="PackedScene" id=10]
[ext_resource path="res://entities/enemies/crawly.tscn" type="PackedScene" id=11]
[ext_resource path="res://material/env/water.shader" type="Shader" id=12]
[ext_resource path="res://entities/env/stone/rock4.tscn" type="PackedScene" id=13]
[ext_resource path="res://material/env/wave_noise.png" type="Texture" id=14]
[ext_resource path="res://entities/env/copper/basin.tscn" type="PackedScene" id=15]
[ext_resource path="res://entities/env/copper/palace2.tscn" type="PackedScene" id=16]
[ext_resource path="res://entities/env/copper/drill2.tscn" type="PackedScene" id=17]
[ext_resource path="res://entities/env/copper/tower.tscn" type="PackedScene" id=18]
[ext_resource path="res://entities/env/copper/scrap_pile1.tscn" type="PackedScene" id=19]
[ext_resource path="res://entities/env/copper/scrap_pile2.tscn" type="PackedScene" id=20]
[ext_resource path="res://entities/env/copper/scrap4.tscn" type="PackedScene" id=21]
[ext_resource path="res://entities/env/copper/mine_shack.tscn" type="PackedScene" id=22]
[ext_resource path="res://entities/env/stone/rock3.tscn" type="PackedScene" id=23]
[ext_resource path="res://entities/env/copper/scrap2.tscn" type="PackedScene" id=24]
[ext_resource path="res://items/upgrades/stamina_up_pickup.tscn" type="PackedScene" id=25]
[ext_resource path="res://entities/env/copper/rail_cart.tscn" type="PackedScene" id=26]
[ext_resource path="res://entities/env/copper/scrap_pile4.tscn" type="PackedScene" id=27]
[ext_resource path="res://items/gem_pickup.tscn" type="PackedScene" id=28]
[ext_resource path="res://entities/npc/npc.tscn" type="PackedScene" id=29]
[ext_resource path="res://dialog/side_content/arena/lia.dialog" type="Resource" id=30]
[ext_resource path="res://entities/visual/distance_visible.gd" type="Script" id=31]
[ext_resource path="res://games/arena.gd" type="Script" id=32]
[ext_resource path="res://dialog/side_content/arena/jericho.dialog" type="Resource" id=33]
[ext_resource path="res://entities/env/copper/scrap3.tscn" type="PackedScene" id=34]
[ext_resource path="res://games/arena_scenario.gd" type="Script" id=35]
[ext_resource path="res://games/arena/deathgnats.scenario" type="Resource" id=36]
[ext_resource path="res://games/arena/crawlies.scenario" type="Resource" id=37]
[ext_resource path="res://material/env/copper/copper_corroded1.png" type="Texture" id=38]
[ext_resource path="res://material/triplanar.shader" type="Shader" id=39]
[ext_resource path="res://_glb/chunks/chunk-cave137.glb" type="PackedScene" id=40]
[ext_resource path="res://games/arena/basic_mix.scenario" type="Resource" id=41]
[ext_resource path="res://entities/env/copper/scrap1.tscn" type="PackedScene" id=42]
[ext_resource path="res://entities/env/copper/palace_roof1.tscn" type="PackedScene" id=43]
[ext_resource path="res://games/arena/flooded_basic.scenario" type="Resource" id=44]
[ext_resource path="res://material/env/copper/copper_local_coords.tres" type="Material" id=45]
[ext_resource path="res://entities/control/door.gd" type="Script" id=46]
[ext_resource path="res://material/env/metal/chainlink1.png" type="Texture" id=47]
[ext_resource path="res://material/env/transparent.shader" type="Shader" id=48]
[ext_resource path="res://material/env/copper/copper_corroded.material" type="Material" id=49]
[ext_resource path="res://material/env/foundry/metal_generic.png" type="Texture" id=50]
[ext_resource path="res://material/triplanar_local_coords.shader" type="Shader" id=51]
[ext_resource path="res://entities/env/electrical/light_wall.tscn" type="PackedScene" id=52]
[ext_resource path="res://entities/enemies/deathgnat.tscn" type="PackedScene" id=53]
[ext_resource path="res://ui/diagetic/dialog_circle.tscn" type="PackedScene" id=54]
[ext_resource path="res://entities/dialog_trigger.gd" type="Script" id=55]
[ext_resource path="res://material/env/ancient/white_metal.material" type="Material" id=56]
[ext_resource path="res://material/env/ancient/white_metal_interior.material" type="Material" id=57]
[ext_resource path="res://material/env/ancient/spooky_gem.material" type="Material" id=58]
[ext_resource path="res://dialog/side_content/arena/evil_podium.dialog" type="Resource" id=59]
[ext_resource path="res://ui/items/vis/skull_tablet.tscn" type="PackedScene" id=60]
[ext_resource path="res://entities/control/spawner.gd" type="Script" id=61]
[ext_resource path="res://entities/control/conditional.gd" type="Script" id=62]
[ext_resource path="res://entities/env/copper/copper_fountain.tscn" type="PackedScene" id=63]
[ext_resource path="res://ui/items/vis/fake_arena_access.tscn" type="PackedScene" id=64]
[ext_resource path="res://entities/env/electrical/drink_fridge.tscn" type="PackedScene" id=65]
[ext_resource path="res://entities/env/furniture/stump_table.tscn" type="PackedScene" id=66]
[ext_resource path="res://entities/env/copper/table2.tscn" type="PackedScene" id=67]
[ext_resource path="res://entities/env/copper/light_hang1.tscn" type="PackedScene" id=68]
[ext_resource path="res://entities/env/furniture/sitting_pillow.tscn" type="PackedScene" id=69]
[ext_resource path="res://entities/env/copper/platform_small.tscn" type="PackedScene" id=70]
[ext_resource path="res://dialog/side_content/arena/pen_guard.dialog" type="Resource" id=71]
[ext_resource path="res://dialog/side_content/arena/arena_worker.dialog" type="Resource" id=72]
[ext_resource path="res://material/death_plane.shader" type="Shader" id=73]
[ext_resource path="res://entities/death_plane.tscn" type="PackedScene" id=74]
[ext_resource path="res://items/random_ammo_pickup.tscn" type="PackedScene" id=75]
[ext_resource path="res://entities/env/copper/crate1.tscn" type="PackedScene" id=76]
[ext_resource path="res://areas/chunks/chunk-cave137.gd" type="Script" id=77]
[ext_resource path="res://audio/music/hive.ogg" type="AudioStream" id=78]
[ext_resource path="res://entities/env/stone/rock7.tscn" type="PackedScene" id=79]
[ext_resource path="res://entities/env/stone/rock6.tscn" type="PackedScene" id=80]
[ext_resource path="res://entities/visual/flag.tscn" type="PackedScene" id=81]

[sub_resource type="ConvexPolygonShape" id=275]
points = PoolVector3Array( -49.9825, -210.066, -284.34, -50.0505, -209.79, -284.63, 49.9598, -210.066, -284.34, -77.8538, -210.066, -269.532, -77.4456, -209.79, -270.082, 50.0278, -209.79, -284.63, -50.0505, 46.5999, -284.63, 77.4229, -209.79, -270.082, 77.8311, -210.066, -269.532, -100.827, -210.066, -244.841, -100.985, -209.79, -244.754, -77.4456, 46.5999, -270.082, 50.0278, 46.5999, -284.63, -49.9825, 46.9017, -284.34, 77.4229, 46.5999, -270.082, 100.963, -209.79, -244.754, 100.804, -210.066, -244.841, -101.212, -209.79, -244.232, -115.545, -210.066, -73.9475, -100.985, 46.5999, -244.754, -100.827, 46.9017, -244.841, -77.8538, 46.9017, -269.532, 49.9598, 46.9017, -284.34, 77.8311, 46.9017, -269.532, 100.804, 46.9017, -244.841, 100.963, 46.5999, -244.754, 101.19, -209.79, -244.232, 115.522, -210.066, -73.9475, -115.84, -209.79, -74.3822, -101.212, 46.5999, -244.232, -75.6314, -210.066, -12.8872, -75.8355, -209.79, -12.8293, -115.703, -209.79, -73.8316, -115.545, 46.9017, -73.9475, 115.522, 46.9017, -73.9475, 101.19, 46.5999, -244.232, 115.84, -1.01566, -74.3822, 115.817, -209.79, -74.3822, 115.681, -209.79, -73.8316, 75.8128, -209.79, -12.8293, 75.6087, -210.066, -12.8872, -115.84, 46.5999, -74.3822, -75.3819, -209.79, -12.4815, -44.4944, -210.066, -2.39655, -44.517, -209.79, -2.07776, -75.8355, 46.5999, -12.8293, -115.703, 46.5999, -73.8316, -75.6314, 46.9017, -12.8872, 75.6087, 46.9017, -12.8872, 75.8128, 46.5999, -12.8293, 115.681, 46.5999, -73.8316, 115.817, 46.5999, -74.3822, 115.84, 0.996613, -74.3822, 75.3592, -209.79, -12.4815, 44.4944, -209.79, -2.07776, 44.4717, -210.066, -2.39655, -75.3819, 46.5999, -12.4815, -11.1349, -0.713821, 11.4268, -44.517, 46.5999, -2.07776, -44.4944, 46.9017, -2.39655, 75.3592, 46.5999, -12.4815, 44.4717, 46.9017, -2.39655, 44.4944, 46.5999, -2.07776, 11.1123, -0.713821, 11.4268, -11.1349, 0.694778, 11.4268, 11.1123, 0.694778, 11.4268 )

[sub_resource type="SphereShape" id=276]
radius = 68.2188

[sub_resource type="ShaderMaterial" id=280]
resource_local_to_scene = true
shader = ExtResource( 73 )
shader_param/max_depth = 30.0
shader_param/depth_color = Color( 1, 1, 1, 1 )

[sub_resource type="CapsuleShape" id=1]
radius = 65.8805
height = 66.484

[sub_resource type="CapsuleShape" id=2]
radius = 36.2189
height = 124.707

[sub_resource type="CapsuleShape" id=3]
radius = 26.2645
height = 22.9682

[sub_resource type="CapsuleShape" id=4]
radius = 27.4708
height = 88.034

[sub_resource type="CapsuleShape" id=5]
radius = 21.7112
height = 56.5746

[sub_resource type="CapsuleShape" id=6]
radius = 34.8033
height = 108.758

[sub_resource type="CapsuleShape" id=7]
radius = 15.6894
height = 108.758

[sub_resource type="BoxShape" id=8]
extents = Vector3( 9.84097, 8.55036, 15.1558 )

[sub_resource type="CylinderShape" id=12]
height = 236.481
radius = 122.033

[sub_resource type="BoxShape" id=14]
extents = Vector3( 37.6534, 20.2968, 99.2074 )

[sub_resource type="CapsuleShape" id=18]
radius = 3.39761
height = 39.2237

[sub_resource type="CapsuleShape" id=19]
radius = 4.87326
height = 39.5406

[sub_resource type="BoxShape" id=17]
extents = Vector3( 3.26146, 3.18396, 12.2106 )

[sub_resource type="BoxShape" id=20]
extents = Vector3( 7.47879, 6.12893, 24.7253 )

[sub_resource type="CapsuleShape" id=295]
radius = 4.44377
height = 32.8638

[sub_resource type="CapsuleShape" id=296]
radius = 4.44377
height = 32.8638

[sub_resource type="CapsuleShape" id=297]
radius = 4.44377
height = 32.8638

[sub_resource type="BoxShape" id=24]
extents = Vector3( 12.2412, 7.64039, 17.0837 )

[sub_resource type="CylinderShape" id=290]
height = 42.5873
radius = 64.82

[sub_resource type="BoxShape" id=9]
extents = Vector3( 57, 12, 56 )

[sub_resource type="QuadMesh" id=10]

[sub_resource type="ShaderMaterial" id=11]
shader = ExtResource( 12 )
shader_param/surface_albedo = Color( 0.862745, 0.909804, 0.929412, 1 )
shader_param/deep_albedo = null
shader_param/max_depth = 10.0
shader_param/foam_color = Color( 0.701961, 0.705882, 0.701961, 0.654902 )
shader_param/refraction = 0.004
shader_param/foam_distance = 2.764
shader_param/foam_noise_scale = 0.632
shader_param/foam_noise_scale2 = 0.176
shader_param/foam_noise = ExtResource( 14 )

[sub_resource type="Animation" id=26]
resource_name = "Activate"
length = 2.0
tracks/0/type = "value"
tracks/0/path = NodePath("arena_entry/door2-kine:translation")
tracks/0/interp = 1
tracks/0/loop_wrap = true
tracks/0/imported = false
tracks/0/enabled = true
tracks/0/keys = {
"times": PoolRealArray( 0, 1.3 ),
"transitions": PoolRealArray( 1, 1 ),
"update": 0,
"values": [ Vector3( 6.53745, 2.28817, -0.57513 ), Vector3( 6.96489, 2.28817, 0.694336 ) ]
}
tracks/1/type = "value"
tracks/1/path = NodePath("arena_entry/door1-kine:translation")
tracks/1/interp = 1
tracks/1/loop_wrap = true
tracks/1/imported = false
tracks/1/enabled = true
tracks/1/keys = {
"times": PoolRealArray( 0, 1.8 ),
"transitions": PoolRealArray( 1, 1 ),
"update": 0,
"values": [ Vector3( 5.88358, 2.28817, -2.51711 ), Vector3( 5.77991, 2.28817, -2.82503 ) ]
}
tracks/2/type = "value"
tracks/2/path = NodePath("arena_entry/door1-kine:rotation_degrees")
tracks/2/interp = 1
tracks/2/loop_wrap = true
tracks/2/imported = false
tracks/2/enabled = true
tracks/2/keys = {
"times": PoolRealArray( 0, 1, 1.7 ),
"transitions": PoolRealArray( 1, 1, 1 ),
"update": 0,
"values": [ Vector3( 0, 18.6086, 0 ), Vector3( 0, 18.6086, 0 ), Vector3( 3.81746, 18.6086, 0 ) ]
}

[sub_resource type="Animation" id=27]
length = 0.001
tracks/0/type = "value"
tracks/0/path = NodePath("arena_entry/door2-kine:translation")
tracks/0/interp = 1
tracks/0/loop_wrap = true
tracks/0/imported = false
tracks/0/enabled = true
tracks/0/keys = {
"times": PoolRealArray( 0 ),
"transitions": PoolRealArray( 1 ),
"update": 0,
"values": [ Vector3( 6.53745, 2.28817, -0.57513 ) ]
}
tracks/1/type = "value"
tracks/1/path = NodePath("arena_entry/door1-kine:translation")
tracks/1/interp = 1
tracks/1/loop_wrap = true
tracks/1/imported = false
tracks/1/enabled = true
tracks/1/keys = {
"times": PoolRealArray( 0 ),
"transitions": PoolRealArray( 1 ),
"update": 0,
"values": [ Vector3( 5.88358, 2.28817, -2.51711 ) ]
}
tracks/2/type = "value"
tracks/2/path = NodePath("arena_entry/door1-kine:rotation_degrees")
tracks/2/interp = 1
tracks/2/loop_wrap = true
tracks/2/imported = false
tracks/2/enabled = true
tracks/2/keys = {
"times": PoolRealArray( 0 ),
"transitions": PoolRealArray( 1 ),
"update": 0,
"values": [ Vector3( 0, 18.6086, 0 ) ]
}

[sub_resource type="Animation" id=272]
resource_name = "Activate"
length = 3.0
step = 0.05
tracks/0/type = "value"
tracks/0/path = NodePath("../pen_doors/door-kine:translation")
tracks/0/interp = 1
tracks/0/loop_wrap = true
tracks/0/imported = false
tracks/0/enabled = true
tracks/0/keys = {
"times": PoolRealArray( 0, 1, 1.1, 1.2, 1.4, 2.85, 3 ),
"transitions": PoolRealArray( 2.54912, 1, 1, 1, 2.54912, 0.225313, 1 ),
"update": 0,
"values": [ Vector3( 0.130199, 0, -0.0116382 ), Vector3( 0.128649, 0, 0.749084 ), Vector3( 0.128618, 0, 0.764679 ), Vector3( 0.128662, 0, 0.744003 ), Vector3( 0.128649, 0, 0.749084 ), Vector3( -4.62425, 0, 0.73941 ), Vector3( -4.58203, 0, 0.739502 ) ]
}

[sub_resource type="Animation" id=273]
length = 0.001
tracks/0/type = "value"
tracks/0/path = NodePath("../pen_doors/door-kine:translation")
tracks/0/interp = 1
tracks/0/loop_wrap = true
tracks/0/imported = false
tracks/0/enabled = true
tracks/0/keys = {
"times": PoolRealArray( 0 ),
"transitions": PoolRealArray( 1 ),
"update": 0,
"values": [ Vector3( 0.130199, 0, -0.0116382 ) ]
}

[sub_resource type="Animation" id=278]
resource_name = "Activate"
length = 2.0
tracks/0/type = "value"
tracks/0/path = NodePath("upper_entry/upper_door-kine:translation")
tracks/0/interp = 1
tracks/0/loop_wrap = true
tracks/0/imported = false
tracks/0/enabled = true
tracks/0/keys = {
"times": PoolRealArray( 0, 0.8, 1, 1.5, 2 ),
"transitions": PoolRealArray( 1.93187, 0.482968, 0.574349, 2.07053, 1 ),
"update": 0,
"values": [ Vector3( -1.6363, 2.00154, 0.254799 ), Vector3( 1.64874, 2.00154, 0.130936 ), Vector3( 1.62476, 2.00154, 0.13184 ), Vector3( 1.61008, 2.00154, -0.257648 ), Vector3( 1.59539, 2.00154, -0.647137 ) ]
}

[sub_resource type="Animation" id=279]
length = 0.001
tracks/0/type = "value"
tracks/0/path = NodePath("upper_entry/upper_door-kine:translation")
tracks/0/interp = 1
tracks/0/loop_wrap = true
tracks/0/imported = false
tracks/0/enabled = true
tracks/0/keys = {
"times": PoolRealArray( 0 ),
"transitions": PoolRealArray( 1 ),
"update": 0,
"values": [ Vector3( -1.6363, 2.00154, 0.254799 ) ]
}

[sub_resource type="Animation" id=282]
length = 0.001
tracks/0/type = "value"
tracks/0/path = NodePath("rail_cart:translation")
tracks/0/interp = 1
tracks/0/loop_wrap = true
tracks/0/imported = false
tracks/0/enabled = true
tracks/0/keys = {
"times": PoolRealArray( 0 ),
"transitions": PoolRealArray( 1 ),
"update": 0,
"values": [ Vector3( -18.5931, -8.24916, 4.31643 ) ]
}
tracks/1/type = "value"
tracks/1/path = NodePath("rail_cart2:translation")
tracks/1/interp = 1
tracks/1/loop_wrap = true
tracks/1/imported = false
tracks/1/enabled = true
tracks/1/keys = {
"times": PoolRealArray( 0 ),
"transitions": PoolRealArray( 1 ),
"update": 0,
"values": [ Vector3( -17.1523, 2.65599, 8.84904 ) ]
}
tracks/2/type = "value"
tracks/2/path = NodePath("rail_cart3:transform")
tracks/2/interp = 1
tracks/2/loop_wrap = true
tracks/2/imported = false
tracks/2/enabled = true
tracks/2/keys = {
"times": PoolRealArray( 0 ),
"transitions": PoolRealArray( 1 ),
"update": 0,
"values": [ Transform( 0.288257, 0, -0.957553, 0, 1, 0, 0.957553, 0, 0.288257, 1.10772, 5.09303, 9.16148 ) ]
}

[sub_resource type="Animation" id=283]
resource_name = "loop"
length = 6.0
loop = true
tracks/0/type = "value"
tracks/0/path = NodePath("rail_cart:translation")
tracks/0/interp = 2
tracks/0/loop_wrap = true
tracks/0/imported = false
tracks/0/enabled = true
tracks/0/keys = {
"times": PoolRealArray( 0, 1.5, 3, 4.5 ),
"transitions": PoolRealArray( 1, 1, 1, 1 ),
"update": 0,
"values": [ Vector3( -18.5931, -8.24916, 4.31643 ), Vector3( -18.5931, -2.3385, 4.31643 ), Vector3( -18.5931, -8.24916, 4.31643 ), Vector3( -18.5931, -2.3385, 4.31643 ) ]
}
tracks/1/type = "value"
tracks/1/path = NodePath("rail_cart2:translation")
tracks/1/interp = 2
tracks/1/loop_wrap = true
tracks/1/imported = false
tracks/1/enabled = true
tracks/1/keys = {
"times": PoolRealArray( 0, 1.6, 3, 4.5 ),
"transitions": PoolRealArray( 1, 1, 1, 1 ),
"update": 0,
"values": [ Vector3( -17.1523, 2.65599, 8.84904 ), Vector3( -17.1523, -3.37187, 8.84904 ), Vector3( -17.1523, 1.53028, 8.84904 ), Vector3( -17.1523, -3.37187, 8.84904 ) ]
}
tracks/2/type = "value"
tracks/2/path = NodePath("rail_cart3:transform")
tracks/2/interp = 2
tracks/2/loop_wrap = true
tracks/2/imported = false
tracks/2/enabled = true
tracks/2/keys = {
"times": PoolRealArray( 0, 3, 5.8 ),
"transitions": PoolRealArray( 1, 1, 1 ),
"update": 0,
"values": [ Transform( 0.288257, 0, -0.957553, 0, 1, 0, 0.957553, 0, 0.288257, 1.10772, 5.09303, 9.16148 ), Transform( -0.287828, -0.0157238, -0.957553, 0.0545476, -0.998511, 9.43323e-08, -0.956127, -0.0522321, 0.288257, 1.10772, 27.6954, 9.16148 ), Transform( 0.285515, 0.0396703, -0.957553, -0.137621, 0.990485, 1.15088e-08, 0.948442, 0.131779, 0.288257, 1.10772, 6.59985, 9.16148 ) ]
}

[sub_resource type="CubeMesh" id=285]
material = ExtResource( 49 )
size = Vector3( 0.6, 20, 1 )

[sub_resource type="ConvexPolygonShape" id=286]
points = PoolVector3Array( 0.3, 10, 0.5, -0.3, 10, 0.5, 0.3, -10, 0.5, 0.3, 10, -0.5, -0.3, 10, -0.5, -0.3, -10, 0.5, 0.3, -10, -0.5, -0.3, -10, -0.5 )

[sub_resource type="CubeMesh" id=287]
material = ExtResource( 49 )
size = Vector3( 0.7, 40, 2.2 )

[sub_resource type="ConvexPolygonShape" id=288]
points = PoolVector3Array( 0.349932, 20, 1.1, -0.35, 20, 1.1, 0.349932, -20, 1.1, 0.349932, 20, -1.1, -0.35, 20, -1.1, -0.35, -20, 1.1, 0.349932, -20, -1.1, -0.35, -20, -1.1 )

[sub_resource type="ConvexPolygonShape" id=289]
points = PoolVector3Array( 0.349932, 20, 1.1, -0.35, 20, 1.1, 0.349932, -20, 1.1, 0.349932, 20, -1.1, -0.35, 20, -1.1, -0.35, -20, 1.1, 0.349932, -20, -1.1, -0.35, -20, -1.1 )

[sub_resource type="QuadMesh" id=21]

[sub_resource type="ShaderMaterial" id=22]
shader = ExtResource( 12 )
shader_param/surface_albedo = Color( 1, 0.8, 0.8, 1 )
shader_param/deep_albedo = Color( 0.113725, 0.00392157, 0.00392157, 1 )
shader_param/max_depth = 1.5
shader_param/foam_color = Color( 0.529412, 0.466667, 0.466667, 0.560784 )
shader_param/refraction = 0.004
shader_param/foam_distance = 0.5
shader_param/foam_noise_scale = 1.0
shader_param/foam_noise_scale2 = 0.2
shader_param/foam_noise = ExtResource( 14 )

[sub_resource type="BoxShape" id=23]
extents = Vector3( 58.7561, 10, 41.9473 )

[sub_resource type="BoxShape" id=274]

[sub_resource type="ShaderMaterial" id=13]
shader = ExtResource( 39 )
shader_param/wall_scale = 0.3
shader_param/ground_scale = 0.3
shader_param/power = 5.0
shader_param/softness = 0.5
shader_param/specularity_ground = 1.0
shader_param/specularity_wall = 1.0
shader_param/specularity_ceiling = 1.0
shader_param/light_bias = 0.0
shader_param/shadow_normal_offset = 0.2
shader_param/albedo = Color( 1, 1, 1, 1 )
shader_param/wall = ExtResource( 38 )
shader_param/ground = ExtResource( 38 )
shader_param/ceiling = ExtResource( 38 )

[sub_resource type="ShaderMaterial" id=270]
shader = ExtResource( 48 )
shader_param/subsurface_scattering = -1.0
shader_param/softness = 1.0
shader_param/specularity = 5.0
shader_param/alpha_clip = 0.502
shader_param/main_texture = ExtResource( 47 )

[sub_resource type="ShaderMaterial" id=271]
shader = ExtResource( 51 )
shader_param/uv_scale = 1.0
shader_param/power = 5.0
shader_param/softness = 0.5
shader_param/specularity = 4.0
shader_param/light_bias = 0.0
shader_param/wall = ExtResource( 50 )
shader_param/ground = ExtResource( 50 )
shader_param/ceiling = ExtResource( 50 )

[sub_resource type="SpatialMaterial" id=291]
resource_local_to_scene = true
albedo_color = Color( 0.203922, 0.164706, 0.164706, 1 )
roughness = 0.52
emission_enabled = true
emission = Color( 0.839216, 0.8, 0.584314, 1 )
emission_energy = 1.0
emission_operator = 0
emission_on_uv2 = false

[sub_resource type="SpatialMaterial" id=292]
resource_local_to_scene = true
albedo_color = Color( 0.203922, 0.164706, 0.164706, 1 )
roughness = 0.52
emission_enabled = true
emission = Color( 0.839216, 0.8, 0.584314, 1 )
emission_energy = 1.0
emission_operator = 0
emission_on_uv2 = false

[sub_resource type="SpatialMaterial" id=293]
resource_local_to_scene = true
albedo_color = Color( 0.203922, 0.164706, 0.164706, 1 )
roughness = 0.52
emission_enabled = true
emission = Color( 0.839216, 0.8, 0.584314, 1 )
emission_energy = 1.0
emission_operator = 0
emission_on_uv2 = false

[sub_resource type="SpatialMaterial" id=294]
resource_local_to_scene = true
albedo_color = Color( 0.203922, 0.164706, 0.164706, 1 )
roughness = 0.52
emission_enabled = true
emission = Color( 0.839216, 0.8, 0.584314, 1 )
emission_energy = 1.0
emission_operator = 0
emission_on_uv2 = false

[sub_resource type="SphereShape" id=277]

[node name="chunk-cave137" groups=["navmesh"] instance=ExtResource( 40 )]
script = ExtResource( 1 )
preview_neighbors = true
custom_neighbors = [ "chunk137", "chunk125" ]

[node name="active_entities" parent="." index="0"]
script = ExtResource( 77 )

[node name="OmniLight7" type="OmniLight" parent="active_entities" index="0"]
transform = Transform( 0.941815, -0.0276309, -0.334995, 0.0877719, -0.941823, 0.324447, -0.324471, -0.334972, -0.884597, -41.2149, 75.9476, -147.785 )
light_color = Color( 0.466667, 0.352941, 0.266667, 1 )
light_energy = 0.214
omni_range = 30.1935
script = ExtResource( 31 )
distance = 80.0

[node name="reflections" type="Spatial" parent="active_entities" index="1"]

[node name="refl_ext" type="ReflectionProbe" parent="active_entities/reflections" index="0"]
transform = Transform( 0.825127, 0, -0.564948, 0, 1, 0, 0.564948, 0, 0.825127, 249.266, -36.7304, -87.3004 )
extents = Vector3( 39.0172, 14.2972, 22.857 )

[node name="refl_ext2" type="ReflectionProbe" parent="active_entities/reflections" index="1"]
transform = Transform( 0.825127, 0, -0.564948, 0, 1, 0, 0.564948, 0, 0.825127, 118.074, -135.052, 190.384 )
extents = Vector3( 17.181, 14.2972, 17.3023 )

[node name="refl_ext3" type="ReflectionProbe" parent="active_entities/reflections" index="2"]
transform = Transform( 0.463773, 0.188202, -0.865734, -0.0888709, 0.98213, 0.165897, 0.881486, -2.03595e-07, 0.472211, -73.1883, 95.9733, -129.724 )
extents = Vector3( 17.181, 14.2972, 34.9115 )
origin_offset = Vector3( 0, 0, 15.8887 )

[node name="refl_int3" type="ReflectionProbe" parent="active_entities/reflections" index="3"]
transform = Transform( 0.544114, 0, 0.839011, 0, 1, 0, -0.839011, 0, 0.544114, 41.045, -133.727, 135.421 )
extents = Vector3( 27.2674, 25.1688, 82.9374 )
origin_offset = Vector3( 0, 0, 10.0059 )
cull_mask = 1015807
interior_enable = true
interior_ambient_color = Color( 0.192157, 0.164706, 0.247059, 1 )

[node name="refl_int2" type="ReflectionProbe" parent="active_entities/reflections" index="4"]
transform = Transform( 0.632537, -0.169065, 0.755853, 0.0880101, 0.985254, 0.146725, -0.769514, -0.0262861, 0.638089, 134.733, -66.5129, -7.50725 )
intensity = 0.22
extents = Vector3( 126.445, 19.8493, 31.3881 )
origin_offset = Vector3( -18.1465, -5.00391, 4.44141 )
cull_mask = 1015807
interior_enable = true
interior_ambient_color = Color( 0.192157, 0.164706, 0.247059, 1 )

[node name="refl_int5" type="ReflectionProbe" parent="active_entities/reflections" index="5"]
transform = Transform( 0.959691, 0.155207, 0.234314, -0.0606136, 0.928369, -0.366683, -0.274442, 0.3377, 0.900356, -19.1674, 51.766, -100.509 )
intensity = 0.39
extents = Vector3( 47.938, 25.2671, 88.4684 )
origin_offset = Vector3( -5.35156, 2.61523, -24.8628 )
cull_mask = 1015807
interior_enable = true
interior_ambient_color = Color( 0.192157, 0.164706, 0.247059, 1 )

[node name="refl_int6" type="ReflectionProbe" parent="active_entities/reflections" index="6"]
transform = Transform( 0.954272, -0.0713639, -0.290297, 0.0566178, 0.996657, -0.0588934, 0.293529, 0.0397643, 0.955123, 75.4119, -100.936, -86.736 )
intensity = 0.5
extents = Vector3( 26.0348, 73.1413, 55.4369 )
origin_offset = Vector3( 11.5137, 24.2891, 29.0703 )
cull_mask = 1015807
interior_enable = true
interior_ambient_color = Color( 0.239216, 0.2, 0.27451, 1 )

[node name="refl_int9" type="ReflectionProbe" parent="active_entities/reflections" index="7"]
transform = Transform( 0.899557, 0.25776, 0.352643, -0.287451, 0.957206, 0.0336022, -0.328891, -0.131595, 0.935154, 34.9878, -3.24703, -96.5794 )
intensity = 0.5
extents = Vector3( 56.596, 37.4013, 65.9252 )
origin_offset = Vector3( -8.22656, 33.4043, 10.5176 )
cull_mask = 1015807
interior_enable = true
interior_ambient_color = Color( 0.423529, 0.376471, 0.309804, 1 )
interior_dark_ambient_color = Color( 0.235294, 0.0862745, 0.0862745, 1 )

[node name="refl_int4" type="ReflectionProbe" parent="active_entities/reflections" index="8"]
transform = Transform( 0.641971, -0.129948, 0.755637, -0.152243, 0.944305, 0.291736, -0.751462, -0.302326, 0.586433, 31.3773, -77.1429, 92.946 )
extents = Vector3( 46.8005, 88.226, 43.7742 )
origin_offset = Vector3( -4.10205, 0, 18.6777 )
cull_mask = 1015807
interior_enable = true
interior_ambient_color = Color( 0.192157, 0.164706, 0.247059, 1 )

[node name="refl_int1" type="ReflectionProbe" parent="active_entities/reflections" index="9"]
transform = Transform( 0.822307, -0.508125, 0.256164, 0.552183, 0.82129, -0.143447, -0.137496, 0.259407, 0.95593, 5.59735, -25.8021, 19.4828 )
intensity = 0.49
max_distance = 147.5
extents = Vector3( 53.5005, 67.959, 67.009 )
origin_offset = Vector3( 2.58789, 5.60156, 0.330078 )
cull_mask = 950271
interior_enable = true
interior_ambient_color = Color( 0.27451, 0.219608, 0.380392, 1 )
interior_dark_ambient_color = Color( 0.27451, 0.392157, 0.423529, 1 )

[node name="env_evil" type="Area" parent="active_entities" index="2"]
transform = Transform( 1, 0, 0, 0, 1, 0, 0, 0, 1, 81.7208, -196.732, -64.4167 )
collision_layer = 0
collision_mask = 2
script = ExtResource( 9 )
override_priority = 2
wind_reduction_db = 80.0
custom_fog = Color( 1, 1, 1, 1 )
fog_start = 0.0
fog_end = 320.69
indirect_light = Color( 0.164706, 0.00784314, 0.00784314, 1 )
show_sun = false
override_music = true
default_music = ExtResource( 78 )
visited_stat = "visited/hive137"

[node name="CollisionShape" type="CollisionShape" parent="active_entities/env_evil" index="0"]
transform = Transform( 0.887502, 0, -0.460805, 0, 1, 0, 0.460805, 0, 0.887502, 18.9472, 4.8741, -24.7178 )
shape = SubResource( 275 )

[node name="CollisionShape2" type="CollisionShape" parent="active_entities/env_evil" index="1"]
transform = Transform( 1, 0, 0, 0, 1, 0, 0, 0, 1, 0, 8.07314, 0 )
shape = SubResource( 276 )

[node name="ReflectionProbe" type="ReflectionProbe" parent="active_entities/env_evil" index="2"]
transform = Transform( 0.872094, 0, -0.489338, 0, 1, 0, 0.489338, 0, 0.872094, 80.3632, -72.3684, -155.382 )
intensity = 0.15
extents = Vector3( 147.172, 133.296, 182.024 )
origin_offset = Vector3( 2.23517e-10, 0, -2.23517e-10 )
interior_enable = true

[node name="reaction" type="Node" parent="active_entities/env_evil" index="3"]

[node name="death_plane" parent="active_entities/env_evil" index="4" instance=ExtResource( 74 )]
transform = Transform( 203.964, 144.678, 8.38702e-07, 0, -1.4136e-05, 42.8885, 102.028, -289.225, -1.67665e-06, 78.3552, -89.6495, -140.568 )
skeleton = NodePath("../../zone_spawn")
material/0 = SubResource( 280 )

[node name="env" type="Area" parent="active_entities" index="3"]
collision_layer = 0
collision_mask = 2
script = ExtResource( 9 )
wind_reduction_db = 29.0059
custom_fog = Color( 0.117647, 0.160784, 0.141176, 1 )
fog_start = 0.0
fog_end = 400.0
show_sun = false

[node name="refl_int7" type="ReflectionProbe" parent="active_entities/env" index="0"]
transform = Transform( 0.629008, -0.0639744, -0.774762, 0.241885, 0.963244, 0.116842, 0.73881, -0.260898, 0.621363, 97.0177, -161.333, -15.0516 )
intensity = 0.28
extents = Vector3( 199.732, 123.054, 54.7927 )
origin_offset = Vector3( -52.9185, -20.6323, -7.22217 )
cull_mask = 1015807
interior_enable = true
interior_ambient_color = Color( 0.129412, 0.0666667, 0.141176, 1 )

[node name="OmniLight9" type="OmniLight" parent="active_entities/env" index="1"]
transform = Transform( 1, 0, 0, 0, 1, 0, 0, 0, 1, 75.4014, -165.933, -71.0041 )
light_color = Color( 1, 0.580392, 0.807843, 1 )
light_energy = 0.186
omni_range = 44.8053
script = ExtResource( 31 )
distance = 100.0

[node name="OmniLight11" type="OmniLight" parent="active_entities/env" index="2"]
transform = Transform( 1, 0, 0, 0, 1, 0, 0, 0, 1, 194.722, -44.0466, 31.2182 )
light_color = Color( 1, 0.580392, 0.807843, 1 )
light_energy = 0.186
omni_range = 48.6852
script = ExtResource( 31 )
distance = 100.0

[node name="light_wall" parent="active_entities/env" index="3" instance=ExtResource( 52 )]
transform = Transform( 0.963746, -0.266821, 4.48761e-10, 0.00723507, 0.0261327, -0.999632, 0.266723, 0.963392, 0.0271158, 29.7113, -23.67, -128.982 )

[node name="light_wall2" parent="active_entities/env" index="4" instance=ExtResource( 52 )]
transform = Transform( 0.970829, 0.239774, 1.04809e-08, 0, -4.37114e-08, 1, 0.239774, -0.970829, -4.24363e-08, 25.4158, -23.7868, -130.721 )

[node name="light_wall4" parent="active_entities/env" index="5" instance=ExtResource( 52 )]
transform = Transform( -5.46392e-08, -0.5, 0.866025, 1, -4.37114e-08, 3.78552e-08, 1.89276e-08, 0.866025, 0.5, 77.9184, -37.6771, -104.679 )
mesh_instance = NodePath("../light_wall/Sphere")

[node name="light_wall3" parent="active_entities/env" index="6" instance=ExtResource( 52 )]
transform = Transform( -4.37114e-08, -1, 0, 1, -4.37114e-08, 0, 0, 0, 1, 76.8963, -35.1631, -93.4014 )

[node name="light_wall5" parent="active_entities/env" index="7" instance=ExtResource( 52 )]
transform = Transform( 0.746221, -0.665699, -2.90986e-08, 0, -4.37114e-08, 1, -0.665699, -0.746221, -3.26183e-08, 76.4248, -37.894, -82.3622 )

[node name="OmniLight6" type="OmniLight" parent="active_entities/env" index="8"]
transform = Transform( 1, 0, 0, 0, 1, 0, 0, 0, 1, 72.8039, -30.4843, -96.9045 )
light_color = Color( 0.643137, 0.552941, 0.403922, 1 )
omni_range = 24.7973
script = ExtResource( 31 )
distance = 40.0

[node name="SpotLight" type="SpotLight" parent="active_entities/env" index="9"]
transform = Transform( 0.946254, -0.0115989, -0.323217, 0.0977258, -0.942391, 0.319921, -0.308308, -0.334313, -0.890607, -46.5727, 75.6322, -162.951 )
light_color = Color( 0.592157, 0.396078, 0.223529, 1 )
light_energy = 0.327
spot_range = 183.984
spot_attenuation = 0.574351
spot_angle = 5.36801
spot_angle_attenuation = 1.07178

[node name="CollisionShape" type="CollisionShape" parent="active_entities/env" index="10"]
transform = Transform( 0.972382, -0.03612, 0.230585, 0.0513497, 0.996853, -0.0603906, -0.227678, 0.0705632, 0.971176, 5.13744, -21.857, 18.2965 )
shape = SubResource( 1 )

[node name="CollisionShape6" type="CollisionShape" parent="active_entities/env" index="11"]
transform = Transform( 0.998236, 0.0397944, 0.0440527, -0.0200916, 0.924738, -0.380074, -0.055862, 0.378518, 0.923906, -12.3091, 40.8673, -102.859 )
shape = SubResource( 2 )

[node name="CollisionShape7" type="CollisionShape" parent="active_entities/env" index="12"]
transform = Transform( 0.274864, 0.300797, -0.91322, -0.413373, 0.894511, 0.170216, 0.868086, 0.330714, 0.37021, -33.7601, 76.4844, -149.588 )
shape = SubResource( 3 )

[node name="CollisionShape2" type="CollisionShape" parent="active_entities/env" index="13"]
transform = Transform( 0.990806, 0.120127, 0.0622406, 0.0449335, 0.141752, -0.988882, -0.127614, 0.982586, 0.135051, 36.3139, -73.6914, 116.354 )
shape = SubResource( 4 )

[node name="CollisionShape3" type="CollisionShape" parent="active_entities/env" index="14"]
transform = Transform( 0.653811, -0.0586592, -0.75438, -0.0373405, -0.998277, 0.0452617, -0.755735, -0.00142368, -0.654875, 67.2162, -136.569, 148.934 )
shape = SubResource( 5 )

[node name="CollisionShape4" type="CollisionShape" parent="active_entities/env" index="15"]
transform = Transform( 0.738784, 0.000164311, 0.673942, -0.0493161, -0.997306, 0.0543041, 0.672135, -0.0733552, -0.736786, 76.6391, -64.7935, 55.8126 )
shape = SubResource( 6 )

[node name="CollisionShape5" type="CollisionShape" parent="active_entities/env" index="16"]
transform = Transform( 0.733132, -0.0830183, 0.675, -0.346532, -0.899611, 0.265733, 0.585177, -0.428727, -0.688303, 170.391, -60.6691, -45.6729 )
shape = SubResource( 7 )

[node name="CollisionShape8" type="CollisionShape" parent="active_entities/env" index="17"]
transform = Transform( 0.675684, 0.737191, -2.88046e-09, 0.014063, -0.0128897, -0.999818, -0.737057, 0.675561, -0.0190765, 148.447, -47.7577, -14.2661 )
shape = SubResource( 8 )

[node name="CollisionShape9" type="CollisionShape" parent="active_entities/env" index="18"]
transform = Transform( 1, 0, 0, 0, 1, 0, 0, 0, 1, 27.6003, -88.8134, -82.3415 )
shape = SubResource( 12 )

[node name="CollisionShape10" type="CollisionShape" parent="active_entities/env" index="19"]
transform = Transform( 0.811461, -0.159055, 0.562345, 0.0341004, 0.973498, 0.22614, -0.583411, -0.164328, 0.795379, 126.568, -168.792, 52.5881 )
shape = SubResource( 14 )

[node name="CollisionShape12" type="CollisionShape" parent="active_entities/env" index="20"]
transform = Transform( 0.608422, 0.219205, 0.76274, 0.0263443, 0.954989, -0.29547, -0.793177, 0.199864, 0.575261, 205.974, -32.4934, 17.3193 )
shape = SubResource( 18 )

[node name="CollisionShape15" type="CollisionShape" parent="active_entities/env" index="21"]
transform = Transform( 0.422441, -0.145986, 0.894557, 0.00323207, 0.98718, 0.159575, -0.906385, -0.0645196, 0.417497, 170.563, -30.8782, -2.94639 )
shape = SubResource( 19 )

[node name="CollisionShape13" type="CollisionShape" parent="active_entities/env" index="22"]
transform = Transform( 0.831877, 0.282523, 0.477661, 0.029326, 0.837132, -0.546214, -0.554183, 0.468391, 0.688106, 225.764, -44.2274, 36.2193 )
shape = SubResource( 17 )

[node name="CollisionShape14" type="CollisionShape" parent="active_entities/env" index="23"]
transform = Transform( 0.778983, 0.562883, 0.27631, -0.359554, 0.761986, -0.538607, -0.513717, 0.320217, 0.795961, 239.918, -63.3227, 61.8099 )
shape = SubResource( 20 )

[node name="CollisionShape19" type="CollisionShape" parent="active_entities/env" index="24"]
transform = Transform( 0.893427, -0.34063, -0.292845, 0.0977904, 0.783765, -0.613309, 0.438434, 0.51931, 0.733547, 238.777, -82.7382, 90.9677 )
shape = SubResource( 295 )

[node name="CollisionShape20" type="CollisionShape" parent="active_entities/env" index="25"]
transform = Transform( 0.676556, -0.301013, -0.672059, -0.179215, 0.817894, -0.546746, 0.714251, 0.490347, 0.499404, 221.571, -103.018, 110.289 )
shape = SubResource( 296 )

[node name="CollisionShape21" type="CollisionShape" parent="active_entities/env" index="26"]
transform = Transform( 0.334467, -0.505913, -0.795099, -0.390982, 0.693163, -0.605522, 0.857475, 0.513397, 0.0340374, 196.493, -121.577, 118.394 )
shape = SubResource( 297 )

[node name="CollisionShape16" type="CollisionShape" parent="active_entities/env" index="27"]
transform = Transform( 1, 0, 0, 0, 1, 0, 0, 0, 1, 21.1429, 27.8618, -122.108 )
shape = SubResource( 24 )

[node name="CollisionShape18" type="CollisionShape" parent="active_entities/env" index="28"]
transform = Transform( 1, 0, 0, 0, 1, 0, 0, 0, 1, 0, 8.07314, 0 )
shape = SubResource( 276 )

[node name="cave1" type="Spatial" parent="active_entities" index="4"]
transform = Transform( 1, 0, 0, 0, 1, 0, 0, 0, 1, 135.74, 0, 21.6752 )

[node name="item_pickup" parent="active_entities/cave1" index="0" instance=ExtResource( 3 )]
transform = Transform( 1, 0, 0, 0, 0.256274, -0.966604, 0, 0.966604, 0.256274, 99.2066, -48.2002, -113.189 )
item_id = "lantern"

[node name="lantern" parent="active_entities/cave1/item_pickup" index="4" instance=ExtResource( 2 )]

[node name="rock_kinematic" parent="active_entities/cave1" index="1" instance=ExtResource( 6 )]
transform = Transform( 1, 0, 0, 0, 1, 0, 0, 0, 1, 7.91556, -72.8173, -37.79 )

[node name="rock_kinematic2" parent="active_entities/cave1" index="2" instance=ExtResource( 6 )]
transform = Transform( -0.605448, -0.795884, 0, 0.795884, -0.605448, 0, 0, 0, 1, 12.2366, -72.8695, -37.5505 )
initial_velocity = 5.0

[node name="rock6" parent="active_entities/cave1" index="3" instance=ExtResource( 7 )]
transform = Transform( 1, 0, 0, 0, 1, 0, 0, 0, 1, -19.6214, -78.2873, 6.06311 )

[node name="rock1" parent="active_entities/cave1" index="4" instance=ExtResource( 10 )]
transform = Transform( 1, 0, 0, 0, 1, 0, 0, 0, 1, -82.3867, -66.9941, 41.9887 )

[node name="rock3" parent="active_entities/cave1" index="5" instance=ExtResource( 4 )]
transform = Transform( 1, 0, 0, 0, 0.896482, -0.443081, 0, 0.443081, 0.896482, -59.7002, -81.8641, 52.6447 )

[node name="bug_pickup3" parent="active_entities/cave1" index="6" instance=ExtResource( 5 )]
transform = Transform( 1, 0, 0, 0, 1, 0, 0, 0, 1, -59.4371, -74.7914, 59.1883 )

[node name="crawly" parent="active_entities/cave1" index="7" instance=ExtResource( 11 )]
transform = Transform( -0.874964, 0, 0.484187, 0, 1, 0, -0.484187, 0, -0.874964, -36.8921, -82.9986, 14.6407 )

[node name="crawly2" parent="active_entities/cave1" index="8" instance=ExtResource( 11 )]
transform = Transform( -0.778932, 0, -0.627109, 0, 1, 0, 0.627109, 0, -0.778932, -12.1134, -84.0363, 11.9335 )

[node name="rock_collapsible3" parent="active_entities/cave1" index="9" instance=ExtResource( 8 )]
transform = Transform( -0.965926, 0, -0.258819, 0, 1, 0, 0.258819, 0, -0.965926, -26.1468, -78.0156, 8.11791 )

[node name="bug_pickup6" parent="active_entities/cave1" index="10" instance=ExtResource( 5 )]
transform = Transform( 1, 0, 0, 0, 1, 0, 0, 0, 1, -26.4968, -76.8707, 8.27191 )

[node name="bug_pickup" parent="active_entities/cave1" index="11" instance=ExtResource( 5 )]
transform = Transform( 1, 0, 0, 0, 1, 0, 0, 0, 1, 5.0537, -52.4768, -35.381 )

[node name="gem_pickup" parent="active_entities/cave1" index="12" instance=ExtResource( 28 )]
transform = Transform( 1, 0, 0, 0, 1, 0, 0, 0, 1, 111.142, -35.1248, -97.0942 )

[node name="cave2" type="Spatial" parent="active_entities" index="5"]
transform = Transform( 1, 0, 0, 0, 1, 0, 0, 0, 1, 27.2983, -74.5096, 114.055 )

[node name="rock2" parent="active_entities/cave2" index="0" instance=ExtResource( 4 )]
transform = Transform( 0.717867, 0.40877, 0.563537, -0.494824, 0.868993, -1.2949e-08, -0.489709, -0.278852, 0.826091, 15.0198, 19.0992, 0.150414 )

[node name="rock_collapsible" parent="active_entities/cave2" index="1" instance=ExtResource( 8 )]
transform = Transform( -0.688548, 0, -0.725191, 0, 1, 0, 0.725191, 0, -0.688548, -2.78285, 45.2463, -16.7858 )

