[gd_scene load_steps=26 format=2]

[ext_resource path="res://areas/chunk_content.gd" type="Script" id=1]
[ext_resource path="res://entities/enemies/deathgnat.tscn" type="PackedScene" id=2]
[ext_resource path="res://entities/env/stone/rock1.tscn" type="PackedScene" id=3]
[ext_resource path="res://entities/env/stone/hut.tscn" type="PackedScene" id=4]
[ext_resource path="res://entities/env/stone/ruin1.tscn" type="PackedScene" id=5]
[ext_resource path="res://entities/enemies/crawly.tscn" type="PackedScene" id=6]
[ext_resource path="res://items/bug_pickup.tscn" type="PackedScene" id=7]
[ext_resource path="res://items/gem_pickup.tscn" type="PackedScene" id=8]
[ext_resource path="res://entities/wardrobe.tscn" type="PackedScene" id=9]
[ext_resource path="res://items/coat_pickup.tscn" type="PackedScene" id=10]
[ext_resource path="res://entities/env/stone/hut_bath.tscn" type="PackedScene" id=11]
[ext_resource path="res://entities/env/stone/rock3.tscn" type="PackedScene" id=12]
[ext_resource path="res://entities/env/stone/rock2.tscn" type="PackedScene" id=13]
[ext_resource path="res://entities/env/stone/pillar.tscn" type="PackedScene" id=14]
[ext_resource path="res://entities/env/stone/rock_kinematic.tscn" type="PackedScene" id=15]
[ext_resource path="res://entities/control/conditional_when_dead.gd" type="Script" id=16]
[ext_resource path="res://entities/npc/npc.tscn" type="PackedScene" id=17]
[ext_resource path="res://entities/visual/flag.tscn" type="PackedScene" id=18]
[ext_resource path="res://games/race.gd" type="Script" id=19]
[ext_resource path="res://dialog/side_content/race/race_generic.dialog" type="Resource" id=20]
[ext_resource path="res://entities/env/stone/master_hut.tscn" type="PackedScene" id=21]
[ext_resource path="res://entities/env/stone/wall1.tscn" type="PackedScene" id=22]
[ext_resource path="res://entities/env/stone/rock4.tscn" type="PackedScene" id=23]
[ext_resource path="res://dialog/side_content/race/race_coat_trade.dialog" type="Resource" id=24]

[sub_resource type="BoxShape" id=1]
extents = Vector3( 1.37823, 1.71547, 1.36145 )

[node name="chunk125" type="MultiMeshSystem"]
script = ExtResource( 1 )

[node name="cliff_area" type="MultiMeshSystem" parent="."]
transform = Transform( 1, 0, 0, 0, 1, 0, 0, 0, 1, 72.8802, -9.82391, -62.8166 )

[node name="hut2" parent="cliff_area" instance=ExtResource( 4 )]
transform = Transform( 0.180613, 0, -0.983554, 0, 1, 0, 0.983554, 0, 0.180613, -50.8802, -12.1761, 0.816551 )

[node name="hut7" parent="cliff_area" instance=ExtResource( 4 )]
transform = Transform( 0.996986, 0, -0.0775833, 0, 1, 0, 0.0775833, 0, 0.996986, -72.5748, -10.1966, -1.59305 )

[node name="hut3" parent="cliff_area" instance=ExtResource( 4 )]
transform = Transform( 0.356698, 0, -0.93422, 0, 1, 0, 0.93422, 0, 0.356698, 84.1198, -16.1761, 3.81655 )

[node name="hut4" parent="cliff_area" instance=ExtResource( 4 )]
transform = Transform( -0.887785, 0, -0.460259, 0, 1, 0, 0.460259, 0, -0.887785, 140.369, -46.1761, 50.2752 )

[node name="hut5" parent="cliff_area" instance=ExtResource( 4 )]
transform = Transform( 1, 0, 0, 0, 1, 0, 0, 0, 1, 66.1198, -17.1761, 3.81655 )

[node name="rock14" parent="cliff_area" instance=ExtResource( 13 )]
transform = Transform( -0.985857, -0.118329, -0.118679, 0.00664545, -0.735195, 0.677824, -0.167458, 0.667448, 0.725583, -92.4527, -27.4602, 7.86745 )

[node name="hut6" parent="cliff_area" instance=ExtResource( 4 )]
transform = Transform( 0.824428, 0, 0.565966, 0, 1, 0, -0.565966, 0, 0.824428, -94.5184, -17.1761, 10.4509 )

[node name="hut_bath" parent="cliff_area" instance=ExtResource( 11 )]
transform = Transform( 0.925751, 0, -0.378133, 0, 1, 0, 0.378133, 0, 0.925751, 137.969, 9.01869, -39.9934 )

[node name="hut_bath2" parent="cliff_area" instance=ExtResource( 11 )]
transform = Transform( 0.436803, 0, -0.899557, 0, 1, 0, 0.899557, 0, 0.436803, 126.571, 6.4539, -32.5251 )

[node name="hut_bath3" parent="cliff_area" instance=ExtResource( 11 )]
transform = Transform( 0.436803, 0, -0.899557, 0, 1, 0, 0.899557, 0, 0.436803, 132.745, 7.47764, -34.9325 )

[node name="rock9" parent="cliff_area" instance=ExtResource( 13 )]
transform = Transform( -0.963657, 0, -0.267144, 0, 1, 0, 0.267144, 0, -0.963657, 119.006, 6.33344, -49.8904 )

[node name="rock10" parent="cliff_area" instance=ExtResource( 3 )]
transform = Transform( 0.00612521, -0.77495, -0.631993, 0.997962, -0.035404, 0.0530845, -0.0635128, -0.631031, 0.773154, 136.745, -49.1908, 47.8014 )

[node name="rock11" parent="cliff_area" instance=ExtResource( 3 )]
transform = Transform( -0.0626508, -0.385993, 0.920372, 0.187372, 0.901237, 0.390722, -0.980289, 0.196931, 0.0158612, 143.739, -53.253, 52.784 )

[node name="rock12" parent="cliff_area" instance=ExtResource( 13 )]
transform = Transform( 0.993064, 0.117579, 0, -0.116625, 0.985005, 0.127136, 0.0149486, -0.126254, 0.991885, 77.9398, -25.8388, 2.41155 )

[node name="rock13" parent="cliff_area" instance=ExtResource( 12 )]
transform = Transform( 0.0493957, -0.215597, -0.975232, -0.0121845, -0.976482, 0.215257, -0.998705, 0.00124994, -0.0508609, -70.1973, -15.7896, 0.32515 )

[node name="rock15" parent="cliff_area" instance=ExtResource( 3 )]
transform = Transform( -0.00385717, -0.999993, 0, 0.999993, -0.00385717, 0, 0, 0, 1, -48.7777, -15.187, -1.67495 )

[node name="rock16" parent="cliff_area" instance=ExtResource( 3 )]
transform = Transform( -0.987841, -0.141884, 0.0635552, -0.0642402, 0.000247787, -0.997934, 0.141575, -0.989883, -0.00935942, -48.7777, -15.9871, 3.30545 )

[node name="rock17" parent="cliff_area" instance=ExtResource( 3 )]
transform = Transform( 0.21289, 0.481624, -0.850127, -0.43951, -0.729874, -0.523559, -0.872645, 0.4851, 0.0562954, -52.6185, -17.0766, 2.70675 )

[node name="rocks_area" type="MultiMeshSystem" parent="."]
transform = Transform( 0.995635, 0, 0.0933352, 0, 1, 0, -0.0933352, 0, 0.995635, 5.58275, -216.96, 174.81 )

[node name="rock18" parent="rocks_area" instance=ExtResource( 13 )]
transform = Transform( 0.995635, 0, -0.0933352, 0, 1, 0, 0.0933352, 0, 0.995635, 0.357035, -34.8795, -45.6079 )

[node name="rock1" parent="rocks_area/rock18" instance=ExtResource( 3 )]
transform = Transform( 1, 0, 0, 0, 0.727529, -0.686077, 0, 0.686077, 0.727529, 0.44728, 3.31125, -15.8308 )

[node name="rock3" parent="rocks_area/rock18" instance=ExtResource( 3 )]
transform = Transform( -0.749543, 0.328513, 0.574686, 0.653163, 0.508067, 0.561468, -0.107529, 0.796208, -0.595391, -8.29375, 3.31125, -13.3876 )

[node name="rock4" parent="rocks_area/rock18" instance=ExtResource( 3 )]
transform = Transform( -0.1738, 0.803287, -0.56967, 0.97919, 0.202517, -0.0131723, 0.104787, -0.560104, -0.821768, -2.2977, 10.8508, -9.13165 )

[node name="rock19" parent="rocks_area" instance=ExtResource( 13 )]
transform = Transform( -0.988576, 0.139195, 0.0578046, 0.131135, 0.605279, 0.785137, 0.0742994, 0.783748, -0.616619, -10.9933, -31.0125, -20.358 )

[node name="rock20" parent="rocks_area" instance=ExtResource( 12 )]
transform = Transform( -0.0765159, -0.608958, 0.789504, -0.529556, -0.646094, -0.549666, 0.844817, -0.460145, -0.27304, -1.03679, -27.4965, -6.87186 )

[node name="rock21" parent="rocks_area" instance=ExtResource( 12 )]
transform = Transform( -0.929909, 0.366306, 0.0329812, 0.327376, 0.78353, 0.528115, 0.16761, 0.501896, -0.848532, -2.67995, -17.6985, 2.16121 )

[node name="rock22" parent="rocks_area" instance=ExtResource( 12 )]
transform = Transform( -0.788861, -0.613577, -0.0349653, 0.52475, -0.642859, -0.558004, 0.319901, -0.458535, 0.829101, 1.46077, -5.36852, 10.7803 )

[node name="rock23" parent="rocks_area" instance=ExtResource( 12 )]
transform = Transform( -0.0444805, -0.0680627, 0.996689, 0.0872432, -0.994129, -0.0639944, 0.995194, 0.0841078, 0.0501574, 0.348349, 2.69548, 32.6068 )

[node name="rock24" parent="rocks_area" instance=ExtResource( 12 )]
transform = Transform( -0.0786424, 0.0459676, -0.995842, 0.517912, 0.855432, -0.00141361, 0.851811, -0.515871, -0.0910804, -1.25915, 25.7435, 43.201 )

[node name="rock25" parent="rocks_area" instance=ExtResource( 13 )]
transform = Transform( 0.767021, 0.540652, -0.345507, 0.63758, -0.5819, 0.50486, 0.0719039, -0.607526, -0.791038, -36.2052, -31.6435, 1.86684 )

[node name="rock26" parent="rocks_area" instance=ExtResource( 3 )]
transform = Transform( 0.187858, 0.977751, -0.0933352, -0.982038, 0.188682, 0, 0.0176107, 0.0916587, 0.995635, -19.7249, 34.7795, 64.391 )

[node name="bug_pickup8" parent="rocks_area" instance=ExtResource( 7 )]
transform = Transform( 0.995635, 0, -0.0933352, 0, 1, 0, 0.0933352, 0, 0.995635, 2.39165, -27.1305, -16.1233 )

[node name="bug_pickup9" parent="rocks_area" instance=ExtResource( 7 )]
transform = Transform( 0.995635, 0, -0.0933352, 0, 1, 0, 0.0933352, 0, 0.995635, 5.28149, -30.2865, 0.476944 )

[node name="bug_pickup10" parent="rocks_area" instance=ExtResource( 7 )]
transform = Transform( 0.500517, 0, 0.865727, 0, 1, 0, -0.865727, 0, 0.500517, 3.34118, -27.2095, -4.6395 )

[node name="bug_pickup11" parent="rocks_area" instance=ExtResource( 7 )]
transform = Transform( 0.995635, 0, -0.0933352, 0, 1, 0, 0.0933352, 0, 0.995635, 8.63357, -16.0465, 10.2284 )

[node name="bug_pickup12" parent="rocks_area" instance=ExtResource( 7 )]
transform = Transform( 0.995635, 0, -0.0933352, 0, 1, 0, 0.0933352, 0, 0.995635, -3.83668, -11.9125, 3.76927 )

[node name="bug_pickup13" parent="rocks_area" instance=ExtResource( 7 )]
transform = Transform( 0.995635, 0, -0.0933352, 0, 1, 0, 0.0933352, 0, 0.995635, -1.59765, -13.7095, 14.3665 )

[node name="bug_pickup14" parent="rocks_area" instance=ExtResource( 7 )]
transform = Transform( 0.995635, 0, -0.0933352, 0, 1, 0, 0.0933352, 0, 0.995635, -10.5884, 16.8325, 40.412 )

[node name="bug_pickup15" parent="rocks_area" instance=ExtResource( 7 )]
transform = Transform( 0.995635, 0, -0.0933352, 0, 1, 0, 0.0933352, 0, 0.995635, -12.5992, 20.5225, 44.2903 )

[node name="coat_pickup" parent="rocks_area" instance=ExtResource( 10 )]
transform = Transform( 0.995635, 0, -0.0933352, 0, 1, 0, 0.0933352, 0, 0.995635, -20.8174, 39.6405, 63.4198 )

[node name="gem_pickup7" parent="rocks_area" instance=ExtResource( 8 )]
transform = Transform( 0.995635, 0, -0.0933352, 0, 1, 0, 0.0933352, 0, 0.995635, 12.1908, 37.1625, 36.5021 )

[node name="gem_pickup8" parent="rocks_area" instance=ExtResource( 8 )]
transform = Transform( 0.995635, 0, -0.0933352, 0, 1, 0, 0.0933352, 0, 0.995635, 1.21411, 25.7935, 34.9508 )

[node name="gem_pickup9" parent="rocks_area" instance=ExtResource( 8 )]
transform = Transform( 0.995635, 0, -0.0933352, 0, 1, 0, 0.0933352, 0, 0.995635, 8.7238, 11.5545, 23.9216 )

[node name="gem_pickup10" parent="rocks_area" instance=ExtResource( 8 )]
transform = Transform( 0.995635, 0, -0.0933352, 0, 1, 0, 0.0933352, 0, 0.995635, -1.66582, 11.2735, 22.7196 )

[node name="gem_pickup11" parent="rocks_area" instance=ExtResource( 8 )]
transform = Transform( 0.995635, 0, -0.0933352, 0, 1, 0, 0.0933352, 0, 0.995635, -0.832167, 9.54347, 4.50891 )

[node name="gem_pickup12" parent="rocks_area" instance=ExtResource( 8 )]
transform = Transform( 0.995635, 0, -0.0933352, 0, 1, 0, 0.0933352, 0, 0.995635, -4.32682, -12.5505, -16.0811 )

[node name="gem_pickup13" parent="rocks_area" instance=ExtResource( 8 )]
transform = Transform( 0.995635, 0, -0.0933352, 0, 1, 0, 0.0933352, 0, 0.995635, -26.1755, -20.0175, 3.72104 )

[node name="bug_pickup16" parent="rocks_area" instance=ExtResource( 7 )]
transform = Transform( 0.995635, 0, -0.0933352, 0, 1, 0, 0.0933352, 0, 0.995635, -3.98883, -31.8815, -10.3536 )
quantity = 3

[node name="deathgnat2" parent="rocks_area" instance=ExtResource( 2 )]
transform = Transform( 0.134147, 0, -0.990961, 0, 1, 0, 0.990961, 0, 0.134147, -2.09231, -21.4225, -44.6644 )
respawns = false
reset_on_player_death = true

[node name="crawly4" parent="rocks_area" instance=ExtResource( 6 )]
transform = Transform( 0.995635, 0, -0.0933352, 0, 1, 0, 0.0933352, 0, 0.995635, 1.02455, -13.7125, 8.77484 )

[node name="rock28" parent="rocks_area" instance=ExtResource( 3 )]
transform = Transform( 0.995635, 0.0603638, -0.0711876, 0, 0.762709, 0.646742, 0.0933352, -0.643919, 0.75938, -49.9981, -32.7335, -53.1035 )

[node name="ruin2" parent="rocks_area" instance=ExtResource( 5 )]
transform = Transform( 0.995635, 0, -0.0933352, 0, 1, 0, 0.0933352, 0, 0.995635, -74.7392, -32.5255, -18.2787 )

[node name="rock_kinematic3" parent="rocks_area" instance=ExtResource( 15 )]
transform = Transform( 0.995635, 0, -0.0933352, 0, 1, 0, 0.0933352, 0, 0.995635, -26.8121, -32.3085, -36.8013 )
initial_velocity = 5.0

[node name="pillar3" parent="rocks_area" instance=ExtResource( 14 )]
transform = Transform( 0.695192, -0.545389, 0.468251, 0.715864, 0.466227, -0.51978, 0.0651704, 0.696552, 0.714541, -35.0668, -36.0285, -33.659 )

[node name="bug_pickup17" parent="rocks_area" instance=ExtResource( 7 )]
transform = Transform( 0.995635, 0, -0.0933352, 0, 1, 0, 0.0933352, 0, 0.995635, -46.7306, -29.9965, -20.6107 )

[node name="race_spawn" type="Spatial" parent="rocks_area"]
transform = Transform( 1, 0, 0, 0, 1, 0, 0, 0, 1, -1.07981, -25.3078, -46.5875 )
script = ExtResource( 16 )
dead_enemies = [ NodePath("../deathgnat2") ]

[node name="race" type="Spatial" parent="rocks_area/race_spawn"]
script = ExtResource( 19 )
bronze_seconds = 75.0
silver_seconds = 40.0
gold_seconds = 25.0
friendly_id = "race125"

[node name="npc_race" parent="rocks_area/race_spawn/race" instance=ExtResource( 17 )]
transform = Transform( -0.24672, 0, -0.969087, 0, 1, 0, 0.969087, 0, -0.24672, 1.01299, -0.307648, 2.57545 )
dialog = ExtResource( 20 )
visual_name = "Scrambler"
model_scale = 0.9

[node name="npc" parent="rocks_area/race_spawn/race" instance=ExtResource( 17 )]
transform = Transform( -0.999819, 0, -0.0190422, 0, 1, 0, 0.0190422, 0, -0.999819, 3.19137, -0.856171, 1.93161 )
dialog = ExtResource( 24 )
visual_name = "Scrambler"
model_scale = 0.9
no_dialog_trigger = true

[node name="npc3" parent="rocks_area/race_spawn/race" instance=ExtResource( 17 )]
transform = Transform( 1, 0, 0, 0, 1, 0, 0, 0, 1, 2.98342, -0.88205, 0.90007 )
dialog = ExtResource( 24 )
visual_name = "Scrambler"
model_scale = 0.9
no_dialog_trigger = true

[node name="npc4" parent="rocks_area/race_spawn/race" instance=ExtResource( 17 )]
transform = Transform( 0.523319, 0, 0.852136, 0, 1, 0, -0.852136, 0, 0.523319, -3.614, -0.520905, -0.398933 )
dialog = ExtResource( 24 )
visual_name = "Scrambler"
model_scale = 0.9
no_dialog_trigger = true

[node name="npc5" parent="rocks_area/race_spawn/race" instance=ExtResource( 17 )]
transform = Transform( -0.93184, 0, -0.362869, 0, 1, 0, 0.362869, 0, -0.93184, -15.9842, 65.4777, 110.595 )
dialog = ExtResource( 24 )
visual_name = "Scrambler"
model_scale = 0.9
no_dialog_trigger = true

[node name="Timer" type="Timer" parent="rocks_area/race_spawn/race"]
one_shot = true

[node name="race_start" type="Spatial" parent="rocks_area/race_spawn/race"]
transform = Transform( 1, 0, 0, 0, 1, 0, 0, 0, 1, -1.06772, -0.385391, 1.49992 )

[node name="race_end" type="Area" parent="rocks_area/race_spawn/race"]
transform = Transform( 0.793224, 0, -0.60893, 0, 1, 0, 0.60893, 0, 0.793224, -17.1198, 67.3905, 110.511 )
collision_layer = 0
collision_mask = 2

[node name="CollisionShape" type="CollisionShape" parent="rocks_area/race_spawn/race/race_end"]
shape = SubResource( 1 )

[node name="flag2" parent="rocks_area/race_spawn" instance=ExtResource( 18 )]
transform = Transform( 1, 0, 0, 0, 1, 0, 0, 0, 1, -16.9123, 66.3864, 109.781 )

[node name="flag" parent="rocks_area/race_spawn" instance=ExtResource( 18 )]
transform = Transform( 1, 0, 0, 0, 1, 0, 0, 0, 1, 0.107273, 0.600998, 2.0266 )

[node name="rock4" parent="rocks_area" instance=ExtResource( 23 )]
transform = Transform( 0.0249845, 0.714842, -0.698839, 0.912764, 0.268798, 0.307586, 0.407722, -0.64556, -0.645767, -35.1355, -32.3023, -54.7825 )

[node name="rock1" parent="rocks_area" instance=ExtResource( 3 )]
transform = Transform( 0.982842, 0.0228437, 0.183029, -0.0228437, -0.969586, 0.243681, 0.183029, -0.243681, -0.952428, -55.9599, -30.8365, -32.4462 )

[node name="hut_area" type="MultiMeshSystem" parent="."]
transform = Transform( 1, 0, 0, 0, 1, 0, 0, 0, 1, -224.548, -145.425, 91.6663 )

[node name="hut" parent="hut_area" instance=ExtResource( 4 )]
transform = Transform( -0.0150965, 0, -0.999886, 0, 1, 0, 0.999886, 0, -0.0150965, 10.2373, -3.87549, -6.61918 )

[node name="gem_pickup3" parent="hut_area/hut" instance=ExtResource( 8 )]
transform = Transform( -0.21845, 0, -0.975848, 0, 1, 0, 0.975848, 0, -0.21845, -1.22984, 4.28476, 0.484192 )
quantity = 10
persistent = true

[node name="wardrobe" parent="hut_area/hut" instance=ExtResource( 9 )]
transform = Transform( 0.717701, 0, -0.696351, 0, 1, 0, 0.696351, 0, 0.717701, 1.92249, 4.96465, 3.19487 )

[node name="coat_pickup" parent="hut_area/hut" instance=ExtResource( 10 )]
transform = Transform( 1, 0, 0, 0, 1, 0, 0, 0, 1, 1.91778, 4.30017, -2.34015 )

[node name="ruin1" parent="hut_area" instance=ExtResource( 5 )]
transform = Transform( 1, 0, 0, 0, -1, 1.50996e-07, 0, -1.50996e-07, -1, 6.00931, -4.57549, -4.08257 )

[node name="rock1" parent="hut_area" instance=ExtResource( 3 )]
transform = Transform( 1, 0, 0, 0, -0.258819, -0.965926, 0, 0.965926, -0.258819, 12.5483, -7.50449, -5.39368 )

[node name="rock2" parent="hut_area" instance=ExtResource( 3 )]
transform = Transform( -0.183013, 0.965926, -0.183013, 0.859789, 0.0669873, -0.506236, -0.476727, -0.25, -0.842752, 9.77231, -10.6015, 2.43243 )

[node name="rock3" parent="hut_area" instance=ExtResource( 3 )]
transform = Transform( -0.98038, 0.181186, -0.0776329, 0.157825, 0.957469, 0.241544, 0.118096, 0.224552, -0.967279, 2.3903, -9.74149, 5.25632 )

[node name="rock5" parent="hut_area" instance=ExtResource( 3 )]
transform = Transform( 0.327444, -0.939627, 0.0994068, -0.907214, -0.342054, -0.24487, 0.264089, -0.0100022, -0.964446, -14.7127, -4.02849, 8.05573 )

[node name="rock6" parent="hut_area" instance=ExtResource( 3 )]
transform = Transform( 0.0994068, -0.327444, 0.939627, -0.24487, 0.907214, 0.342054, -0.964447, -0.264089, 0.0100022, -11.8537, 0.161514, -0.248077 )

[node name="rock7" parent="hut_area" instance=ExtResource( 3 )]
transform = Transform( 0.0193535, 0.815195, 0.578863, -0.24487, 0.565203, -0.787771, -0.969363, -0.1265, 0.210555, -15.9777, 4.98552, 5.96072 )

[node name="rock8" parent="hut_area" instance=ExtResource( 3 )]
transform = Transform( -0.378481, -0.772617, 0.50972, -0.24487, 0.614643, 0.749835, -0.892632, 0.158983, -0.421821, -18.0327, -1.15848, -0.273178 )

[node name="rock4" parent="hut_area" instance=ExtResource( 3 )]
transform = Transform( 0.0280932, -0.195105, 0.98038, -0.481125, -0.862328, -0.157825, 0.876202, -0.467251, -0.118095, 19.4093, -9.44849, -6.26897 )

[node name="bug_pickup" parent="hut_area" instance=ExtResource( 7 )]
transform = Transform( 1, 0, 0, 0, 1, 0, 0, 0, 1, 10.3203, 8.42451, -6.42747 )

[node name="crawly" parent="hut_area" instance=ExtResource( 6 )]
transform = Transform( 0.408426, 0, -0.912791, 0, 1, 0, 0.912791, 0, 0.408426, 9.0563, -2.32248, -8.05447 )
respawns = false

[node name="crawly2" parent="hut_area" instance=ExtResource( 6 )]
transform = Transform( -0.0771888, 0, -0.997016, 0, 1, 0, 0.997016, 0, -0.0771888, 9.47731, -2.32248, -4.88287 )
respawns = false

[node name="bug_pickup2" parent="hut_area" instance=ExtResource( 7 )]
transform = Transform( 0.352266, 0, 0.9359, 0, 1, 0, -0.9359, 0, 0.352266, -16.2427, -0.575485, 4.76283 )

[node name="conditional_when_dead" type="Spatial" parent="hut_area"]
transform = Transform( 1, 0, 0, 0, 1, 0, 0, 0, 1, -9.09572, 2.23872, 2.51089 )
script = ExtResource( 16 )
dead_enemies = [ NodePath("../crawly"), NodePath("../crawly2") ]

[node name="npc" parent="hut_area/conditional_when_dead" instance=ExtResource( 17 )]
transform = Transform( 0.753077, 0, -0.657932, 0, 1, 0, 0.657932, 0, 0.753077, 20.894, -5.11421, -11.4747 )
visual_name = "Hermit"

[node name="valley_area" type="MultiMeshSystem" parent="."]
transform = Transform( 1, 0, 0, 0, 1, 0, 0, 0, 1, -164.23, -233.328, 214.16 )

[node name="rock27" parent="valley_area" instance=ExtResource( 12 )]
transform = Transform( -0.949337, -0.299637, -0.0947418, 0.309688, -0.840772, -0.444067, 0.0534026, -0.450909, 0.890971, -12.9526, -5.14874, 10.6718 )

[node name="bug_pickup3" parent="valley_area" instance=ExtResource( 7 )]
transform = Transform( 1, 0, 0, 0, 1, 0, 0, 0, 1, -14.1446, -13.0037, 13.5168 )

[node name="bug_pickup4" parent="valley_area" instance=ExtResource( 7 )]
transform = Transform( -0.126926, 0, 0.991912, 0, 1, 0, -0.991912, 0, -0.126926, -11.6096, -12.0067, 4.96785 )

[node name="bug_pickup5" parent="valley_area" instance=ExtResource( 7 )]
transform = Transform( 0.0319118, 0, -0.999491, 0, 1, 0, 0.999491, 0, 0.0319118, -9.10364, -12.0067, 13.6578 )

[node name="crawly3" parent="valley_area" instance=ExtResource( 6 )]
transform = Transform( -0.322558, 0, -0.94655, 0, 1, 0, 0.94655, 0, -0.322558, -14.1066, -12.9077, 7.95784 )

[node name="rock_kinematic" parent="valley_area" instance=ExtResource( 15 )]
transform = Transform( 1, 0, 0, 0, 0.995415, -0.0956481, 0, 0.0956481, 0.995415, 19.3714, -15.5787, 12.8078 )
initial_velocity = 4.0

[node name="rock_kinematic2" parent="valley_area" instance=ExtResource( 15 )]
transform = Transform( -0.410963, -0.281132, 0.867222, -0.394995, 0.912248, 0.108546, -0.821637, -0.29794, -0.485946, 26.5284, -15.3707, 15.2888 )
initial_velocity = 4.0

[node name="pillar" parent="valley_area" instance=ExtResource( 14 )]
transform = Transform( 1, 0, 0, 0, 1, 0, 0, 0, 1, 27.9954, -17.7487, 9.32085 )

[node name="bug_pickup6" parent="valley_area" instance=ExtResource( 7 )]
transform = Transform( 1, 0, 0, 0, 1, 0, 0, 0, 1, 27.3574, 0.239258, 9.02985 )
quantity = 5

[node name="gem_pickup" parent="valley_area" instance=ExtResource( 8 )]
transform = Transform( 1, 0, 0, 0, 1, 0, 0, 0, 1, 26.3744, -0.545731, 9.31685 )
quantity = 3

[node name="gem_pickup2" parent="valley_area" instance=ExtResource( 8 )]
transform = Transform( 1, 0, 0, 0, 1, 0, 0, 0, 1, 27.0604, -0.27774, 7.33984 )
quantity = 3

[node name="gem_pickup3" parent="valley_area" instance=ExtResource( 8 )]
transform = Transform( 1, 0, 0, 0, 1, 0, 0, 0, 1, 28.9784, -0.425735, 10.3178 )
quantity = 3

[node name="gem_pickup4" parent="valley_area" instance=ExtResource( 8 )]
transform = Transform( 1, 0, 0, 0, 1, 0, 0, 0, 1, -21.2936, 5.66125, 9.44385 )

[node name="gem_pickup5" parent="valley_area" instance=ExtResource( 8 )]
transform = Transform( 1, 0, 0, 0, 1, 0, 0, 0, 1, -17.1976, 7.45026, 5.40085 )

[node name="gem_pickup6" parent="valley_area" instance=ExtResource( 8 )]
transform = Transform( 1, 0, 0, 0, 1, 0, 0, 0, 1, -13.3906, 7.53827, 2.29384 )

[node name="pillar2" parent="valley_area" instance=ExtResource( 14 )]
transform = Transform( -1, 8.74228e-08, 0, -8.74228e-08, -1, 0, 0, 0, 1, 5.76036, 1.14926, -15.3572 )

[node name="bug_pickup7" parent="valley_area" instance=ExtResource( 7 )]
transform = Transform( 1, 0, 0, 0, 1, 0, 0, 0, 1, 5.53535, 2.72626, -15.3202 )
quantity = 3

[node name="area_combat2" type="MultiMeshSystem" parent="."]
transform = Transform( 1, 0, 0, 0, 1, 0, 0, 0, 1, 196.82, -249.243, 179.434 )

[node name="deathgnat" parent="area_combat2" instance=ExtResource( 2 )]
transform = Transform( -0.999677, 0, 0.0254089, 0, 1, 0, -0.0254089, 0, -0.999677, 2.70544, 9.03828, 40.5663 )
respawns = false
reset_on_player_death = true
speed = 0.0

[node name="ruin1" parent="area_combat2" instance=ExtResource( 5 )]
transform = Transform( -0.467488, 0, -0.883999, 0, 1, 0, 0.883999, 0, -0.467488, 23.0947, -1.92894, -26.7749 )

[node name="ruin2" parent="area_combat2/ruin1" instance=ExtResource( 5 )]
transform = Transform( 0.185073, 0, 0.982725, 0, 1, 0, -0.982725, 0, 0.185073, 38.096, -1.18219, 7.65222 )

[node name="wall1" parent="area_combat2" instance=ExtResource( 22 )]
transform = Transform( -0.450131, 0.227697, 0.863444, 0, 0.966944, -0.25499, -0.892962, -0.114779, -0.435252, 31.3263, -6.18636, 10.2232 )

[node name="wall2" parent="area_combat2" instance=ExtResource( 22 )]
transform = Transform( -0.0613239, 0.066401, 0.995907, 0.0392262, -0.996853, 0.0688795, 0.997347, 0.0432895, 0.0585263, 18.1971, 4.92834, 17.5213 )

[node name="master_hut" parent="area_combat2" instance=ExtResource( 21 )]
transform = Transform( -0.320566, 0.947226, 0, -0.947226, -0.320566, 0, 0, 0, 1, 1.25548, -2.88539, 41.8862 )

[node name="rock1" parent="area_combat2" instance=ExtResource( 3 )]
transform = Transform( -0.0629728, 0.610932, -0.789175, -0.99473, -0.102533, 0, -0.0809167, 0.785016, 0.614169, 43.6053, -0.199234, 40.3588 )

[node name="crawly2" parent="area_combat2" instance=ExtResource( 6 )]
transform = Transform( -0.815024, 0, -0.579427, 0, 1, 0, 0.579427, 0, -0.815024, -0.337921, -0.319763, 0.549179 )
respawns = false
reset_on_player_death = true
mesh_node = NodePath("../crawly/Armature/Skeleton/crawly")

[node name="crawly" parent="area_combat2" instance=ExtResource( 6 )]
transform = Transform( -0.941863, 0, 0.335998, 0, 1, 0, -0.335998, 0, -0.941863, 37.4859, 0.781143, 17.7719 )
reset_on_player_death = true

[node name="gem_pickup" parent="area_combat2" instance=ExtResource( 8 )]
transform = Transform( 1, 0, 0, 0, 1, 0, 0, 0, 1, 17.3745, 0.461624, -25.8975 )

[node name="gem_pickup2" parent="area_combat2" instance=ExtResource( 8 )]
transform = Transform( 1, 0, 0, 0, 1, 0, 0, 0, 1, 24.7222, 0.16983, -26.9765 )

[node name="gem_pickup3" parent="area_combat2" instance=ExtResource( 8 )]
transform = Transform( 1, 0, 0, 0, 1, 0, 0, 0, 1, 3.87154, 0.509659, 6.25519 )

[node name="bug_pickup" parent="area_combat2" instance=ExtResource( 7 )]
transform = Transform( 1, 0, 0, 0, 1, 0, 0, 0, 1, 5.20743, 1.58229, 37.6834 )

[node name="bug_pickup2" parent="area_combat2" instance=ExtResource( 7 )]
transform = Transform( -0.70558, 0, 0.70863, 0, 1, 0, -0.70863, 0, -0.70558, 5.30394, 1.58229, 45.4958 )

[node name="gem_pickup4" parent="area_combat2" instance=ExtResource( 8 )]
transform = Transform( 1, 0, 0, 0, 1, 0, 0, 0, 1, 11.0041, 2.72089, 43.1403 )

[node name="gem_pickup5" parent="area_combat2" instance=ExtResource( 8 )]
transform = Transform( 1, 0, 0, 0, 1, 0, 0, 0, 1, 6.58698, 4.75189, 45.0327 )

[node name="bug_pickup3" parent="area_combat2" instance=ExtResource( 7 )]
transform = Transform( 1, 0, 0, 0, 1, 0, 0, 0, 1, 13.8829, 0.0159912, 15.8154 )

[node name="gem_pickup6" parent="area_combat2" instance=ExtResource( 8 )]
transform = Transform( 1, 0, 0, 0, 1, 0, 0, 0, 1, 18.1481, 5.52283, 18.0874 )

[node name="gem_pickup7" parent="area_combat2" instance=ExtResource( 8 )]
transform = Transform( 1, 0, 0, 0, 1, 0, 0, 0, 1, 23.8652, 5.38834, 15.7182 )

[node name="gem_pickup8" parent="area_combat2" instance=ExtResource( 8 )]
transform = Transform( 1, 0, 0, 0, 1, 0, 0, 0, 1, 10.3429, 5.51404, 16.2122 )

[node name="gem_pickup9" parent="area_combat2" instance=ExtResource( 8 )]
transform = Transform( 1, 0, 0, 0, 1, 0, 0, 0, 1, 31.4701, 4.6234, 11.5813 )

[node name="hut" parent="area_combat2" instance=ExtResource( 4 )]
transform = Transform( 0.768426, -0.0427095, 0.638511, 0, 0.99777, 0.0667401, -0.639938, -0.0512848, 0.766713, -0.39473, -0.571213, 57.0584 )

[node name="bug_pickup" parent="area_combat2/hut" instance=ExtResource( 7 )]
transform = Transform( -0.770456, -1.49012e-08, -0.637493, -0.0853203, 0.991003, 0.103116, 0.631757, 0.133837, -0.763525, 0.208176, 4.95682, 1.93472 )

[node name="bug_pickup2" parent="area_combat2/hut" instance=ExtResource( 7 )]
transform = Transform( 0.653791, -1.49012e-08, -0.756675, -0.101271, 0.991003, -0.0875017, 0.749867, 0.133837, 0.647909, 1.52704, 4.81131, 0.721039 )

[node name="rock2" parent="area_combat2" instance=ExtResource( 3 )]
transform = Transform( 0.232936, 0, -0.972492, 0, 1, 0, 0.972492, 0, 0.232936, -5.78638, 2.83987, 39.6644 )
