[gd_scene load_steps=65 format=2]

[ext_resource path="res://entities/env/copper/palace1.tscn" type="PackedScene" id=1]
[ext_resource path="res://areas/chunk_content.gd" type="Script" id=2]
[ext_resource path="res://_glb/chunks/chunk124.glb" type="PackedScene" id=3]
[ext_resource path="res://entities/env/stone/hut.tscn" type="PackedScene" id=4]
[ext_resource path="res://entities/wardrobe.tscn" type="PackedScene" id=5]
[ext_resource path="res://entities/dialog_trigger.gd" type="Script" id=6]
[ext_resource path="res://dialog/main/medium.dialog" type="Resource" id=7]
[ext_resource path="res://dialog/main/mum.dialog" type="Resource" id=8]
[ext_resource path="res://entities/control/power_thing.tscn" type="PackedScene" id=9]
[ext_resource path="res://_glb/chunks/mat_basic.material" type="Material" id=10]
[ext_resource path="res://entities/control/door.gd" type="Script" id=11]
[ext_resource path="res://items/capacitor_pickup.tscn" type="PackedScene" id=12]
[ext_resource path="res://management/player_start.gd" type="Script" id=13]
[ext_resource path="res://items/bug_pickup.tscn" type="PackedScene" id=14]
[ext_resource path="res://entities/env/stone/rock1.tscn" type="PackedScene" id=15]
[ext_resource path="res://entities/one_time/the_medium.gd" type="Script" id=16]
[ext_resource path="res://items/coat_pickup.tscn" type="PackedScene" id=17]
[ext_resource path="res://entities/npc.tscn" type="PackedScene" id=18]
[ext_resource path="res://entities/enemies/deathgnat.tscn" type="PackedScene" id=19]
[ext_resource path="res://items/gem_pickup.tscn" type="PackedScene" id=20]
[ext_resource path="res://dialog/intro/starting_area.dialog" type="Resource" id=21]
[ext_resource path="res://entities/npc/npc_armstrong.gd" type="Script" id=22]
[ext_resource path="res://entities/enemies/crawly.tscn" type="PackedScene" id=23]
[ext_resource path="res://entities/env/stone/rock2.tscn" type="PackedScene" id=24]
[ext_resource path="res://material/env/copper_corroded.material" type="Material" id=25]
[ext_resource path="res://dialog/intro/cave.dialog" type="Resource" id=26]
[ext_resource path="res://entities/env/copper/scrap1.tscn" type="PackedScene" id=27]
[ext_resource path="res://entities/env/copper/palace2.tscn" type="PackedScene" id=28]
[ext_resource path="res://entities/env/copper/scrap2.tscn" type="PackedScene" id=29]
[ext_resource path="res://entities/env/copper/palace_roof1.tscn" type="PackedScene" id=30]
[ext_resource path="res://entities/env/stone/pillar.tscn" type="PackedScene" id=31]
[ext_resource path="res://entities/env/stone/ruin1.tscn" type="PackedScene" id=32]
[ext_resource path="res://entities/fountain.tscn" type="PackedScene" id=33]
[ext_resource path="res://items/ammo/pistol_pickup.tscn" type="PackedScene" id=34]
[ext_resource path="res://entities/visual/mum.tscn" type="PackedScene" id=35]
[ext_resource path="res://ui/diagetic/dialog_circle.tscn" type="PackedScene" id=36]
[ext_resource path="res://entities/env/stone/hut_bath.tscn" type="PackedScene" id=37]
[ext_resource path="res://entities/env/stone/wall1.tscn" type="PackedScene" id=38]
[ext_resource path="res://entities/env/furniture/sofa.tscn" type="PackedScene" id=39]
[ext_resource path="res://entities/env/jackie/tea_table.tscn" type="PackedScene" id=40]
[ext_resource path="res://entities/env/jackie/tea_chair.tscn" type="PackedScene" id=41]
[ext_resource path="res://entities/env/jackie/tea_cup.tscn" type="PackedScene" id=42]
[ext_resource path="res://entities/env/jackie/tea_plate.tscn" type="PackedScene" id=43]
[ext_resource path="res://entities/env/jackie/tea_pot.tscn" type="PackedScene" id=44]
[ext_resource path="res://items/item_pickup.tscn" type="PackedScene" id=45]
[ext_resource path="res://_glb/weapons/pistol.glb" type="PackedScene" id=46]
[ext_resource path="res://entities/crate1.tscn" type="PackedScene" id=47]
[ext_resource path="res://entities/one_time/target.tscn" type="PackedScene" id=48]
[ext_resource path="res://entities/env/furniture/stump_table.tscn" type="PackedScene" id=49]
[ext_resource path="res://dialog/intro/armstrong.dialog" type="Resource" id=50]
[ext_resource path="res://entities/control/dswitch.tscn" type="PackedScene" id=51]
[ext_resource path="res://entities/env/stone/rock3.tscn" type="PackedScene" id=52]
[ext_resource path="res://entities/env/copper/rail_cart.tscn" type="PackedScene" id=53]

[sub_resource type="CubeMesh" id=253]

[sub_resource type="BoxShape" id=254]
extents = Vector3( 1.5, 2, 0.5 )

[sub_resource type="Animation" id=255]
resource_name = "Activate"
length = 3.0
tracks/0/type = "value"
tracks/0/path = NodePath(".:translation")
tracks/0/interp = 1
tracks/0/loop_wrap = true
tracks/0/imported = false
tracks/0/enabled = true
tracks/0/keys = {
"times": PoolRealArray( 0, 0.5, 3 ),
"transitions": PoolRealArray( 1, 1, 1 ),
"update": 0,
"values": [ Vector3( 3.21773, 0.0294952, 5.62034 ), Vector3( 3.21773, 0.0294952, 5.23832 ), Vector3( 3.21773, -4.65025, 5.23832 ) ]
}

[sub_resource type="Animation" id=256]
length = 0.01
tracks/0/type = "value"
tracks/0/path = NodePath(".:translation")
tracks/0/interp = 1
tracks/0/loop_wrap = true
tracks/0/imported = false
tracks/0/enabled = true
tracks/0/keys = {
"times": PoolRealArray( 0 ),
"transitions": PoolRealArray( 1 ),
"update": 0,
"values": [ Vector3( 3.21773, 0.0294952, 5.62034 ) ]
}

[sub_resource type="Animation" id=257]
resource_name = "Activate"
length = 3.0
tracks/0/type = "value"
tracks/0/path = NodePath(".:translation")
tracks/0/interp = 1
tracks/0/loop_wrap = true
tracks/0/imported = false
tracks/0/enabled = true
tracks/0/keys = {
"times": PoolRealArray( 0, 0.7, 1.1, 3 ),
"transitions": PoolRealArray( 1, 1, 1, 1 ),
"update": 0,
"values": [ Vector3( 1.24524, -0.359253, -3.03695 ), Vector3( 0.632339, -0.359253, -3.03695 ), Vector3( 0.632339, -0.359253, -3.03695 ), Vector3( 0.632339, -4.70335, -3.03695 ) ]
}

[sub_resource type="Animation" id=258]
length = 0.001
tracks/0/type = "value"
tracks/0/path = NodePath(".:translation")
tracks/0/interp = 1
tracks/0/loop_wrap = true
tracks/0/imported = false
tracks/0/enabled = true
tracks/0/keys = {
"times": PoolRealArray( 0 ),
"transitions": PoolRealArray( 1 ),
"update": 0,
"values": [ Vector3( 1.24524, -0.359253, -3.03695 ) ]
}

[sub_resource type="BoxShape" id=259]
extents = Vector3( 1.24123, 1.82926, 1 )

[sub_resource type="BoxShape" id=250]
extents = Vector3( 2.65809, 1.56186, 1 )

[sub_resource type="CylinderShape" id=251]
radius = 0.634045

[sub_resource type="Animation" id=260]
resource_name = "Activate"
length = 8.0
tracks/0/type = "value"
tracks/0/path = NodePath(".:translation")
tracks/0/interp = 1
tracks/0/loop_wrap = true
tracks/0/imported = false
tracks/0/enabled = true
tracks/0/keys = {
"times": PoolRealArray( 0, 1, 2, 4, 6, 8 ),
"transitions": PoolRealArray( 1, 1, 1, 1, 1, 1 ),
"update": 0,
"values": [ Vector3( -237.056, -218.035, -83.3147 ), Vector3( -234.07, -211.081, -88.3814 ), Vector3( -232.252, -204.126, -92.9398 ), Vector3( -229.88, -190.218, -98.9951 ), Vector3( -228.676, -176.309, -102.203 ), Vector3( -228.201, -162.4, -103.425 ) ]
}
tracks/1/type = "value"
tracks/1/path = NodePath(".:rotation_degrees")
tracks/1/interp = 1
tracks/1/loop_wrap = true
tracks/1/imported = false
tracks/1/enabled = true
tracks/1/keys = {
"times": PoolRealArray( 0, 1, 2, 4, 6, 8 ),
"transitions": PoolRealArray( 1, 1, 1, 1, 1, 1 ),
"update": 0,
"values": [ Vector3( 0, -122.315, 0 ), Vector3( 0, -117.701, 0 ), Vector3( 0, -115.43, 0 ), Vector3( 0, -111.904, 0 ), Vector3( 0, -116.064, 0 ), Vector3( 0, -120.223, 0 ) ]
}

[sub_resource type="Animation" id=261]
length = 0.001
tracks/0/type = "value"
tracks/0/path = NodePath(".:translation")
tracks/0/interp = 1
tracks/0/loop_wrap = true
tracks/0/imported = false
tracks/0/enabled = true
tracks/0/keys = {
"times": PoolRealArray( 0 ),
"transitions": PoolRealArray( 1 ),
"update": 0,
"values": [ Vector3( -237.056, -218.035, -83.3147 ) ]
}
tracks/1/type = "value"
tracks/1/path = NodePath(".:rotation_degrees")
tracks/1/interp = 1
tracks/1/loop_wrap = true
tracks/1/imported = false
tracks/1/enabled = true
tracks/1/keys = {
"times": PoolRealArray( 0 ),
"transitions": PoolRealArray( 1 ),
"update": 0,
"values": [ Vector3( 0, -122.315, 0 ) ]
}

[node name="chunk124" instance=ExtResource( 3 )]
script = ExtResource( 2 )

[node name="static_collision" parent="medium" index="0"]
collision_layer = 257

[node name="cave_entrace" parent="." index="1"]
material_override = ExtResource( 25 )

[node name="static_collision" parent="cave_entrace" index="0"]
collision_layer = 257

[node name="shape0" parent="cave_entrace/static_collision" index="0"]
transform = Transform( 1, 0, 0, 0, 1, 0, 0, 0, 1, -0.00909424, -0.0183258, -0.0265055 )

[node name="cave_back" parent="." index="2"]
material_override = ExtResource( 25 )

[node name="static_collision" parent="cave_back" index="0"]
collision_layer = 257

[node name="rail" parent="." index="3"]
material/0 = ExtResource( 25 )

[node name="hut" parent="." index="4" instance=ExtResource( 4 )]
transform = Transform( -0.965926, 0, -0.258819, 0, 1, 0, 0.258819, 0, -0.965926, -220, -230.951, 14 )

[node name="player_start" type="Position3D" parent="hut" index="0"]
transform = Transform( -0.965926, 0, 0.258819, 0, 1, 0, -0.258819, 0, -0.965926, -2.01971, 4.12927, 1.15509 )
script = ExtResource( 13 )

[node name="wardrobe" parent="hut" index="1" instance=ExtResource( 5 )]
transform = Transform( 0.873603, 0, -0.48664, 0, 1, 0, 0.48664, 0, 0.873603, 2.72163, 5.08853, 1.96338 )

[node name="tea_chair" parent="hut" index="3" instance=ExtResource( 41 )]
transform = Transform( -0.630621, 0, 0.77609, 0, 1, 0, -0.77609, 0, -0.630621, -2.20464, 4.13033, 2.56259 )

[node name="tea_table" parent="hut" index="4" instance=ExtResource( 40 )]
transform = Transform( 0.932815, 0, -0.360355, 0, 1, 0, 0.360355, 0, 0.932815, -1.35854, 4.1067, 2.69504 )

[node name="capacitor_pickup" parent="." index="5" instance=ExtResource( 12 )]
transform = Transform( 1, 0, 0, 0, 0.508786, 0.860893, 0, -0.860893, 0.508786, -92.8117, -234.238, -5.38548 )
friendly_name = "cave_capacitor_124"

[node name="hut2" parent="." index="6" instance=ExtResource( 4 )]
transform = Transform( 0.99245, -0.122649, 0, 0.122649, 0.99245, 0, 0, 0, 1, 39.2949, -251.668, -51.5167 )

[node name="bug_pickup" parent="." index="7" instance=ExtResource( 14 )]
transform = Transform( -0.900782, 0, -0.434272, 0, 1, 0, 0.434272, 0, -0.900782, -229.986, -221.097, -39.6066 )

[node name="bug_pickup2" parent="." index="8" instance=ExtResource( 14 )]
transform = Transform( -0.780958, -0.198222, 0.592294, -0.246018, 0.969265, -7.22159e-09, -0.57409, -0.145715, -0.805721, -227.605, -221.515, -43.4451 )

[node name="bug_pickup3" parent="." index="9" instance=ExtResource( 14 )]
transform = Transform( -0.492792, -0.0352028, 0.869435, -0.0712537, 0.997458, 1.85791e-09, -0.867225, -0.0619505, -0.494048, -232.548, -219.88, -41.5774 )

[node name="rock1" parent="." index="10" instance=ExtResource( 15 )]
transform = Transform( 1, 0, 0, 0, 0.947311, 0.320315, 0, -0.320315, 0.947311, -240.997, -226.185, -55.0654 )

[node name="the_medium" type="Spatial" parent="." index="11"]
transform = Transform( 1, 0, 0, 0, 1, 0, 0, 0, 1, -231.618, -225.576, -40.6129 )
script = ExtResource( 16 )

[node name="power_thing" parent="the_medium" index="0" instance=ExtResource( 9 )]
transform = Transform( -1, 0, -1.50996e-07, 0, 1, 0, 1.50996e-07, 0, -1, -9.46501, -3.3362, -4.64904 )

[node name="power_thing2" parent="the_medium" index="1" instance=ExtResource( 9 )]
transform = Transform( -1, 0, -1.50996e-07, 0, 1, 0, 1.50996e-07, 0, -1, -9.46501, -3.3362, -2.93414 )

[node name="power_thing3" parent="the_medium" index="2" instance=ExtResource( 9 )]
transform = Transform( -1, 0, -1.50996e-07, 0, 1, 0, 1.50996e-07, 0, -1, -9.46501, -3.3362, -1.17644 )

[node name="door" type="KinematicBody" parent="the_medium" index="3"]
transform = Transform( 1, 0, 0, 0, 1, 0, 0, 0, 1, 3.21773, 0.0294952, 5.62034 )
script = ExtResource( 11 )
required_power = 3
tracked_stat = "medium"

[node name="MeshInstance" type="MeshInstance" parent="the_medium/door" index="0"]
transform = Transform( 1.3, 0, 0, 0, 2.3, 0, 0, 0, 0.6, 0, 0, 0 )
mesh = SubResource( 253 )
material/0 = ExtResource( 10 )

[node name="CollisionShape" type="CollisionShape" parent="the_medium/door" index="1"]
shape = SubResource( 254 )

[node name="AnimationPlayer" type="AnimationPlayer" parent="the_medium/door" index="2"]
anims/Activate = SubResource( 255 )
anims/RESET = SubResource( 256 )

[node name="door2" type="KinematicBody" parent="the_medium" index="4"]
transform = Transform( -4.37114e-08, 0, -1, 0, 1, 0, 1, 0, -4.37114e-08, 1.24524, -0.359253, -3.03695 )
script = ExtResource( 11 )

[node name="MeshInstance" type="MeshInstance" parent="the_medium/door2" index="0"]
transform = Transform( 1.3, 0, 0, 0, 2.3, 0, 0, 0, 0.6, 0, 0, 0 )
mesh = SubResource( 253 )
material/0 = ExtResource( 10 )

[node name="CollisionShape" type="CollisionShape" parent="the_medium/door2" index="1"]
shape = SubResource( 254 )

[node name="AnimationPlayer" type="AnimationPlayer" parent="the_medium/door2" index="2"]
anims/Activate = SubResource( 257 )
anims/RESET = SubResource( 258 )

[node name="entrance" type="Area" parent="the_medium" index="5"]
transform = Transform( 1, 0, 0, 0, 1, 0, 0, 0, 1, 3.30196, -1.11064, 8.0642 )
collision_layer = 0
collision_mask = 2

[node name="CollisionShape" type="CollisionShape" parent="the_medium/entrance" index="0"]
transform = Transform( 1, 0, 0, 0, 1, 0, 0, 0, 1, 0, 0.57933, -1.24027 )
shape = SubResource( 259 )

[node name="dialog_zone" type="Area" parent="the_medium" index="6"]
transform = Transform( 1, 0, 0, 0, 1, 0, 0, 0, 1, 4.50098, -1.5452, -2.22174 )
collision_layer = 0
collision_mask = 2
script = ExtResource( 6 )
dialog_sequence = ExtResource( 7 )
main_speaker = NodePath("..")

[node name="CollisionShape" type="CollisionShape" parent="the_medium/dialog_zone" index="0"]
transform = Transform( 1, 0, 0, 0, 1, 0, 0, 0, 1, -0.302307, 0.751144, 1.92409 )
shape = SubResource( 250 )

[node name="mom" type="Area" parent="the_medium" index="7"]
transform = Transform( 1, 0, 0, 0, 1, 0, 0, 0, 1, -3.16202, -1.2652, 2.45446 )
collision_layer = 0
collision_mask = 2
script = ExtResource( 6 )
dialog_sequence = ExtResource( 8 )
friendly_id = "mum"

[node name="dialog_circle" parent="the_medium/mom" index="0" instance=ExtResource( 36 )]
transform = Transform( 1, 0, 0, 0, 1, 0, 0, 0, 1, 0, -0.996246, 0 )

[node name="CollisionShape" type="CollisionShape" parent="the_medium/mom" index="1"]
shape = SubResource( 251 )

[node name="mum" parent="the_medium/mom" index="2" instance=ExtResource( 35 )]
transform = Transform( -0.998923, 0, -0.0464091, 0, 1, 0, 0.0464091, 0, -0.998923, 0.0466156, -0.994339, 0.879108 )

[node name="OmniLight" type="OmniLight" parent="the_medium" index="8"]
transform = Transform( 1, 0, 0, 0, 1, 0, 0, 0, 1, -3.82181, -2.0892, 1.69101 )
light_color = Color( 0.784314, 0.976471, 0.92549, 1 )

[node name="bug_pickup4" parent="." index="12" instance=ExtResource( 14 )]
transform = Transform( 1, 0, 0, 0, 1, 0, 0, 0, 1, -7.32987, -132.979, -181.332 )

[node name="bug_pickup5" parent="." index="13" instance=ExtResource( 14 )]
transform = Transform( -0.0964016, 0, 0.995342, 0, 1, 0, -0.995342, 0, -0.0964016, -0.20876, -128.721, -184.34 )

[node name="bug_pickup6" parent="." index="14" instance=ExtResource( 14 )]
transform = Transform( -0.0462348, 0, -0.998931, 0, 1, 0, 0.998931, 0, -0.0462348, 10.3712, -128.754, -189.049 )

[node name="bug_pickup7" parent="." index="15" instance=ExtResource( 14 )]
transform = Transform( -0.0462348, 0, -0.998931, 0, 1, 0, 0.998931, 0, -0.0462348, 18.6186, -127.862, -188.438 )

[node name="bug_pickup9" parent="." index="16" instance=ExtResource( 14 )]
transform = Transform( 0.274532, 0.399864, 0.874495, -0.0860081, 0.916003, -0.391843, -0.957724, 0.0323598, 0.285864, 38.4432, -249.063, -51.7613 )

[node name="bug_pickup8" parent="." index="17" instance=ExtResource( 14 )]
transform = Transform( -0.797047, 0, -0.603918, 0, 1, 0, 0.603918, 0, -0.797047, 39.3069, -246.869, -53.803 )

[node name="bug_pickup10" parent="." index="18" instance=ExtResource( 14 )]
transform = Transform( 0.941541, 0, 0.336898, 0, 1, 0, -0.336898, 0, 0.941541, 38.7431, -246.869, -54.3123 )

[node name="coat_pickup" parent="." index="19" instance=ExtResource( 17 )]
transform = Transform( -0.832361, 0, -0.554235, 0, 1, 0, 0.554235, 0, -0.832361, 40.0058, -247.454, -49.2127 )

[node name="gem_pickup" parent="." index="20" instance=ExtResource( 20 )]
transform = Transform( 0.942938, 0, 0.332968, 0, 1, 0, -0.332968, 0, 0.942938, -147.155, -69.9123, -67.7388 )
quantity = 3

[node name="gem_pickup2" parent="." index="21" instance=ExtResource( 20 )]
transform = Transform( 0.942938, 0, 0.332968, 0, 1, 0, -0.332968, 0, 0.942938, -144.413, -71.36, -62.6068 )
quantity = 3

[node name="gem_pickup3" parent="." index="22" instance=ExtResource( 20 )]
transform = Transform( 1, 0, 0, 0, 1, 0, 0, 0, 1, -135.57, -77.6816, -52.9546 )
quantity = 3

[node name="gem_pickup4" parent="." index="23" instance=ExtResource( 20 )]
transform = Transform( 1, 0, 0, 0, 1, 0, 0, 0, 1, -135.565, -79.389, -39.8451 )
quantity = 3

[node name="gem_pickup5" parent="." index="24" instance=ExtResource( 20 )]
transform = Transform( 1, 0, 0, 0, 1, 0, 0, 0, 1, -133.801, -82.0815, -32.1377 )
quantity = 3

[node name="bug_pickup11" parent="." index="25" instance=ExtResource( 14 )]
transform = Transform( -0.917297, 0, 0.398205, 0, 1, 0, -0.398205, 0, -0.917297, -146.042, -65.8516, -75.9818 )

[node name="bug_pickup12" parent="." index="26" instance=ExtResource( 14 )]
transform = Transform( -0.288731, 0, -0.95741, 0, 1, 0, 0.95741, 0, -0.288731, -146.356, -64.7915, -76.8682 )

[node name="bug_pickup13" parent="." index="27" instance=ExtResource( 14 )]
transform = Transform( -0.974492, 0, 0.224424, 0, 1, 0, -0.224424, 0, -0.974492, -145.254, -66.6554, -77.9812 )

[node name="bug_pickup14" parent="." index="28" instance=ExtResource( 14 )]
transform = Transform( 0.950817, 0.0827008, -0.298508, -0.0866515, 0.996239, 2.58242e-09, 0.297385, 0.0258662, 0.954407, -145.008, -66.311, -76.5192 )

[node name="bug_pickup15" parent="." index="29" instance=ExtResource( 14 )]
transform = Transform( 0.954407, 0, -0.298508, 0, 1, 0, 0.298508, 0, 0.954407, -145.557, -66.1093, -77.4754 )

[node name="gem_pickup6" parent="." index="30" instance=ExtResource( 20 )]
transform = Transform( 1, 0, 0, 0, 1, 0, 0, 0, 1, -205.595, -222.605, -185.694 )
quantity = 3

[node name="gem_pickup7" parent="." index="31" instance=ExtResource( 20 )]
transform = Transform( 1, 0, 0, 0, 1, 0, 0, 0, 1, -184.13, -203.206, -166.695 )
quantity = 3

[node name="gem_pickup9" parent="." index="32" instance=ExtResource( 20 )]
transform = Transform( 1, 0, 0, 0, 1, 0, 0, 0, 1, 38.1758, -249.548, -50.0251 )
quantity = 2

[node name="gem_pickup8" parent="." index="33" instance=ExtResource( 20 )]
transform = Transform( 1, 0, 0, 0, 1, 0, 0, 0, 1, 37.9837, -247.696, -49.597 )
quantity = 8

[node name="gem_pickup10" parent="." index="34" instance=ExtResource( 20 )]
transform = Transform( 1, 0, 0, 0, 1, 0, 0, 0, 1, -45.4114, -184.259, -40.5777 )
quantity = 3

[node name="gem_pickup11" parent="." index="35" instance=ExtResource( 20 )]
transform = Transform( 1, 0, 0, 0, 1, 0, 0, 0, 1, -43.3939, -184.259, -44.6246 )
quantity = 3

[node name="gem_pickup12" parent="." index="36" instance=ExtResource( 20 )]
transform = Transform( 1, 0, 0, 0, 1, 0, 0, 0, 1, -42.1836, -184.259, -50.3742 )
quantity = 3

[node name="gem_pickup13" parent="." index="37" instance=ExtResource( 20 )]
transform = Transform( 1, 0, 0, 0, 1, 0, 0, 0, 1, -42.0433, -184.259, -56.486 )
quantity = 3

[node name="gem_pickup14" parent="." index="38" instance=ExtResource( 20 )]
transform = Transform( 1, 0, 0, 0, 1, 0, 0, 0, 1, -43.3293, -183.9, -62.4229 )
quantity = 3

[node name="bug_pickup16" parent="." index="39" instance=ExtResource( 14 )]
transform = Transform( -0.864889, 0, 0.501964, 0, 1, 0, -0.501964, 0, -0.864889, -46.4282, -180.781, -68.4278 )

[node name="intro_npc" parent="." index="40" instance=ExtResource( 18 )]
transform = Transform( 0.978946, 0, 0.20412, 0, 1, 0, -0.20412, 0, 0.978946, -224.846, -230.598, 4.62147 )
dialog = ExtResource( 21 )
visual_name = "House Owner"

[node name="pillar5" parent="." index="41" instance=ExtResource( 31 )]
transform = Transform( 0.0167477, -0.999826, -0.00822058, 0.897533, 0.0186565, -0.440552, 0.440629, 2.98023e-08, 0.897689, -204.482, -228.048, -45.777 )

[node name="armstrong_npc" parent="." index="42" instance=ExtResource( 18 )]
transform = Transform( 0.897689, 0, -0.440629, 0, 1, 0, 0.440629, 0, 0.897689, -241.787, -229.039, -39.8467 )
script = ExtResource( 22 )
dialog = ExtResource( 50 )
visual_name = "Armstrong"
model_scale = 1.1
friendly_id = "armstrong"

[node name="cave_npc1" parent="." index="43" instance=ExtResource( 18 )]
transform = Transform( 0.610117, 0, -0.792311, 0, 1, 0, 0.792311, 0, 0.610117, -176.363, -229.011, -18.785 )
dialog = ExtResource( 26 )
visual_name = "Cave Guard"

[node name="bug_pickup17" parent="." index="44" instance=ExtResource( 14 )]
transform = Transform( 1, 0, 0, 0, 1, 0, 0, 0, 1, -220.138, -219.936, 14.1823 )

[node name="crawly" parent="." index="45" instance=ExtResource( 23 )]
transform = Transform( -0.00267033, 0, -0.999996, 0, 1, 0, 0.999996, 0, -0.00267033, -107.688, -229.846, 4.22008 )
respawns = false

[node name="bug_pickup30" parent="." index="46" instance=ExtResource( 14 )]
transform = Transform( 0.903148, 0.110233, -0.414936, -0.0812692, 0.992897, 0.086887, 0.421569, -0.0447495, 0.905692, -158.605, -232.754, -10.7742 )

[node name="rock3" parent="." index="47" instance=ExtResource( 15 )]
transform = Transform( -0.399667, 0.138115, 0.906195, -0.22712, 0.942838, -0.243868, -0.888079, -0.303281, -0.345454, -124.966, -231.719, 5.49483 )

[node name="rock12" parent="." index="48" instance=ExtResource( 15 )]
transform = Transform( -0.399667, 0.138115, 0.906195, 0.623691, 0.765452, 0.158409, -0.671771, 0.628496, -0.392067, -124.966, -227.795, 27.9795 )

[node name="rock18" parent="." index="49" instance=ExtResource( 15 )]
transform = Transform( 0.129601, -0.301109, 0.944741, 0.623691, 0.765452, 0.158409, -0.770853, 0.568697, 0.287002, -111.079, -227.795, 50.5904 )

[node name="rock19" parent="." index="50" instance=ExtResource( 15 )]
transform = Transform( -0.45213, -0.171068, -0.875394, -0.269269, -0.909468, 0.316799, -0.850337, 0.378952, 0.365134, -119.889, -226.565, 54.222 )

[node name="rock20" parent="." index="51" instance=ExtResource( 15 )]
transform = Transform( -0.45213, -0.171068, -0.875394, -0.886919, -0.0178962, 0.461578, -0.0946273, 0.985097, -0.143631, -115.495, -219.601, 54.222 )

[node name="rock21" parent="." index="52" instance=ExtResource( 15 )]
transform = Transform( 0.859598, -0.00683571, 0.510927, -0.169597, -0.947043, 0.272662, 0.482006, -0.321032, -0.815235, -115.495, -226.387, 62.7452 )

[node name="rock17" parent="." index="53" instance=ExtResource( 15 )]
transform = Transform( -0.711992, -0.654323, -0.254812, -0.455227, 0.706412, -0.541988, 0.534636, -0.269894, -0.800825, -111.353, -237.377, -24.3514 )

[node name="rock5" parent="." index="54" instance=ExtResource( 15 )]
transform = Transform( -0.859357, -0.455476, -0.232481, 0.50753, -0.81531, -0.278713, -0.0625957, -0.357505, 0.93181, -100.953, -235.15, -12.0198 )

[node name="rock22" parent="." index="55" instance=ExtResource( 15 )]
transform = Transform( 0.439229, 0.523098, -0.730372, 0.50753, -0.81531, -0.278713, -0.741276, -0.248267, -0.623598, -84.3798, -233.461, -6.24677 )

[node name="rock6" parent="." index="56" instance=ExtResource( 15 )]
transform = Transform( -0.859357, -0.455476, -0.232481, -0.217515, -0.0858665, 0.972271, -0.462809, 0.886097, -0.0252832, -117.488, -232.631, -36.1941 )

[node name="rock7" parent="." index="57" instance=ExtResource( 15 )]
transform = Transform( 0.969977, 0.0919825, 0.225126, -0.217515, -0.0858665, 0.972271, 0.108763, -0.992051, -0.063281, -116.293, -227.342, -36.4502 )

[node name="rock4" parent="." index="58" instance=ExtResource( 15 )]
transform = Transform( 0.241232, 0.332234, -0.911825, 0.391311, -0.893107, -0.221889, -0.888078, -0.303281, -0.345454, -144.771, -231.719, 6.44881 )

[node name="rock8" parent="." index="59" instance=ExtResource( 15 )]
transform = Transform( 0.629715, -0.354063, 0.691445, -0.459139, 0.548343, 0.698935, -0.626617, -0.757601, 0.182736, -150.138, -225.097, 6.44882 )

[node name="rock2" parent="." index="60" instance=ExtResource( 24 )]
transform = Transform( -0.399667, 0.138115, 0.906195, -0.628645, 0.678184, -0.38062, -0.667137, -0.721797, -0.184223, -138.267, -225.928, -2.62826 )

[node name="rock15" parent="." index="61" instance=ExtResource( 24 )]
transform = Transform( -0.93222, -0.291605, -0.214318, -0.311812, 0.947799, 0.0667025, 0.18368, 0.129008, -0.974483, -118.889, -200.918, 39.0465 )

[node name="rock16" parent="." index="62" instance=ExtResource( 24 )]
transform = Transform( 0.0505968, -0.0535392, 0.997283, -0.681805, -0.731519, -0.00468121, 0.729782, -0.679716, -0.0735155, -107.075, -200.918, 21.2216 )

[node name="rock9" parent="." index="63" instance=ExtResource( 24 )]
transform = Transform( -0.200048, 0.912492, -0.356845, 0.235303, 0.398292, 0.886564, 0.951112, 0.0933886, -0.294389, -129.052, -227.519, -18.6705 )

[node name="rock10" parent="." index="64" instance=ExtResource( 15 )]
transform = Transform( 0.381573, -0.398471, 0.83404, 0.722255, 0.691627, 0, -0.576844, 0.60239, 0.551704, -165.209, -230.948, -6.7788 )

[node name="rock11" parent="." index="65" instance=ExtResource( 15 )]
transform = Transform( 0.0957246, -0.848647, 0.520225, 0.127943, -0.507801, -0.851921, 0.987151, 0.148109, 0.0599693, -150.485, -229.747, -18.2087 )

[node name="rock13" parent="." index="66" instance=ExtResource( 15 )]
transform = Transform( -0.0676506, 0.0473767, 0.996584, 0.144762, -0.987836, 0.0567876, 0.987151, 0.148109, 0.0599693, -135.514, -199.081, -7.29639 )

[node name="rock14" parent="." index="67" instance=ExtResource( 15 )]
transform = Transform( -0.559608, -0.129069, -0.818645, 0.82869, -0.0745833, -0.554716, 0.0105393, -0.988827, 0.148696, -111.364, -196.446, -1.06183 )

[node name="bug_pickup26" parent="." index="68" instance=ExtResource( 14 )]
transform = Transform( 0.109127, 0, -0.994028, 0, 1, 0, 0.994028, 0, 0.109127, -130.854, -214.154, -19.9803 )

[node name="bug_pickup27" parent="." index="69" instance=ExtResource( 14 )]
transform = Transform( 0.109127, 0, -0.994028, 0, 1, 0, 0.994028, 0, 0.109127, -132.776, -209.393, 5.93299 )

[node name="bug_pickup28" parent="." index="70" instance=ExtResource( 14 )]
transform = Transform( -0.918322, 0, 0.395834, 0, 1, 0, -0.395834, 0, -0.918322, -114.935, -214.417, 54.6866 )

[node name="bug_pickup29" parent="." index="71" instance=ExtResource( 14 )]
transform = Transform( -0.132654, 0, -0.991162, 0, 1, 0, 0.991162, 0, -0.132654, -116.948, -222.921, -35.4502 )

[node name="bug_pickup18" parent="." index="72" instance=ExtResource( 14 )]
transform = Transform( 0.44476, 0, -0.89565, 0, 1, 0, 0.89565, 0, 0.44476, -144.286, -232.157, -18.579 )

[node name="bug_pickup19" parent="." index="73" instance=ExtResource( 14 )]
transform = Transform( 0.97371, 0, 0.22779, 0, 1, 0, -0.22779, 0, 0.97371, -144.367, -223.99, -18.9397 )

[node name="bug_pickup20" parent="." index="74" instance=ExtResource( 14 )]
transform = Transform( -0.980478, 0, -0.196631, 0, 1, 0, 0.196631, 0, -0.980478, -144.367, -219.815, -18.9397 )

[node name="bug_pickup23" parent="." index="75" instance=ExtResource( 14 )]
transform = Transform( 0.967254, 0, 0.253809, 0, 1, 0, -0.253809, 0, 0.967254, -144.367, -219.007, -18.9397 )

[node name="bug_pickup24" parent="." index="76" instance=ExtResource( 14 )]
transform = Transform( -0.962389, 0, 0.271676, 0, 1, 0, -0.271676, 0, -0.962389, -144.367, -221.41, -18.9397 )

[node name="bug_pickup25" parent="." index="77" instance=ExtResource( 14 )]
transform = Transform( 0.109127, 0, -0.994028, 0, 1, 0, 0.994028, 0, 0.109127, -144.367, -223.13, -18.9397 )

[node name="bug_pickup21" parent="." index="78" instance=ExtResource( 14 )]
transform = Transform( -0.461563, 0, -0.887107, 0, 1, 0, 0.887107, 0, -0.461563, -144.367, -220.745, -18.9397 )

[node name="bug_pickup22" parent="." index="79" instance=ExtResource( 14 )]
transform = Transform( 0.873458, 0, 0.486899, 0, 1, 0, -0.486899, 0, 0.873458, -144.367, -222.203, -18.9397 )

[node name="gem_pickup15" parent="." index="80" instance=ExtResource( 20 )]
transform = Transform( 1, 0, 0, 0, 1, 0, 0, 0, 1, -155.962, -226.228, -23.5913 )

[node name="gem_pickup16" parent="." index="81" instance=ExtResource( 20 )]
transform = Transform( 1, 0, 0, 0, 1, 0, 0, 0, 1, -144.304, -223.405, -25.4493 )

[node name="gem_pickup17" parent="." index="82" instance=ExtResource( 20 )]
transform = Transform( 1, 0, 0, 0, 1, 0, 0, 0, 1, -145.101, -222.211, -28.0055 )

[node name="gem_pickup18" parent="." index="83" instance=ExtResource( 20 )]
transform = Transform( 1, 0, 0, 0, 1, 0, 0, 0, 1, -145.851, -221.324, -29.9715 )

[node name="gem_pickup19" parent="." index="84" instance=ExtResource( 20 )]
transform = Transform( 1, 0, 0, 0, 1, 0, 0, 0, 1, -146.375, -220.521, -31.6793 )

[node name="gem_pickup20" parent="." index="85" instance=ExtResource( 20 )]
transform = Transform( 1, 0, 0, 0, 1, 0, 0, 0, 1, -146.73, -219.799, -33.1197 )

[node name="bug_pickup31" parent="." index="86" instance=ExtResource( 14 )]
transform = Transform( 1, 0, 0, 0, 1, 0, 0, 0, 1, -148.314, -217.935, -36.738 )

[node name="gem_pickup21" parent="." index="87" instance=ExtResource( 20 )]
transform = Transform( 1, 0, 0, 0, 1, 0, 0, 0, 1, -131.763, -215.293, -18.5395 )

[node name="gem_pickup22" parent="." index="88" instance=ExtResource( 20 )]
transform = Transform( 1, 0, 0, 0, 1, 0, 0, 0, 1, -132.386, -215.406, -16.7161 )

[node name="gem_pickup23" parent="." index="89" instance=ExtResource( 20 )]
transform = Transform( 1, 0, 0, 0, 1, 0, 0, 0, 1, -130.753, -214.638, -22.4969 )

[node name="gem_pickup24" parent="." index="90" instance=ExtResource( 20 )]
transform = Transform( 1, 0, 0, 0, 1, 0, 0, 0, 1, -130.727, -214.496, -24.3287 )

[node name="gem_pickup25" parent="." index="91" instance=ExtResource( 20 )]
transform = Transform( 1, 0, 0, 0, 1, 0, 0, 0, 1, -107.795, -233.811, -21.5221 )

[node name="gem_pickup26" parent="." index="92" instance=ExtResource( 20 )]
transform = Transform( 1, 0, 0, 0, 1, 0, 0, 0, 1, -107.997, -233.56, -19.0172 )

[node name="gem_pickup27" parent="." index="93" instance=ExtResource( 20 )]
transform = Transform( 1, 0, 0, 0, 1, 0, 0, 0, 1, -108.275, -233.484, -17.2841 )

[node name="gem_pickup28" parent="." index="94" instance=ExtResource( 20 )]
transform = Transform( 1, 0, 0, 0, 1, 0, 0, 0, 1, -108.67, -233.4, -14.9847 )

[node name="gem_pickup29" parent="." index="95" instance=ExtResource( 20 )]
transform = Transform( 1, 0, 0, 0, 1, 0, 0, 0, 1, -108.976, -233.294, -12.3484 )

[node name="gem_pickup30" parent="." index="96" instance=ExtResource( 20 )]
transform = Transform( 1, 0, 0, 0, 1, 0, 0, 0, 1, -109.267, -233.213, -9.37743 )

[node name="bug_pickup33" parent="." index="97" instance=ExtResource( 14 )]
transform = Transform( -0.470226, 0, 0.882546, 0, 1, 0, -0.882546, 0, -0.470226, -108.938, -232.166, 7.07436 )

[node name="bug_pickup32" parent="." index="98" instance=ExtResource( 14 )]
transform = Transform( 0.335797, 0, -0.941934, 0, 1, 0, 0.941934, 0, 0.335797, -107.676, -228.683, 4.00876 )

[node name="gem_pickup31" parent="." index="99" instance=ExtResource( 20 )]
transform = Transform( 1, 0, 0, 0, 1, 0, 0, 0, 1, -107.197, -234.784, 1.2807 )
quantity = 3

[node name="gem_pickup32" parent="." index="100" instance=ExtResource( 20 )]
transform = Transform( 1, 0, 0, 0, 1, 0, 0, 0, 1, -107.197, -233.732, 4.24664 )
quantity = 3

[node name="gem_pickup35" parent="." index="101" instance=ExtResource( 20 )]
transform = Transform( 1, 0, 0, 0, 1, 0, 0, 0, 1, -107.197, -232.054, 8.71345 )
quantity = 3

[node name="gem_pickup33" parent="." index="102" instance=ExtResource( 20 )]
transform = Transform( 1, 0, 0, 0, 1, 0, 0, 0, 1, -109.403, -233.732, 4.49867 )
quantity = 3

[node name="gem_pickup34" parent="." index="103" instance=ExtResource( 20 )]
transform = Transform( 1, 0, 0, 0, 1, 0, 0, 0, 1, -108.905, -234.383, 3.01628 )
quantity = 3

[node name="gem_pickup36" parent="." index="104" instance=ExtResource( 20 )]
transform = Transform( 1, 0, 0, 0, 1, 0, 0, 0, 1, -113.308, -224.043, 32.4256 )

[node name="gem_pickup37" parent="." index="105" instance=ExtResource( 20 )]
transform = Transform( 1, 0, 0, 0, 1, 0, 0, 0, 1, -113.125, -224.451, 30.7429 )

[node name="gem_pickup38" parent="." index="106" instance=ExtResource( 20 )]
transform = Transform( 1, 0, 0, 0, 1, 0, 0, 0, 1, -113.069, -224.836, 29.2259 )

[node name="gem_pickup39" parent="." index="107" instance=ExtResource( 20 )]
transform = Transform( 1, 0, 0, 0, 1, 0, 0, 0, 1, -112.718, -226.073, 24.7113 )

[node name="gem_pickup40" parent="." index="108" instance=ExtResource( 20 )]
transform = Transform( 1, 0, 0, 0, 1, 0, 0, 0, 1, -112.83, -225.451, 26.9445 )

[node name="gem_pickup41" parent="." index="109" instance=ExtResource( 20 )]
transform = Transform( 1, 0, 0, 0, 1, 0, 0, 0, 1, -125.64, -221.661, 29.2515 )

[node name="gem_pickup42" parent="." index="110" instance=ExtResource( 20 )]
transform = Transform( 1, 0, 0, 0, 1, 0, 0, 0, 1, -124.251, -221.823, 29.447 )

[node name="gem_pickup43" parent="." index="111" instance=ExtResource( 20 )]
transform = Transform( 1, 0, 0, 0, 1, 0, 0, 0, 1, -124.887, -221.556, 30.3469 )

[node name="gem_pickup44" parent="." index="112" instance=ExtResource( 20 )]
transform = Transform( 1, 0, 0, 0, 1, 0, 0, 0, 1, -115.32, -215.148, 52.389 )

[node name="gem_pickup45" parent="." index="113" instance=ExtResource( 20 )]
transform = Transform( 1, 0, 0, 0, 1, 0, 0, 0, 1, -113.611, -215.148, 52.5543 )

[node name="gem_pickup46" parent="." index="114" instance=ExtResource( 20 )]
transform = Transform( 1, 0, 0, 0, 1, 0, 0, 0, 1, -114.383, -215.148, 57.9936 )

[node name="gem_pickup47" parent="." index="115" instance=ExtResource( 20 )]
transform = Transform( 1, 0, 0, 0, 1, 0, 0, 0, 1, -115.634, -215.148, 57.3266 )

[node name="gem_pickup48" parent="." index="116" instance=ExtResource( 20 )]
transform = Transform( 1, 0, 0, 0, 1, 0, 0, 0, 1, -114.428, -215.148, 56.6223 )

[node name="gem_pickup49" parent="." index="117" instance=ExtResource( 20 )]
transform = Transform( 1, 0, 0, 0, 1, 0, 0, 0, 1, -115.422, -215.148, 56.254 )

[node name="gem_pickup50" parent="." index="118" instance=ExtResource( 20 )]
transform = Transform( 1, 0, 0, 0, 1, 0, 0, 0, 1, -114.403, -220.928, 61.4532 )

[node name="gem_pickup51" parent="." index="119" instance=ExtResource( 20 )]
transform = Transform( 1, 0, 0, 0, 1, 0, 0, 0, 1, -116.412, -221.042, 62.5007 )

[node name="gem_pickup52" parent="." index="120" instance=ExtResource( 20 )]
transform = Transform( 1, 0, 0, 0, 1, 0, 0, 0, 1, -114.128, -221.615, 63.4497 )

[node name="gem_pickup53" parent="." index="121" instance=ExtResource( 20 )]
transform = Transform( 1, 0, 0, 0, 1, 0, 0, 0, 1, -115.898, -221.615, 63.5645 )

[node name="gem_pickup54" parent="." index="122" instance=ExtResource( 20 )]
transform = Transform( 1, 0, 0, 0, 1, 0, 0, 0, 1, -114.378, -222.432, 64.8707 )

[node name="gem_pickup55" parent="." index="123" instance=ExtResource( 20 )]
transform = Transform( 1, 0, 0, 0, 1, 0, 0, 0, 1, -117.607, -221.846, 63.985 )

[node name="gem_pickup56" parent="." index="124" instance=ExtResource( 20 )]
transform = Transform( 1, 0, 0, 0, 1, 0, 0, 0, 1, -116.22, -222.176, 64.8934 )

[node name="gem_pickup57" parent="." index="125" instance=ExtResource( 20 )]
transform = Transform( 1, 0, 0, 0, 1, 0, 0, 0, 1, -115.667, -229.596, 54.9934 )

[node name="gem_pickup58" parent="." index="126" instance=ExtResource( 20 )]
transform = Transform( 1, 0, 0, 0, 1, 0, 0, 0, 1, -114.841, -229.596, 55.8642 )

[node name="gem_pickup59" parent="." index="127" instance=ExtResource( 20 )]
transform = Transform( 1, 0, 0, 0, 1, 0, 0, 0, 1, -115.359, -229.596, 56.5875 )

[node name="gem_pickup60" parent="." index="128" instance=ExtResource( 20 )]
transform = Transform( 1, 0, 0, 0, 1, 0, 0, 0, 1, -155.141, -228.03, -6.66448 )

[node name="gem_pickup61" parent="." index="129" instance=ExtResource( 20 )]
transform = Transform( 1, 0, 0, 0, 1, 0, 0, 0, 1, -155.893, -228.131, -5.24657 )

[node name="gem_pickup62" parent="." index="130" instance=ExtResource( 20 )]
transform = Transform( 1, 0, 0, 0, 1, 0, 0, 0, 1, -156.632, -228.204, -4.3588 )

[node name="gem_pickup63" parent="." index="131" instance=ExtResource( 20 )]
transform = Transform( 1, 0, 0, 0, 1, 0, 0, 0, 1, -153.82, -225.413, 0.863148 )

[node name="gem_pickup64" parent="." index="132" instance=ExtResource( 20 )]
transform = Transform( 1, 0, 0, 0, 1, 0, 0, 0, 1, -154.766, -226.011, 0.35482 )

[node name="bug_pickup34" parent="." index="133" instance=ExtResource( 14 )]
transform = Transform( -0.556557, 0, 0.83081, 0, 1, 0, -0.83081, 0, -0.556557, -159.646, -217.335, 10.1381 )

[node name="gem_pickup65" parent="." index="134" instance=ExtResource( 20 )]
transform = Transform( 1, 0, 0, 0, 1, 0, 0, 0, 1, -158.362, -218.036, 12.3458 )

[node name="gem_pickup66" parent="." index="135" instance=ExtResource( 20 )]
transform = Transform( 1, 0, 0, 0, 1, 0, 0, 0, 1, -157.352, -217.968, 11.4098 )

[node name="gem_pickup67" parent="." index="136" instance=ExtResource( 20 )]
transform = Transform( 1, 0, 0, 0, 1, 0, 0, 0, 1, -162.116, -218.443, 8.41633 )

[node name="gem_pickup68" parent="." index="137" instance=ExtResource( 20 )]
transform = Transform( 1, 0, 0, 0, 1, 0, 0, 0, 1, -160.12, -218.287, 7.64496 )

[node name="gem_pickup69" parent="." index="138" instance=ExtResource( 20 )]
transform = Transform( 1, 0, 0, 0, 1, 0, 0, 0, 1, -151.007, -219.816, 5.59303 )

[node name="gem_pickup70" parent="." index="139" instance=ExtResource( 20 )]
transform = Transform( 1, 0, 0, 0, 1, 0, 0, 0, 1, -149.262, -222.106, 9.23671 )

[node name="gem_pickup71" parent="." index="140" instance=ExtResource( 20 )]
transform = Transform( 1, 0, 0, 0, 1, 0, 0, 0, 1, -162.687, -232.012, -12.0198 )

[node name="gem_pickup72" parent="." index="141" instance=ExtResource( 20 )]
transform = Transform( 1, 0, 0, 0, 1, 0, 0, 0, 1, -161.087, -231.929, -9.50427 )

[node name="gem_pickup73" parent="." index="142" instance=ExtResource( 20 )]
transform = Transform( 1, 0, 0, 0, 1, 0, 0, 0, 1, -166.586, -224.74, -5.61488 )

[node name="gem_pickup74" parent="." index="143" instance=ExtResource( 20 )]
transform = Transform( 1, 0, 0, 0, 1, 0, 0, 0, 1, -166.413, -225.025, -4.54265 )

[node name="gem_pickup75" parent="." index="144" instance=ExtResource( 20 )]
transform = Transform( 1, 0, 0, 0, 1, 0, 0, 0, 1, -167.355, -224.666, -5.36088 )

[node name="gem_pickup76" parent="." index="145" instance=ExtResource( 20 )]
transform = Transform( 1, 0, 0, 0, 1, 0, 0, 0, 1, -151.213, -225.703, -19.3931 )

[node name="gem_pickup77" parent="." index="146" instance=ExtResource( 20 )]
transform = Transform( 1, 0, 0, 0, 1, 0, 0, 0, 1, -149.234, -223.348, -11.8833 )

[node name="gem_pickup78" parent="." index="147" instance=ExtResource( 20 )]
transform = Transform( 1, 0, 0, 0, 1, 0, 0, 0, 1, -147.731, -220.088, -10.1092 )

[node name="gem_pickup83" parent="." index="148" instance=ExtResource( 20 )]
transform = Transform( 1, 0, 0, 0, 1, 0, 0, 0, 1, -148.826, -217.235, -3.23683 )

[node name="gem_pickup84" parent="." index="149" instance=ExtResource( 20 )]
transform = Transform( 1, 0, 0, 0, 1, 0, 0, 0, 1, -142.696, -216.116, -3.98125 )

[node name="gem_pickup85" parent="." index="150" instance=ExtResource( 20 )]
transform = Transform( 1, 0, 0, 0, 1, 0, 0, 0, 1, -138.42, -213.338, 0.184946 )

[node name="gem_pickup86" parent="." index="151" instance=ExtResource( 20 )]
