[gd_scene load_steps=30 format=2]

[ext_resource path="res://areas/chunk_content.gd" type="Script" id=1]
[ext_resource path="res://entities/env/copper/scrap_pile3.tscn" type="PackedScene" id=2]
[ext_resource path="res://entities/env/stone/ruin1.tscn" type="PackedScene" id=3]
[ext_resource path="res://entities/env/copper/scrap_pile1.tscn" type="PackedScene" id=4]
[ext_resource path="res://entities/env/copper/scrap_pile2.tscn" type="PackedScene" id=5]
[ext_resource path="res://entities/env/copper/palace_roof1.tscn" type="PackedScene" id=6]
[ext_resource path="res://entities/enemies/crawly.tscn" type="PackedScene" id=7]
[ext_resource path="res://items/gem_pickup.tscn" type="PackedScene" id=8]
[ext_resource path="res://items/bug_pickup.tscn" type="PackedScene" id=9]
[ext_resource path="res://ui/items/vis/mesh_hover_scooter.tscn" type="PackedScene" id=10]
[ext_resource path="res://entities/env/stone/rock1.tscn" type="PackedScene" id=11]
[ext_resource path="res://items/item_pickup.tscn" type="PackedScene" id=12]
[ext_resource path="res://games/laili/point.gd" type="Script" id=13]
[ext_resource path="res://games/laili/path.gd" type="Script" id=14]
[ext_resource path="res://entities/control/spawner.gd" type="Script" id=15]
[ext_resource path="res://entities/vehicles/laili_plane_v1.tscn" type="PackedScene" id=16]
[ext_resource path="res://entities/npc/npc_laili.tscn" type="PackedScene" id=17]
[ext_resource path="res://material/bubble.shader" type="Shader" id=18]
[ext_resource path="res://games/laili/rock-clip.tscn" type="PackedScene" id=19]
[ext_resource path="res://games/laili/long-bolt.tscn" type="PackedScene" id=20]
[ext_resource path="res://_glb/entities/games/rope-segment_Cylinder.mesh" type="ArrayMesh" id=21]
[ext_resource path="res://material/triplanar.shader" type="Shader" id=22]
[ext_resource path="res://material/env/detail/rope1.png" type="Texture" id=23]
[ext_resource path="res://entities/visual/distance_visible.gd" type="Script" id=24]

[sub_resource type="SphereMesh" id=10]
radius = 0.04
height = 0.08
radial_segments = 4
rings = 2

[sub_resource type="ShaderMaterial" id=11]
shader = ExtResource( 22 )
shader_param/wall_scale = 5.0
shader_param/ground_scale = 5.0
shader_param/power = 1.0
shader_param/softness = 0.5
shader_param/specularity_ground = 1.0
shader_param/specularity_wall = 1.0
shader_param/specularity_ceiling = 1.0
shader_param/light_bias = 0.0
shader_param/shadow_normal_offset = 0.2
shader_param/albedo = Color( 1, 1, 1, 1 )
shader_param/wall = ExtResource( 23 )
shader_param/ground = ExtResource( 23 )
shader_param/ceiling = ExtResource( 23 )

[sub_resource type="SphereMesh" id=1]
radial_segments = 12
rings = 12

[sub_resource type="ShaderMaterial" id=9]
shader = ExtResource( 18 )
shader_param/color = Color( 0.580392, 1, 0.666667, 1 )

[sub_resource type="SphereShape" id=2]

[node name="chunk138" type="Spatial"]
script = ExtResource( 1 )

[node name="ruin1" parent="." instance=ExtResource( 3 )]
transform = Transform( 1, 0, 0, 0, 1, 0, 0, 0, 1, 33, -1, -8 )

[node name="ruin2" parent="." instance=ExtResource( 3 )]
transform = Transform( -0.25641, -0.0352287, -0.965926, -0.136113, 0.990693, 0, 0.956936, 0.131475, -0.258819, 0, -2, -30 )

[node name="ruin3" parent="." instance=ExtResource( 3 )]
transform = Transform( -0.255975, 0.0382604, -0.965926, 0.449837, 0.889153, -0.0839898, 0.855642, -0.456009, -0.244812, 18.6575, -1.74261, 2.85878 )

[node name="scrap_pile1" parent="." instance=ExtResource( 4 )]
transform = Transform( 0.61945, -0.426147, 0.659303, 0, 0.839838, 0.542837, -0.785036, -0.336261, 0.520238, 21.5424, 3.54454, -40.433 )

[node name="palace_roof1" parent="." instance=ExtResource( 6 )]
transform = Transform( 0.61945, -0.426147, 0.659303, 0, 0.839838, 0.542837, -0.785036, -0.336261, 0.520238, 18.6145, -1.88645, -12.8088 )

[node name="scrap_pile3" parent="." instance=ExtResource( 2 )]
transform = Transform( 0.827414, 0.378227, 0.415127, -0.561592, 0.557255, 0.611621, 0, -0.739196, 0.67349, -1.34668, 0.931093, -42.2515 )

[node name="scrap_pile2" parent="." instance=ExtResource( 5 )]
transform = Transform( -0.177145, 0.831762, -0.52611, 0.965192, 0.251332, 0.072359, 0.192414, -0.494979, -0.847333, -17.9988, -0.307041, -18.812 )

[node name="active_entities" type="MultiMeshSystem" parent="."]

[node name="crawly" parent="active_entities" instance=ExtResource( 7 )]
transform = Transform( 1, 0, 0, 0, 1, 0, 0, 0, 1, 0.71565, 0.525883, -30.9345 )
drops_coat = true
minimum_rarity = 1
health = 60

[node name="gem_pickup" parent="active_entities" instance=ExtResource( 8 )]
transform = Transform( 1, 0, 0, 0, 1, 0, 0, 0, 1, 4.61611, 3.29236, -26.6119 )

[node name="gem_pickup2" parent="active_entities" instance=ExtResource( 8 )]
transform = Transform( 1, 0, 0, 0, 1, 0, 0, 0, 1, 3.42534, 1.61902, -24.786 )

[node name="gem_pickup3" parent="active_entities" instance=ExtResource( 8 )]
transform = Transform( 1, 0, 0, 0, 1, 0, 0, 0, 1, 1.616, 0.964457, -23.7764 )

[node name="gem_pickup4" parent="active_entities" instance=ExtResource( 8 )]
transform = Transform( 1, 0, 0, 0, 1, 0, 0, 0, 1, -0.345708, 0.776238, -23.3723 )

[node name="gem_pickup5" parent="active_entities" instance=ExtResource( 8 )]
transform = Transform( 1, 0, 0, 0, 1, 0, 0, 0, 1, 5.59527, 2.87901, -29.3224 )

[node name="gem_pickup6" parent="active_entities" instance=ExtResource( 8 )]
transform = Transform( 1, 0, 0, 0, 1, 0, 0, 0, 1, 0.315123, 3.34022, -35.0261 )

[node name="gem_pickup7" parent="active_entities" instance=ExtResource( 8 )]
transform = Transform( 1, 0, 0, 0, 1, 0, 0, 0, 1, -1.78358, 3.16697, -34.989 )

[node name="gem_pickup8" parent="active_entities" instance=ExtResource( 8 )]
transform = Transform( 1, 0, 0, 0, 1, 0, 0, 0, 1, -5.78812, 3.37155, -31.7871 )

[node name="gem_pickup9" parent="active_entities" instance=ExtResource( 8 )]
transform = Transform( 1, 0, 0, 0, 1, 0, 0, 0, 1, 20.4221, 0.858752, -46.8614 )

[node name="gem_pickup10" parent="active_entities" instance=ExtResource( 8 )]
transform = Transform( 1, 0, 0, 0, 1, 0, 0, 0, 1, 27.1802, 9.00337, -3.28524 )

[node name="gem_pickup11" parent="active_entities" instance=ExtResource( 8 )]
transform = Transform( 1, 0, 0, 0, 1, 0, 0, 0, 1, 27.994, 9.09243, -4.00941 )

[node name="bug_pickup2" parent="active_entities" instance=ExtResource( 9 )]
transform = Transform( 1, 0, 0, 0, 1, 0, 0, 0, 1, -0.241308, 0.698627, -29.6583 )

[node name="bug_pickup" parent="active_entities" instance=ExtResource( 9 )]
transform = Transform( 1, 0, 0, 0, 1, 0, 0, 0, 1, 28.9594, 1.88691, -8.7508 )

[node name="gem_pickup12" parent="active_entities" instance=ExtResource( 8 )]
transform = Transform( 1, 0, 0, 0, 1, 0, 0, 0, 1, -25.3233, 2.94245, -36.8915 )

[node name="gem_pickup13" parent="active_entities" instance=ExtResource( 8 )]
transform = Transform( 1, 0, 0, 0, 1, 0, 0, 0, 1, -28.2086, 3.89256, -47.8777 )

[node name="gem_pickup14" parent="active_entities" instance=ExtResource( 8 )]
transform = Transform( 1, 0, 0, 0, 1, 0, 0, 0, 1, -27.2414, 3.73042, -44.732 )

[node name="gem_pickup15" parent="active_entities" instance=ExtResource( 8 )]
transform = Transform( 1, 0, 0, 0, 1, 0, 0, 0, 1, -26.2856, 3.48147, -41.2183 )

[node name="gem_pickup16" parent="active_entities" instance=ExtResource( 8 )]
transform = Transform( 1, 0, 0, 0, 1, 0, 0, 0, 1, -20.6611, 1.8299, -20.0468 )

[node name="bug_pickup3" parent="active_entities" instance=ExtResource( 9 )]
transform = Transform( 1, 0, 0, 0, 1, 0, 0, 0, 1, -20.5932, 8.64652, -20.0125 )

[node name="gem_pickup17" parent="active_entities" instance=ExtResource( 8 )]
transform = Transform( 1, 0, 0, 0, 1, 0, 0, 0, 1, -17.6617, 1.69827, -12.9243 )

[node name="gem_pickup18" parent="active_entities" instance=ExtResource( 8 )]
transform = Transform( 1, 0, 0, 0, 1, 0, 0, 0, 1, -15.7481, 1.73856, -9.76239 )

[node name="gem_pickup19" parent="active_entities" instance=ExtResource( 8 )]
transform = Transform( 1, 0, 0, 0, 1, 0, 0, 0, 1, -13.7218, 1.78455, -6.2953 )

[node name="gem_pickup20" parent="active_entities" instance=ExtResource( 8 )]
transform = Transform( 1, 0, 0, 0, 1, 0, 0, 0, 1, -11.91, 1.85181, -2.07992 )

[node name="gem_pickup21" parent="active_entities" instance=ExtResource( 8 )]
transform = Transform( 1, 0, 0, 0, 1, 0, 0, 0, 1, -8.19484, 1.94298, 4.56707 )

[node name="gem_pickup22" parent="active_entities" instance=ExtResource( 8 )]
transform = Transform( 1, 0, 0, 0, 1, 0, 0, 0, 1, 15.9332, 1.61342, 5.34286 )

[node name="gem_pickup23" parent="active_entities" instance=ExtResource( 8 )]
transform = Transform( 1, 0, 0, 0, 1, 0, 0, 0, 1, 19.3836, 1.24695, 5.14956 )

[node name="gem_pickup24" parent="active_entities" instance=ExtResource( 8 )]
transform = Transform( 1, 0, 0, 0, 1, 0, 0, 0, 1, 32.9803, 0.644597, -5.54764 )

[node name="gem_pickup25" parent="active_entities" instance=ExtResource( 8 )]
transform = Transform( 1, 0, 0, 0, 1, 0, 0, 0, 1, 35.3369, 0.586727, -8.54564 )

[node name="gem_pickup26" parent="active_entities" instance=ExtResource( 8 )]
transform = Transform( 1, 0, 0, 0, 1, 0, 0, 0, 1, 35.2399, 0.637075, -6.26616 )

[node name="gem_pickup27" parent="active_entities" instance=ExtResource( 8 )]
transform = Transform( 1, 0, 0, 0, 1, 0, 0, 0, 1, -1.62757, 0.148749, -41.8405 )

[node name="hover_scooter_pickup" parent="active_entities" instance=ExtResource( 12 )]
transform = Transform( -0.103476, -0.205784, 0.973112, -0.529376, 0.839675, 0.121275, -0.842053, -0.502593, -0.195824, -0.00773174, 0.731086, -34.8924 )
collision_layer = 4
item_id = "hover_scooter"
preview = ExtResource( 10 )
friendly_name = "scooter_097"

[node name="clips" type="Spatial" parent="active_entities"]
transform = Transform( 0.526632, 0, 0.850093, 0, 1, 0, -0.850093, 0, 0.526632, 58.1171, -20.5132, 314.525 )

[node name="rock-clip2" parent="active_entities/clips" instance=ExtResource( 19 )]
transform = Transform( -0.24665, -0.929654, -0.273693, 0.0775732, 0.262573, -0.961789, 0.965995, -0.258457, 0.00735258, -1.33221, -4.78824, -6.3463 )
script = ExtResource( 24 )
distance = 50.0

[node name="rock-clip3" parent="active_entities/clips" instance=ExtResource( 19 )]
transform = Transform( 0.610102, -0.736698, 0.291637, 0.73326, 0.664432, 0.144432, -0.300176, 0.125727, 0.945562, -1.98157, -0.423491, 8.57289 )
script = ExtResource( 24 )
distance = 50.0

[node name="rock-clip13" parent="active_entities/clips" instance=ExtResource( 19 )]
transform = Transform( 0.628595, -0.635966, 0.447678, 0.713464, 0.700663, -0.00643777, -0.309577, 0.323449, 0.894172, 0.507706, 0.112541, 19.0137 )
script = ExtResource( 24 )
distance = 50.0

[node name="rock-clip11" parent="active_entities/clips" instance=ExtResource( 19 )]
transform = Transform( 0.646677, -0.750622, 0.135556, 0.672176, 0.644808, 0.363871, -0.360537, -0.14419, 0.921532, -1.58759, -0.00457191, 3.8365 )
script = ExtResource( 24 )
distance = 50.0

[node name="rock-clip4" parent="active_entities/clips" instance=ExtResource( 19 )]
transform = Transform( 0.532026, -0.690687, 0.489796, 0.79222, 0.610236, 0, -0.298891, 0.388026, 0.871837, 4.6888, -0.723219, 24.7489 )
script = ExtResource( 24 )
distance = 50.0

[node name="rock-clip5" parent="active_entities/clips" instance=ExtResource( 19 )]
transform = Transform( 0.596301, -0.636023, 0.489796, 0.72952, 0.68396, 0, -0.335001, 0.357316, 0.871837, 10.2754, -0.755701, 30.8479 )
script = ExtResource( 24 )
distance = 50.0

[node name="rock-clip6" parent="active_entities/clips" instance=ExtResource( 19 )]
transform = Transform( 0.471264, -0.552696, 0.687342, 0.760938, 0.648825, 0, -0.445965, 0.523024, 0.726335, 17.5791, -1.08735, 39.5273 )
script = ExtResource( 24 )
distance = 50.0

[node name="rock-clip7" parent="active_entities/clips" instance=ExtResource( 19 )]
transform = Transform( 0.121856, -0.699027, 0.704637, 0.985144, 0.171733, 0, -0.121009, 0.694169, 0.709569, 23.3999, -0.979958, 46.274 )
script = ExtResource( 24 )
distance = 50.0

[node name="rock-clip14" parent="active_entities/clips" instance=ExtResource( 19 )]
transform = Transform( 0.0926536, -0.556864, 0.825421, 0.905117, 0.392573, 0.163247, -0.414944, 0.731977, 0.5404, 26.6712, 0.832003, 49.4885 )
script = ExtResource( 24 )
distance = 50.0

[node name="rock-clip8" parent="active_entities/clips" instance=ExtResource( 19 )]
transform = Transform( 0.169281, -0.343196, 0.923884, 0.971126, 0.217974, -0.0969662, -0.168104, 0.913622, 0.370186, 36.6445, 3.34473, 55.782 )
script = ExtResource( 24 )
distance = 50.0

[node name="rock-clip9" parent="active_entities/clips" instance=ExtResource( 19 )]
transform = Transform( 0.999781, 0.00789231, -0.0193796, -0.0208868, 0.432355, -0.901462, 0.00126413, 0.90167, 0.432425, 40.4346, 31.376, 50.8055 )
script = ExtResource( 24 )
distance = 50.0

[node name="rock-clip10" parent="active_entities/clips" instance=ExtResource( 19 )]
transform = Transform( 0.999781, 0.00789222, -0.0193796, -0.0208868, 0.432355, -0.901462, 0.00126413, 0.90167, 0.432425, 41.6631, 39.5489, 47.5324 )
script = ExtResource( 24 )
distance = 50.0

[node name="rock-clip12" parent="active_entities/clips" instance=ExtResource( 19 )]
transform = Transform( 0.999781, 0.00789222, -0.0193798, -0.0208868, 0.432355, -0.901462, 0.00126413, 0.90167, 0.432425, 44.2467, 44.7892, 45.1991 )
script = ExtResource( 24 )
distance = 50.0

[node name="rock-clip15" parent="active_entities/clips" instance=ExtResource( 19 )]
transform = Transform( 0.999781, 0.0207603, 0.00262038, -0.0208868, 0.982535, 0.184908, 0.00126413, -0.184922, 0.982753, 44.1056, 45.0676, 41.3143 )
script = ExtResource( 24 )
distance = 50.0

[node name="laili_points" type="Spatial" parent="active_entities"]
transform = Transform( 0.526632, 0, 0.850093, 0, 1, 0, -0.850093, 0, 0.526632, 58.1171, -20.5132, 314.525 )
script = ExtResource( 14 )
rope_knot = SubResource( 10 )
rope_segment = ExtResource( 21 )
rope_material = SubResource( 11 )

[node name="p1" type="Area" parent="active_entities/laili_points"]
transform = Transform( 0.96856, 0, -0.248783, 0, 1, 0, 0.248783, 0, 0.96856, -1.4633, -4.74575, -6.36058 )
collision_layer = 0
collision_mask = 2
script = ExtResource( 13 )
__meta__ = {
"_edit_group_": true
}

[node name="MeshInstance" type="MeshInstance" parent="active_entities/laili_points/p1"]
mesh = SubResource( 1 )
skeleton = NodePath("../..")
material/0 = SubResource( 9 )

[node name="CollisionShape" type="CollisionShape" parent="active_entities/laili_points/p1"]
shape = SubResource( 2 )

[node name="p11" type="Area" parent="active_entities/laili_points"]
transform = Transform( 0.96856, 0, -0.248783, 0, 1, 0, 0.248783, 0, 0.96856, -1.67995, 0.0921021, 3.81265 )
collision_layer = 0
collision_mask = 2
script = ExtResource( 13 )
__meta__ = {
"_edit_group_": true
}

[node name="MeshInstance" type="MeshInstance" parent="active_entities/laili_points/p11"]
mesh = SubResource( 1 )
skeleton = NodePath("../..")
material/0 = SubResource( 9 )

[node name="CollisionShape" type="CollisionShape" parent="active_entities/laili_points/p11"]
shape = SubResource( 2 )

[node name="p2" type="Area" parent="active_entities/laili_points"]
transform = Transform( 0.858691, 0.150828, 0.489796, -0.173001, 0.984922, 7.33824e-09, -0.482411, -0.0847351, 0.871837, -2.07338, -0.324907, 8.5865 )
collision_layer = 0
collision_mask = 2
script = ExtResource( 13 )
__meta__ = {
"_edit_group_": true
}
checkpoint = true

[node name="MeshInstance" type="MeshInstance" parent="active_entities/laili_points/p2"]
mesh = SubResource( 1 )
skeleton = NodePath("../..")
material/0 = SubResource( 9 )

[node name="CollisionShape" type="CollisionShape" parent="active_entities/laili_points/p2"]
shape = SubResource( 2 )

[node name="p7" type="Area" parent="active_entities/laili_points"]
transform = Transform( 0.858691, 0.150828, 0.489796, -0.173001, 0.984922, 7.33824e-09, -0.482411, -0.0847351, 0.871837, 0.428406, 0.192242, 19.0508 )
collision_layer = 0
collision_mask = 2
script = ExtResource( 13 )
__meta__ = {
"_edit_group_": true
}
checkpoint = true

[node name="MeshInstance" type="MeshInstance" parent="active_entities/laili_points/p7"]
mesh = SubResource( 1 )
skeleton = NodePath("../..")
material/0 = SubResource( 9 )

[node name="CollisionShape" type="CollisionShape" parent="active_entities/laili_points/p7"]
shape = SubResource( 2 )

[node name="p9" type="Area" parent="active_entities/laili_points"]
transform = Transform( 0.871837, 0, 0.489796, 0, 1, 0, -0.489796, 0, 0.871837, 4.60933, -0.639629, 24.7935 )
collision_layer = 0
collision_mask = 2
script = ExtResource( 13 )
__meta__ = {
"_edit_group_": true
}

[node name="MeshInstance" type="MeshInstance" parent="active_entities/laili_points/p9"]
mesh = SubResource( 1 )
skeleton = NodePath("../..")
material/0 = SubResource( 9 )

[node name="CollisionShape" type="CollisionShape" parent="active_entities/laili_points/p9"]
shape = SubResource( 2 )

[node name="p8" type="Area" parent="active_entities/laili_points"]
transform = Transform( 0.871837, 0, 0.489796, 0, 1, 0, -0.489796, 0, 0.871837, 10.1953, -0.657192, 30.8929 )
collision_layer = 0
collision_mask = 2
script = ExtResource( 13 )
__meta__ = {
"_edit_group_": true
}

[node name="MeshInstance" type="MeshInstance" parent="active_entities/laili_points/p8"]
mesh = SubResource( 1 )
skeleton = NodePath("../..")
material/0 = SubResource( 9 )

[node name="CollisionShape" type="CollisionShape" parent="active_entities/laili_points/p8"]
shape = SubResource( 2 )

[node name="p10" type="Area" parent="active_entities/laili_points"]
transform = Transform( 0.726335, 0, 0.687342, 0, 1, 0, -0.687342, 0, 0.726335, 17.4954, -0.995655, 39.5913 )
collision_layer = 0
collision_mask = 2
script = ExtResource( 13 )
__meta__ = {
"_edit_group_": true
}

[node name="MeshInstance" type="MeshInstance" parent="active_entities/laili_points/p10"]
mesh = SubResource( 1 )
skeleton = NodePath("../..")
material/0 = SubResource( 9 )

[node name="CollisionShape" type="CollisionShape" parent="active_entities/laili_points/p10"]
shape = SubResource( 2 )

[node name="p3" type="Area" parent="active_entities/laili_points"]
transform = Transform( 0.709569, 0, 0.704637, 0, 1, 0, -0.704637, 0, 0.709569, 23.3253, -0.952223, 46.348 )
collision_layer = 0
collision_mask = 2
script = ExtResource( 13 )
__meta__ = {
"_edit_group_": true
}
checkpoint = true
extra_stamina = 7

[node name="MeshInstance" type="MeshInstance" parent="active_entities/laili_points/p3"]
mesh = SubResource( 1 )
skeleton = NodePath("../..")
material/0 = SubResource( 9 )

[node name="CollisionShape" type="CollisionShape" parent="active_entities/laili_points/p3"]
shape = SubResource( 2 )

[node name="p13" type="Area" parent="active_entities/laili_points"]
transform = Transform( 0.709569, 0, 0.704637, 0, 1, 0, -0.704637, 0, 0.709569, 26.5821, 0.866632, 49.5833 )
collision_layer = 0
collision_mask = 2
script = ExtResource( 13 )
__meta__ = {
"_edit_group_": true
}

[node name="MeshInstance" type="MeshInstance" parent="active_entities/laili_points/p13"]
mesh = SubResource( 1 )
skeleton = NodePath("../..")
material/0 = SubResource( 9 )

[node name="CollisionShape" type="CollisionShape" parent="active_entities/laili_points/p13"]
shape = SubResource( 2 )

[node name="p4" type="Area" parent="active_entities/laili_points"]
transform = Transform( 0.709569, 0, 0.704637, 0, 1, 0, -0.704637, 0, 0.709569, 36.6051, 3.37469, 55.9049 )
collision_layer = 0
collision_mask = 2
script = ExtResource( 13 )
__meta__ = {
"_edit_group_": true
}

[node name="MeshInstance" type="MeshInstance" parent="active_entities/laili_points/p4"]
mesh = SubResource( 1 )
skeleton = NodePath("../..")
material/0 = SubResource( 9 )

[node name="CollisionShape" type="CollisionShape" parent="active_entities/laili_points/p4"]
shape = SubResource( 2 )

[node name="p5" type="Area" parent="active_entities/laili_points"]
transform = Transform( 0.366908, 0.930076, -0.0183865, -0.498454, 0.179872, -0.848051, -0.785444, 0.320321, 0.529597, 40.4515, 31.4503, 50.9251 )
collision_layer = 0
collision_mask = 2
script = ExtResource( 13 )
__meta__ = {
"_edit_group_": true
}
extra_stamina = 2

[node name="MeshInstance" type="MeshInstance" parent="active_entities/laili_points/p5"]
mesh = SubResource( 1 )
skeleton = NodePath("../..")
material/0 = SubResource( 9 )

[node name="CollisionShape" type="CollisionShape" parent="active_entities/laili_points/p5"]
shape = SubResource( 2 )

[node name="p6" type="Area" parent="active_entities/laili_points"]
transform = Transform( 0.366908, 0.930076, -0.0183865, -0.498454, 0.179872, -0.848051, -0.785444, 0.320321, 0.529597, 41.68, 39.6232, 47.652 )
collision_layer = 0
collision_mask = 2
script = ExtResource( 13 )
__meta__ = {
"_edit_group_": true
}

[node name="MeshInstance" type="MeshInstance" parent="active_entities/laili_points/p6"]
mesh = SubResource( 1 )
skeleton = NodePath("../..")
material/0 = SubResource( 9 )

[node name="CollisionShape" type="CollisionShape" parent="active_entities/laili_points/p6"]
shape = SubResource( 2 )

[node name="p12" type="Area" parent="active_entities/laili_points"]
transform = Transform( 0.366908, 0.930076, -0.0183865, -0.498454, 0.179872, -0.848051, -0.785444, 0.320321, 0.529597, 44.2635, 44.8635, 45.3187 )
collision_layer = 0
collision_mask = 2
script = ExtResource( 13 )
__meta__ = {
"_edit_group_": true
}

[node name="MeshInstance" type="MeshInstance" parent="active_entities/laili_points/p12"]
mesh = SubResource( 1 )
skeleton = NodePath("../..")
material/0 = SubResource( 9 )

[node name="CollisionShape" type="CollisionShape" parent="active_entities/laili_points/p12"]
shape = SubResource( 2 )

[node name="p14" type="Area" parent="active_entities/laili_points"]
transform = Transform( 0.366908, 0.930076, -0.0183865, -0.498454, 0.179872, -0.848051, -0.785444, 0.320321, 0.529597, 44.1257, 45.1973, 41.2838 )
collision_layer = 0
collision_mask = 2
script = ExtResource( 13 )
__meta__ = {
"_edit_group_": true
}

[node name="MeshInstance" type="MeshInstance" parent="active_entities/laili_points/p14"]
mesh = SubResource( 1 )
skeleton = NodePath("../..")
material/0 = SubResource( 9 )

[node name="CollisionShape" type="CollisionShape" parent="active_entities/laili_points/p14"]
shape = SubResource( 2 )

[node name="laili_pre_flight" type="Spatial" parent="active_entities"]
transform = Transform( 1, 0, 0, 0, 1, 0, 0, 0, 1, 85.9182, 28.4512, 264.403 )
script = ExtResource( 15 )
listened_stat = "laili/pre_flight"

[node name="bolt_pickup" parent="active_entities/laili_pre_flight" instance=ExtResource( 12 )]
transform = Transform( 1, 0, 0, 0, 0.190234, -0.981739, 0, 0.981739, 0.190234, 17.0676, -3.23334, 26.9948 )
__meta__ = {
"_edit_group_": true
}
item_id = "long_bolt"
preview = ExtResource( 20 )

[node name="npc_laili" parent="active_entities/laili_pre_flight" instance=ExtResource( 17 )]
transform = Transform( -0.3628, 0, 0.931867, 0, 1, 0, -0.931867, 0, -0.3628, 5.59603, -3.41991, 33.3276 )
custom_entry = "laili_flight"
plane = NodePath("../laili_plane_v1")

[node name="laili_plane_v1" parent="active_entities/laili_pre_flight" instance=ExtResource( 16 )]
transform = Transform( 1, 0, 0, 0, 1, 0, 0, 0, 1, 9.78815, -3.31239, 35.879 )

[node name="rock1" parent="." instance=ExtResource( 11 )]
transform = Transform( 0.971912, 2.98023e-08, 0.235344, -0.228636, 0.237067, 0.944206, -0.0557924, -0.971493, 0.230408, 49.1996, -26.2951, 303.589 )
