[gd_scene load_steps=26 format=2]

[ext_resource path="res://areas/chunk_content.gd" type="Script" id=1]
[ext_resource path="res://entities/env/rock2.tscn" type="PackedScene" id=2]
[ext_resource path="res://entities/env/rock1.tscn" type="PackedScene" id=3]
[ext_resource path="res://entities/env/ruin1.tscn" type="PackedScene" id=4]
[ext_resource path="res://entities/env/hut.tscn" type="PackedScene" id=5]
[ext_resource path="res://_glb/chunks/chunk062.glb" type="PackedScene" id=6]
[ext_resource path="res://material/env/bricks.material" type="Material" id=7]
[ext_resource path="res://_glb/mat_basic.material" type="Material" id=8]
[ext_resource path="res://material/env/copper_corroded.material" type="Material" id=9]
[ext_resource path="res://entities/env/pillar.tscn" type="PackedScene" id=10]
[ext_resource path="res://entities/env/ancient/circle_thing.tscn" type="PackedScene" id=11]
[ext_resource path="res://entities/env/palace_roof1.tscn" type="PackedScene" id=12]
[ext_resource path="res://entities/env/palace2.tscn" type="PackedScene" id=13]
[ext_resource path="res://entities/env/master_hut.tscn" type="PackedScene" id=14]
[ext_resource path="res://entities/fountain.tscn" type="PackedScene" id=15]
[ext_resource path="res://entities/env/scrap_pile2.tscn" type="PackedScene" id=16]
[ext_resource path="res://entities/env/scrap2.tscn" type="PackedScene" id=17]
[ext_resource path="res://entities/env/scrap_pile3.tscn" type="PackedScene" id=18]
[ext_resource path="res://entities/env/scrap1.tscn" type="PackedScene" id=19]
[ext_resource path="res://entities/env/palace_extension.tscn" type="PackedScene" id=20]
[ext_resource path="res://entities/env/scrap3.tscn" type="PackedScene" id=21]
[ext_resource path="res://entities/npc.tscn" type="PackedScene" id=22]
[ext_resource path="res://dialog/shops/plateau_shop.dialog" type="Resource" id=23]
[ext_resource path="res://entities/wardrobe.tscn" type="PackedScene" id=24]
[ext_resource path="res://entities/shop_keeper.tscn" type="PackedScene" id=25]

[node name="chunk062" instance=ExtResource( 6 )]
script = ExtResource( 1 )

[node name="wall" parent="." index="0"]
material/0 = ExtResource( 8 )
material/1 = ExtResource( 9 )
material/2 = ExtResource( 7 )

[node name="static_collision" parent="wall" index="0"]
collision_layer = 257

[node name="ruin1" parent="." index="1" instance=ExtResource( 4 )]
transform = Transform( 1, 0, 0, 0, 1, 0, 0, 0, 1, 107, 270, -44 )

[node name="hut" parent="." index="2" instance=ExtResource( 5 )]
transform = Transform( -0.866025, 0, -0.5, 0, 1, 0, 0.5, 0, -0.866025, 148, 287, -65.268 )

[node name="rock2" parent="." index="3" instance=ExtResource( 2 )]
transform = Transform( -0.5, 0, -0.866025, 0, 1, 0, 0.866025, 0, -0.5, 147.5, 279, -61.6699 )

[node name="rock1" parent="." index="4" instance=ExtResource( 3 )]
transform = Transform( -4.37114e-08, 1, 0, -1, -4.37114e-08, 0, 0, 0, 1, 143, 274.344, -80 )

[node name="pillar" parent="." index="5" instance=ExtResource( 10 )]
transform = Transform( 1, 0, 0, 0, 1, 0, 0, 0, 1, 169.383, 380, 161.832 )

[node name="pillar2" parent="." index="6" instance=ExtResource( 10 )]
transform = Transform( 1, 0, 0, 0, 1, 0, 0, 0, 1, 158.952, 379.098, 136.185 )

[node name="circle_thing" parent="." index="7" instance=ExtResource( 11 )]
transform = Transform( 1, 0, 0, 0, 1, 0, 0, 0, 1, 290.565, 407.581, 98.5558 )

[node name="master_hut" parent="." index="8" instance=ExtResource( 14 )]
transform = Transform( 1, 0, 0, 0, 1, 0, 0, 0, 1, 334.27, 413.097, 97.723 )

[node name="palace2" parent="." index="9" instance=ExtResource( 13 )]
transform = Transform( 1, 0, 0, 0, 1, 0, 0, 0, 1, 332.653, 405.69, 98.6012 )

[node name="palace3" parent="." index="10" instance=ExtResource( 13 )]
transform = Transform( 0.120709, 0, -0.992688, 0, 1, 0, 0.992688, 0, 0.120709, 286.346, 399.69, 141.032 )

[node name="fountain" parent="." index="11" instance=ExtResource( 15 )]
transform = Transform( 1, 0, 0, 0, 1, 0, 0, 0, 1, 286.735, 403.927, 142.553 )

[node name="hut2" parent="." index="12" instance=ExtResource( 5 )]
transform = Transform( -0.905909, 0, -0.423472, 0, 1, 0, 0.423472, 0, -0.905909, 316.084, 411.413, 62.8364 )

[node name="hut3" parent="." index="13" instance=ExtResource( 5 )]
transform = Transform( 0.814095, 0, 0.580731, 0, 1, 0, -0.580731, 0, 0.814095, 299.002, 410.601, 49.5886 )

[node name="hut4" parent="." index="14" instance=ExtResource( 5 )]
transform = Transform( 0.396651, 0, 0.917969, 0, 1, 0, -0.917969, 0, 0.396651, 229.454, 394.143, 152.172 )

[node name="hut5" parent="." index="15" instance=ExtResource( 5 )]
transform = Transform( 0.396651, 0, 0.917969, 0, 1, 0, -0.917969, 0, 0.396651, 231.455, 395.325, 135.737 )

[node name="rock3" parent="." index="16" instance=ExtResource( 2 )]
transform = Transform( 1, 0, 0, 0, 0.983249, 0.18227, 0, -0.18227, 0.983249, 231.712, 385.221, 133.628 )

[node name="rock4" parent="." index="17" instance=ExtResource( 2 )]
transform = Transform( -0.309133, -0.173065, -0.935139, 0.173342, 0.956577, -0.234335, 0.935088, -0.23454, -0.26571, 237.812, 389.279, 91.3956 )

[node name="hut6" parent="." index="18" instance=ExtResource( 5 )]
transform = Transform( 0.351335, 0, 0.93625, 0, 1, 0, -0.93625, 0, 0.351335, 240.18, 397.958, 89.8511 )

[node name="palace_roof1" parent="." index="19" instance=ExtResource( 12 )]
transform = Transform( 1, 0, 0, 0, 1, 0, 0, 0, 1, 267.608, 406.998, 57.0933 )

[node name="rock6" parent="." index="20" instance=ExtResource( 3 )]
transform = Transform( 1, 0, 0, 0, 0.285722, 0.958313, 0, -0.958313, 0.285722, 271.892, 403.854, 72.5367 )

[node name="rock8" parent="." index="21" instance=ExtResource( 3 )]
transform = Transform( 1, 0, 0, 0, 0.285722, 0.958313, 0, -0.958313, 0.285722, 261.594, 403.854, 55.2398 )

[node name="rock7" parent="." index="22" instance=ExtResource( 3 )]
transform = Transform( 1, 0, 0, 0, 0.970148, 0.242515, 0, -0.242515, 0.970148, 263.229, 401.972, 67.5912 )

[node name="rock5" parent="." index="23" instance=ExtResource( 3 )]
transform = Transform( 1, 0, 0, 0, -0.0667789, -0.997768, 0, 0.997768, -0.0667789, 256.144, 403.472, 55.6933 )

[node name="hut7" parent="." index="24" instance=ExtResource( 5 )]
transform = Transform( 0.52986, 0, -0.848085, 0, 1, 0, 0.848085, 0, 0.52986, 276.961, 409.624, 43.7154 )

[node name="hut9" parent="." index="25" instance=ExtResource( 5 )]
transform = Transform( -0.731937, 0, -0.681373, 0, 1, 0, 0.681373, 0, -0.731937, 279.495, 408.943, 64.9956 )

[node name="hut8" parent="." index="26" instance=ExtResource( 5 )]
transform = Transform( 0.849847, 0, 0.52703, 0, 1, 0, -0.52703, 0, 0.849847, 256.303, 408.947, 52.0712 )

[node name="scrap_pile2" parent="." index="27" instance=ExtResource( 16 )]
transform = Transform( 0.996513, -0.0545999, 0.0630845, 0.0706358, 0.954521, -0.289656, -0.0444002, 0.293103, 0.955049, 268.833, 408.794, 53.2669 )

[node name="rock9" parent="." index="28" instance=ExtResource( 2 )]
transform = Transform( 1, 0, 0, 0, 1, 0, 0, 0, 1, 289.357, 400.801, 61.1027 )

[node name="rock10" parent="." index="29" instance=ExtResource( 3 )]
transform = Transform( 0.00773657, -0.631414, -0.775408, 0.999925, 0.0122519, 0, 0.00950019, -0.775349, 0.631461, 258.404, 400.165, 71.5521 )

[node name="scrap_pile3" parent="." index="30" instance=ExtResource( 18 )]
transform = Transform( -0.0881989, 0.649399, -0.755316, 0, 0.758271, 0.65194, 0.996103, 0.0575003, -0.0668786, 256.784, 405.982, 72.2628 )

[node name="scrap_pile4" parent="." index="31" instance=ExtResource( 18 )]
transform = Transform( -0.0260078, -0.00183187, 0.99966, -0.0702614, 0.997529, 0, -0.99719, -0.0702375, -0.0260722, 256.129, 404.684, 73.9593 )

[node name="scrap_pile5" parent="." index="32" instance=ExtResource( 18 )]
transform = Transform( -0.0881989, 0.106023, -0.990444, 0, 0.994319, 0.106438, 0.996103, 0.00938768, -0.0876978, 254.096, 403.109, 75.5505 )

[node name="scrap_pile6" parent="." index="33" instance=ExtResource( 18 )]
transform = Transform( -0.0881989, 0, -0.996103, 0, 1, 0, 0.996103, 0, -0.0881989, 250.885, 399.122, 79.0057 )

[node name="scrap_pile7" parent="." index="34" instance=ExtResource( 18 )]
transform = Transform( 0.263456, -0.670537, 0.693521, -0.282374, 0.633826, 0.72009, -0.922418, -0.385544, -0.0223566, 252.895, 401.472, 77.0935 )

[node name="scrap2" parent="." index="35" instance=ExtResource( 17 )]
transform = Transform( 0.553929, 0, 0.832564, 0.611932, 0.67807, -0.407137, -0.564536, 0.734997, 0.375603, 255.278, 404.496, 75.1489 )

[node name="scrap1" parent="." index="36" instance=ExtResource( 19 )]
transform = Transform( 1, 0, 0, 0, 1, 0, 0, 0, 1, 260.898, 405.672, 74.9312 )

[node name="scrap3" parent="." index="37" instance=ExtResource( 19 )]
transform = Transform( -0.852266, 0, -0.523109, -0.0592811, 0.993558, 0.0965827, 0.519739, 0.113325, -0.846776, 260.641, 404.628, 79.5462 )

[node name="scrap4" parent="." index="38" instance=ExtResource( 19 )]
transform = Transform( -0.829788, 0, 0.558078, 0, 1, 0, -0.558078, 0, -0.829788, 261.597, 403.431, 83.3623 )

[node name="scrap5" parent="." index="39" instance=ExtResource( 19 )]
transform = Transform( 0.879956, 0, -0.475056, 0, 1, 0, 0.475056, 0, 0.879956, 263.102, 402.497, 85.8559 )

[node name="scrap6" parent="." index="40" instance=ExtResource( 19 )]
transform = Transform( 0.879956, 0, -0.475056, 0, 1, 0, 0.475056, 0, 0.879956, 266.663, 401.518, 87.9339 )

[node name="scrap7" parent="." index="41" instance=ExtResource( 19 )]
transform = Transform( 0.879956, 0, -0.475056, 0, 1, 0, 0.475056, 0, 0.879956, 271.006, 400.545, 89.1492 )

[node name="scrap8" parent="." index="42" instance=ExtResource( 19 )]
transform = Transform( 0.722473, 6.04441e-08, 0.6914, 0, -1, 8.74228e-08, 0.6914, -6.31606e-08, -0.722473, 261.031, 401.337, 74.6743 )

[node name="scrap9" parent="." index="43" instance=ExtResource( 19 )]
transform = Transform( -0.943188, -2.90471e-08, -0.33226, 0, -1, 8.74228e-08, -0.33226, 8.24561e-08, 0.943188, 260.503, 400.359, 79.5556 )

[node name="palace_extension" parent="." index="44" instance=ExtResource( 20 )]
transform = Transform( -0.215695, -0.0983645, 0.971494, -0.0213201, 0.99515, 0.0960262, -0.976228, 0, -0.216746, 288.043, 402.643, 141.81 )

[node name="hut10" parent="." index="45" instance=ExtResource( 5 )]
transform = Transform( -0.558273, -0.0469428, -0.828329, -0.0495299, 0.998503, -0.023205, 0.828178, 0.0280723, -0.559762, 313.354, 418.226, 144.782 )

[node name="hut11" parent="." index="46" instance=ExtResource( 5 )]
transform = Transform( -0.912157, -0.0679668, -0.404166, -0.0618971, 0.997687, -0.028082, 0.40514, -0.000598524, -0.914254, 307.162, 417.942, 160.095 )

[node name="hut12" parent="." index="47" instance=ExtResource( 5 )]
transform = Transform( -0.979801, -0.0154807, 0.199375, -0.013153, 0.999829, 0.0129945, -0.199542, 0.0101096, -0.979837, 293.333, 416.478, 168.973 )

[node name="hut13" parent="." index="48" instance=ExtResource( 5 )]
transform = Transform( -0.656404, -0.0154807, 0.75425, -0.00253531, 0.999829, 0.0183147, -0.754405, 0.0101096, -0.656331, 278.159, 414.75, 168.234 )

[node name="hut14" parent="." index="49" instance=ExtResource( 5 )]
transform = Transform( -0.193906, -0.0154807, 0.980898, 0.00691685, 0.999829, 0.0171468, -0.980996, 0.0101096, -0.193766, 264.47, 413.607, 156.408 )

[node name="scrap10" parent="." index="50" instance=ExtResource( 21 )]
transform = Transform( 0.0718458, -0.176245, -0.981721, 0.531848, 0.83943, -0.111778, 0.843786, -0.514096, 0.154045, 262.55, 405.877, 136.317 )

[node name="scrap11" parent="." index="51" instance=ExtResource( 19 )]
transform = Transform( 0.988008, -0.1544, -1.07121e-08, 0.130451, 0.834757, 0.534942, -0.0825951, -0.528527, 0.844889, 264.899, 402.293, 133.365 )

[node name="scrap12" parent="." index="52" instance=ExtResource( 17 )]
transform = Transform( 0.140211, 0.219393, -0.965509, -0.842622, 0.538506, 0, 0.519932, 0.813559, 0.26037, 264.09, 404.419, 143.071 )

[node name="scrap13" parent="." index="53" instance=ExtResource( 17 )]
transform = Transform( 0.197573, 0.303855, 0.932007, -0.910088, -0.296454, 0.289577, 0.364286, -0.905421, 0.217964, 261.2, 404.196, 143.489 )

[node name="scrap_pile8" parent="." index="54" instance=ExtResource( 18 )]
transform = Transform( -0.456896, -0.264699, -0.849223, 0, 0.954699, -0.297575, 0.88952, -0.135961, -0.436198, 260.86, 401.71, 132.845 )

[node name="scrap14" parent="." index="55" instance=ExtResource( 17 )]
transform = Transform( 0.0608088, 0.997721, 0.0292444, -0.899144, 0.0674755, -0.43242, -0.433407, -3.72529e-09, 0.901198, 247.732, 401.213, 86.8709 )

[node name="scrap15" parent="." index="56" instance=ExtResource( 17 )]
transform = Transform( 0.226659, 0.49288, 0.840056, -0.899144, -0.22565, 0.374996, 0.374387, -0.840328, 0.392025, 248.914, 401.213, 91.7046 )

[node name="wardrobe" parent="." index="57" instance=ExtResource( 24 )]
transform = Transform( 0.987184, 0, 0.159588, 0, 1, 0, -0.159588, 0, 0.987184, 243.419, 402.986, 89.4766 )

[node name="npc" parent="." index="58" instance=ExtResource( 22 )]
transform = Transform( 1, 0, 0, 0, 1, 0, 0, 0, 1, 257.378, 409.947, 50.5032 )

[node name="npc2" parent="." index="59" instance=ExtResource( 22 )]
transform = Transform( -0.360713, 0, -0.932677, 0, 1, 0, 0.932677, 0, -0.360713, 259.628, 409.947, 52.7024 )

[node name="npc3" parent="." index="60" instance=ExtResource( 22 )]
transform = Transform( -0.360713, 0, -0.932677, 0, 1, 0, 0.932677, 0, -0.360713, 277.756, 409.534, 51.7236 )

[node name="npc4" parent="." index="61" instance=ExtResource( 22 )]
transform = Transform( -0.360713, 0, -0.932677, 0, 1, 0, 0.932677, 0, -0.360713, 158.83, 396.442, 136.536 )

[node name="npc5" parent="." index="62" instance=ExtResource( 22 )]
transform = Transform( -0.360713, 0, -0.932677, 0, 1, 0, 0.932677, 0, -0.360713, 232.115, 398.264, 153.738 )

[node name="npc6" parent="." index="63" instance=ExtResource( 22 )]
transform = Transform( 0.947003, 0, -0.321225, 0, 1, 0, 0.321225, 0, 0.947003, 286.794, 405.469, 129.284 )

[node name="npc7" parent="." index="64" instance=ExtResource( 22 )]
transform = Transform( -0.700673, 0, 0.713483, 0, 1, 0, -0.713483, 0, -0.700673, 281.735, 403.896, 111.723 )

[node name="npc8" parent="." index="65" instance=ExtResource( 22 )]
transform = Transform( -0.700673, 0, 0.713483, 0, 1, 0, -0.713483, 0, -0.700673, 280.099, 403.593, 110.097 )

[node name="npc9" parent="." index="66" instance=ExtResource( 22 )]
transform = Transform( 0.255547, 0, 0.966797, 0, 1, 0, -0.966797, 0, 0.255547, 270.65, 402.629, 88.8512 )

[node name="npc10" parent="." index="67" instance=ExtResource( 22 )]
transform = Transform( 0.255547, 0, 0.966797, 0, 1, 0, -0.966797, 0, 0.255547, 318.759, 421.821, 105.584 )

[node name="npc11" parent="." index="68" instance=ExtResource( 22 )]
transform = Transform( 0.525917, 0, 0.850536, 0, 1, 0, -0.850536, 0, 0.525917, 329.568, 413.013, 94.5611 )

[node name="npc12" parent="." index="69" instance=ExtResource( 22 )]
transform = Transform( 0.813608, 0, -0.581413, 0, 1, 0, 0.581413, 0, 0.813608, 315.718, 412.401, 60.2513 )

[node name="npc13" parent="." index="70" instance=ExtResource( 22 )]
transform = Transform( 0.406242, 0, 0.913765, 0, 1, 0, -0.913765, 0, 0.406242, 313.094, 415.513, 62.597 )

[node name="npc14" parent="." index="71" instance=ExtResource( 22 )]
transform = Transform( -0.934441, 0, -0.356118, 0, 1, 0, 0.356118, 0, -0.934441, 300.561, 414.681, 51.4277 )

[node name="npc15" parent="." index="72" instance=ExtResource( 22 )]
transform = Transform( 0.0996327, 0, 0.995024, 0, 1, 0, -0.995024, 0, 0.0996327, 276.081, 409.936, 66.4143 )

[node name="npc16" parent="." index="73" instance=ExtResource( 22 )]
transform = Transform( 0.0996327, 0, 0.995024, 0, 1, 0, -0.995024, 0, 0.0996327, 273.227, 402.515, 95.5256 )

[node name="npc17" parent="." index="74" instance=ExtResource( 22 )]
transform = Transform( 0.0996327, 0, 0.995024, 0, 1, 0, -0.995024, 0, 0.0996327, 285.98, 404.844, 154.12 )

[node name="npc18" parent="." index="75" instance=ExtResource( 22 )]
transform = Transform( -0.403066, 0, -0.915171, 0, 1, 0, 0.915171, 0, -0.403066, 287.774, 404.88, 154.991 )

[node name="npc19" parent="." index="76" instance=ExtResource( 22 )]
transform = Transform( 0.543204, 0, -0.839601, 0, 1, 0, 0.839601, 0, 0.543204, 296.82, 416.846, 157.774 )

[node name="npc20" parent="." index="77" instance=ExtResource( 22 )]
transform = Transform( -0.7186, 0, -0.695424, 0, 1, 0, 0.695424, 0, -0.7186, 296.938, 416.846, 159.164 )

[node name="npc21" parent="." index="78" instance=ExtResource( 22 )]
transform = Transform( 0.588759, 0, -0.808309, 0, 1, 0, 0.808309, 0, 0.588759, 307.642, 418.967, 158.297 )

[node name="npc22" parent="." index="79" instance=ExtResource( 22 )]
transform = Transform( -0.81088, 0, -0.585212, 0, 1, 0, 0.585212, 0, -0.81088, 307.787, 418.974, 160.219 )

[node name="npc23" parent="." index="80" instance=ExtResource( 22 )]
transform = Transform( 0.321489, 0, 0.946913, 0, 1, 0, -0.946913, 0, 0.321489, 312.783, 422.296, 144.792 )

[node name="npc24" parent="." index="81" instance=ExtResource( 22 )]
transform = Transform( 0.830732, 0, -0.556673, 0, 1, 0, 0.556673, 0, 0.830732, 280.719, 418.9, 165.89 )

[node name="npc25" parent="." index="82" instance=ExtResource( 22 )]
transform = Transform( 0.0859036, 0, -0.996303, 0, 1, 0, 0.996303, 0, 0.0859036, 268.152, 414.639, 157.181 )

[node name="npc26" parent="." index="83" instance=ExtResource( 22 )]
transform = Transform( -0.613845, 0, -0.789427, 0, 1, 0, 0.789427, 0, -0.613845, 272.289, 415.863, 150.237 )

[node name="npc27" parent="." index="84" instance=ExtResource( 22 )]
transform = Transform( -0.613845, 0, -0.789427, 0, 1, 0, 0.789427, 0, -0.613845, 272.595, 401.471, 164.865 )

[node name="npc28" parent="." index="85" instance=ExtResource( 22 )]
transform = Transform( -0.907785, 0, 0.419436, 0, 1, 0, -0.419436, 0, -0.907785, 270.805, 401.151, 165.368 )

[node name="npc29" parent="." index="86" instance=ExtResource( 22 )]
transform = Transform( -0.907169, 0, -0.420766, 0, 1, 0, 0.420766, 0, -0.907169, 272.169, 401.375, 165.844 )

[node name="shop_keeper" parent="." index="88" instance=ExtResource( 25 )]
transform = Transform( 1, 0, 0, 0, 1, 0, 0, 0, 1, 241.115, 398.958, 87.3965 )
dialog_sequence = ExtResource( 23 )
inventory = "res://entities/shop_stock/village_stock.json"
