[gd_scene load_steps=34 format=2]

[ext_resource path="res://areas/chunk_content.gd" type="Script" id=1]
[ext_resource path="res://entities/env/stone/hut.tscn" type="PackedScene" id=2]
[ext_resource path="res://entities/env/copper/light_hang1.tscn" type="PackedScene" id=3]
[ext_resource path="res://entities/env/copper/scrap3.tscn" type="PackedScene" id=4]
[ext_resource path="res://entities/env/copper/scrap1.tscn" type="PackedScene" id=5]
[ext_resource path="res://entities/env/stone/fountain.tscn" type="PackedScene" id=6]
[ext_resource path="res://entities/env/stone/rock1.tscn" type="PackedScene" id=7]
[ext_resource path="res://entities/env/stone/garden.tscn" type="PackedScene" id=8]
[ext_resource path="res://entities/env/plants/cactus_round.tscn" type="PackedScene" id=9]
[ext_resource path="res://entities/env/plants/cactus_round_flower.tscn" type="PackedScene" id=10]
[ext_resource path="res://entities/env/stone/garden_melon.tscn" type="PackedScene" id=11]
[ext_resource path="res://entities/env/stone/pillar.tscn" type="PackedScene" id=12]
[ext_resource path="res://entities/env/copper/mine_shack_small.tscn" type="PackedScene" id=13]
[ext_resource path="res://entities/env/copper/pail.tscn" type="PackedScene" id=14]
[ext_resource path="res://entities/env/copper/scrap2.tscn" type="PackedScene" id=15]
[ext_resource path="res://entities/env/copper/scrap4.tscn" type="PackedScene" id=16]
[ext_resource path="res://entities/npc/npc.tscn" type="PackedScene" id=17]
[ext_resource path="res://entities/env/furniture/bed_native.tscn" type="PackedScene" id=18]
[ext_resource path="res://entities/env/furniture/shelf.tscn" type="PackedScene" id=19]
[ext_resource path="res://entities/env/furniture/incense.tscn" type="PackedScene" id=20]
[ext_resource path="res://entities/env/furniture/carpet.tscn" type="PackedScene" id=21]
[ext_resource path="res://entities/env/furniture/sofa.tscn" type="PackedScene" id=22]
[ext_resource path="res://entities/env/furniture/stump_table.tscn" type="PackedScene" id=23]
[ext_resource path="res://entities/env/furniture/sitting_pillow.tscn" type="PackedScene" id=24]
[ext_resource path="res://entities/wardrobe.tscn" type="PackedScene" id=25]
[ext_resource path="res://entities/env/stone/water_pot.tscn" type="PackedScene" id=26]
[ext_resource path="res://entities/env/furniture/bottle1.tscn" type="PackedScene" id=27]
[ext_resource path="res://entities/env/furniture/bottle2.tscn" type="PackedScene" id=28]
[ext_resource path="res://entities/env/furniture/glass1.tscn" type="PackedScene" id=29]
[ext_resource path="res://items/bug_pickup.tscn" type="PackedScene" id=30]
[ext_resource path="res://items/gem_pickup.tscn" type="PackedScene" id=31]
[ext_resource path="res://items/coat_pickup.tscn" type="PackedScene" id=32]
[ext_resource path="res://entities/env/electrical/wind_generator.tscn" type="PackedScene" id=33]

[node name="chunk115" type="Spatial"]
script = ExtResource( 1 )
lighting_preview = true

[node name="pickups" type="MultiMeshSystem" parent="."]
transform = Transform( 1, 0, 0, 0, 1, 0, 0, 0, 1, 0, 100, 0 )

[node name="gem_pickup8" parent="pickups" instance=ExtResource( 31 )]
transform = Transform( 0.940612, 0, 0.339483, 0, 1, 0, -0.339483, 0, 0.940612, 23.415, 3.66797, -8.13745 )

[node name="gem_pickup10" parent="pickups" instance=ExtResource( 31 )]
transform = Transform( 0.984741, 0, 0.174026, 0, 1, 0, -0.174026, 0, 0.984741, 27.7501, 13.1458, -24.7786 )

[node name="gem_pickup9" parent="pickups" instance=ExtResource( 31 )]
transform = Transform( 0.940612, 0, 0.339483, 0, 1, 0, -0.339483, 0, 0.940612, 23.3073, 3.70979, -7.61775 )

[node name="bug_pickup" parent="pickups" instance=ExtResource( 30 )]
transform = Transform( 1, 0, 0, 0, 1, 0, 0, 0, 1, 25.6962, 5.92639, -12.6922 )

[node name="bug_pickup2" parent="pickups" instance=ExtResource( 30 )]
transform = Transform( 1, 0, 0, 0, 1, 0, 0, 0, 1, 24.8042, 14.3919, -12.3213 )

[node name="bug_pickup3" parent="pickups" instance=ExtResource( 30 )]
transform = Transform( -0.500854, 0, -0.865532, 0, 1, 0, 0.865532, 0, -0.500854, 26.4227, 12.0029, -34.4577 )

[node name="bug_pickup4" parent="pickups" instance=ExtResource( 30 )]
transform = Transform( 1, 0, 0, 0, 1, 0, 0, 0, 1, 63.5968, 13.0473, -14.101 )

[node name="bug_pickup5" parent="pickups" instance=ExtResource( 30 )]
transform = Transform( -0.787356, 0, -0.616499, 0, 1, 0, 0.616499, 0, -0.787356, 62.4394, 6.38663, -9.80235 )

[node name="bug_pickup6" parent="pickups" instance=ExtResource( 30 )]
transform = Transform( 0.118545, 0, 0.992949, 0, 1, 0, -0.992949, 0, 0.118545, 64.7743, 1.95902, -2.66968 )

[node name="bug_pickup7" parent="pickups" instance=ExtResource( 30 )]
transform = Transform( 1, 0, 0, 0, 1, 0, 0, 0, 1, 27.246, -8.7032, 25.0655 )

[node name="gem_pickup" parent="pickups" instance=ExtResource( 31 )]
transform = Transform( 1, 0, 0, 0, 1, 0, 0, 0, 1, 1.22195, -7.74174, 25.5104 )

[node name="gem_pickup2" parent="pickups" instance=ExtResource( 31 )]
transform = Transform( 1, 0, 0, 0, 1, 0, 0, 0, 1, 2.08403, -6.66512, 24.3904 )

[node name="gem_pickup3" parent="pickups" instance=ExtResource( 31 )]
transform = Transform( 1, 0, 0, 0, 1, 0, 0, 0, 1, 2.22168, -7.20119, 25.1475 )

[node name="gem_pickup4" parent="pickups" instance=ExtResource( 31 )]
transform = Transform( 1, 0, 0, 0, 1, 0, 0, 0, 1, 68.1177, 17.0563, -16.5064 )

[node name="gem_pickup5" parent="pickups" instance=ExtResource( 31 )]
transform = Transform( 1, 0, 0, 0, 1, 0, 0, 0, 1, 60.6406, 22.0035, -15.2274 )

[node name="bug_pickup8" parent="pickups" instance=ExtResource( 30 )]
transform = Transform( 1, 0, 0, 0, 1, 0, 0, 0, 1, 57.5935, 14.2332, -16.1003 )

[node name="gem_pickup6" parent="pickups" instance=ExtResource( 31 )]
transform = Transform( 1, 0, 0, 0, 1, 0, 0, 0, 1, 61.9217, 10.962, -14.942 )

[node name="gem_pickup7" parent="pickups" instance=ExtResource( 31 )]
transform = Transform( 1, 0, 0, 0, 1, 0, 0, 0, 1, 62.2869, 10.962, -15.2985 )

[node name="coat_pickup" parent="pickups" instance=ExtResource( 32 )]
transform = Transform( 0.813766, 0, -0.581192, 0, 1, 0, 0.581192, 0, 0.813766, 67.4422, 3.25551, -7.7031 )
min_rarity = 1
max_rarity = 2

[node name="BakedLightmap" type="BakedLightmap" parent="."]
transform = Transform( 0.975412, 0, -0.220387, 0, 1, 0, 0.220387, 0, 0.975413, 45.8569, 114.81, -16.7416 )
extents = Vector3( 45.902, 21.221, 28.5498 )

[node name="hut" parent="." instance=ExtResource( 2 )]
transform = Transform( 0.940612, 0, 0.339483, 0, 1, 0, -0.339483, 0, 0.940612, 22.121, 99.4044, -10.0095 )

[node name="bed_native" parent="hut" instance=ExtResource( 18 )]
transform = Transform( 1, 0, 0, 0, 1, 0, 0, 0, 1, -2.75671, 0.959999, 0.0952973 )

[node name="glass1" parent="hut" instance=ExtResource( 29 )]
transform = Transform( 0.278445, 0.924473, -0.260422, -0.924472, 0.184454, -0.333658, -0.260422, 0.333658, 0.90601, -3.42316, 1.0264, 1.4408 )

[node name="bottle2" parent="hut" instance=ExtResource( 28 )]
transform = Transform( 1, 0, 0, 0, 1, 0, 0, 0, 1, -3.44536, 0.959999, -1.02643 )

[node name="bottle3" parent="hut" instance=ExtResource( 28 )]
transform = Transform( 1, 0, 0, 0, 1, 0, 0, 0, 1, -3.27429, 0.959999, -1.13309 )

[node name="bottle4" parent="hut" instance=ExtResource( 28 )]
transform = Transform( -0.127369, 0.904555, -0.406887, -0.904555, -0.274222, -0.326469, -0.406887, 0.326469, 0.853148, -3.43041, 1.04984, -1.31561 )

[node name="sitting_pillow" parent="hut" instance=ExtResource( 24 )]
transform = Transform( 1, 0, 0, 0, 1, 0, 0, 0, 1, 0.499186, 4.10541, 2.39881 )

[node name="sofa" parent="hut" instance=ExtResource( 22 )]
transform = Transform( 0.483112, 0, -0.875559, 0, 1, 0, 0.875559, 0, 0.483112, -3.37193, 4.12067, 1.67257 )

[node name="hut2" parent="." instance=ExtResource( 2 )]
transform = Transform( 0.984741, 0, 0.174026, 0, 1, 0, -0.174026, 0, 0.984741, 28.1865, 109.021, -27.9482 )

[node name="npc4" parent="hut2" instance=ExtResource( 17 )]
transform = Transform( 0.459924, 0, 0.887959, 0, 1, 0, -0.887959, 0, 0.459924, -2.07381, 0.959999, 0.870827 )

[node name="npc5" parent="hut2" instance=ExtResource( 17 )]
transform = Transform( -0.940347, 0, -0.340217, 0, 1, 0, 0.340217, 0, -0.940347, -1.17747, 0.959999, 2.24395 )

[node name="water_pot" parent="hut2" instance=ExtResource( 26 )]
transform = Transform( 1, 0, -1.49012e-08, 0, 1, 0, 1.49012e-08, 0, 1, 2.88236, 0.959999, -0.735153 )

[node name="bottle1" parent="hut2" instance=ExtResource( 27 )]
transform = Transform( 0.849142, 0, 0.528164, 0, 1, 0, -0.528164, 0, 0.849142, 3.82024, 0.959999, -0.936367 )

[node name="bottle2" parent="hut2" instance=ExtResource( 28 )]
transform = Transform( 1, 0, -2.98023e-08, 0, 1, 0, 2.98023e-08, 0, 1, 3.52823, 0.959999, -1.06868 )

[node name="bottle3" parent="hut2" instance=ExtResource( 27 )]
transform = Transform( 0.849142, 0, 0.528164, 0, 1, 0, -0.528164, 0, 0.849142, 3.61398, 0.959999, -0.688854 )

[node name="carpet" parent="hut2" instance=ExtResource( 21 )]
transform = Transform( 0.786979, 0, 0.61698, 0, 1, 0, -0.61698, 0, 0.786979, 0.15757, 0.959999, -0.273411 )

[node name="sofa" parent="hut2" instance=ExtResource( 22 )]
transform = Transform( 0.662457, 0, 0.7491, 0, 1, 0, -0.7491, 0, 0.662457, 1.72384, 4.09224, 2.15329 )

[node name="sitting_pillow" parent="hut2" instance=ExtResource( 24 )]
transform = Transform( 1, 0, -1.49012e-08, 0, 1, 0, 1.49012e-08, 0, 1, -0.201237, 4.11408, 2.80498 )

[node name="sitting_pillow2" parent="hut2" instance=ExtResource( 24 )]
transform = Transform( -0.964245, 0, 0.265011, 0, 1, 0, -0.265011, 0, -0.964245, 2.52364, 4.07961, 0.179787 )

[node name="incense" parent="hut2" instance=ExtResource( 20 )]
transform = Transform( 1, 0, -1.49012e-08, 0, 1, 0, 1.49012e-08, 0, 1, 0.819565, 4.10471, 3.21625 )

[node name="mine_shack_small" parent="." instance=ExtResource( 13 )]
transform = Transform( -0.0873182, 0, -0.99618, 0, 1, 0, 0.99618, 0, -0.0873182, 64.4082, 103.243, -6.56685 )

[node name="mine_shack_small2" parent="mine_shack_small" instance=ExtResource( 13 )]
transform = Transform( -1, 0, -8.9407e-08, 0, 1, 0, 8.9407e-08, 0, -1, 5.34211, 0, 3.8147e-06 )

[node name="npc" parent="mine_shack_small/mine_shack_small2" instance=ExtResource( 17 )]
transform = Transform( 0.0873182, 0, -0.996181, 0, 1, 0, 0.996181, 0, 0.0873182, 1.43652, 0.151901, -0.874382 )
sitting = true

[node name="bed_native" parent="mine_shack_small/mine_shack_small2" instance=ExtResource( 18 )]
transform = Transform( 0.00718226, 0, 0.999975, 0, 1, 0, -0.999975, 0, 0.00718226, 0.731692, 0.0336533, 2.14422 )

[node name="sitting_pillow" parent="mine_shack_small/mine_shack_small2" instance=ExtResource( 24 )]
transform = Transform( 0.128331, 0, -0.991731, 0, 1, 0, 0.991731, 0, 0.128331, 1.34951, 0.0409698, -0.879253 )

[node name="scrap3" parent="mine_shack_small" instance=ExtResource( 15 )]
transform = Transform( 0.344493, 0.0817614, 0.935222, 0.888186, -0.351036, -0.296478, 0.304056, 0.932785, -0.193549, 3.23394, -5.02759, 2.01407 )

[node name="scrap4" parent="mine_shack_small" instance=ExtResource( 15 )]
transform = Transform( 0.518145, -0.539896, -0.663354, 0.848141, 0.22425, 0.479968, -0.110376, -0.81131, 0.574102, 4.59706, -4.71288, -2.20861 )

[node name="scrap1" parent="mine_shack_small" instance=ExtResource( 5 )]
transform = Transform( 1, 0, 0, 0, 1, 0, 0, 0, 1, -0.585911, -2.2654, 0.227661 )

[node name="scrap2" parent="mine_shack_small" instance=ExtResource( 5 )]
transform = Transform( -0.664661, 0, -0.747145, 0, 1, 0, 0.747145, 0, -0.664661, 5.36821, -2.36828, 2.92339 )

[node name="scrap7" parent="mine_shack_small" instance=ExtResource( 5 )]
transform = Transform( 0.0216889, 0, 0.999765, 0, 1, 0, -0.999765, 0, 0.0216889, 3.0486, -3.222, 6.04323 )

[node name="scrap8" parent="mine_shack_small" instance=ExtResource( 5 )]
transform = Transform( 0.985042, 0, -0.172316, 0, 1, 0, 0.172316, 0, 0.985042, 0.357162, -4.09435, 7.83614 )

[node name="scrap5" parent="mine_shack_small" instance=ExtResource( 5 )]
transform = Transform( 1, 0, 0, 0, 1, 0, 0, 0, 1, 0.219227, -2.24573, -4.46046 )

[node name="scrap6" parent="mine_shack_small" instance=ExtResource( 5 )]
transform = Transform( 1, 0, 0, 0, 1, 0, 0, 0, 1, -1.96425, -3.12572, -8.09068 )

[node name="sitting_pillow" parent="mine_shack_small" instance=ExtResource( 24 )]
transform = Transform( 1, 0, 0, 0, 1, 0, 0, 0, 1, 1.58881, 0.0438385, -0.322571 )

[node name="sofa" parent="mine_shack_small" instance=ExtResource( 22 )]
transform = Transform( 1, 0, 0, 0, 1, 0, 0, 0, 1, 0.192608, 0.00572968, 2.62911 )

[node name="bed_native" parent="mine_shack_small" instance=ExtResource( 18 )]
transform = Transform( 0.956775, 0, -0.290829, 0, 1, 0, 0.290829, 0, 0.956775, -1.3526, 0.0129547, -1.10587 )

[node name="wardrobe" parent="mine_shack_small/bed_native" instance=ExtResource( 25 )]
transform = Transform( -0.756295, 0, -0.654232, 0, 1, 0, 0.654232, 0, -0.756295, 0.109673, 0.980072, 2.37245 )

[node name="light_hang1" parent="mine_shack_small" instance=ExtResource( 3 )]
transform = Transform( 1, 0, 0, 0, 1, 0, 0, 0, 1, 1.15292, 4.55569, -0.872883 )

[node name="light_hang2" parent="mine_shack_small" instance=ExtResource( 3 )]
transform = Transform( 1, 0, 0, 0, 1, 0, 0, 0, 1, 4.47623, 4.50513, -1.16418 )
light_enabled = false

[node name="hut3" parent="." instance=ExtResource( 2 )]
transform = Transform( -0.296404, -1.76951e-08, -0.955063, -2.84985e-07, 0.999999, 2.14204e-08, 0.955063, -3.75556e-07, -0.296404, 60.4117, 110.002, -18.7905 )

[node name="bed_native" parent="hut3" instance=ExtResource( 18 )]
transform = Transform( -0.356387, 3.53435e-07, 0.934339, -8.15509e-08, 1, 2.73906e-07, -0.934339, -1.28216e-07, -0.356386, 0.11087, 4.11109, 2.69991 )

[node name="npc6" parent="hut3" instance=ExtResource( 17 )]
transform = Transform( -0.941686, 3.53435e-07, -0.336493, -2.75574e-07, 1, -7.57239e-08, 0.336492, -1.28216e-07, -0.941686, 0.116714, 4.20947, 2.5005 )
sitting = true

[node name="light_hang1" parent="hut3" instance=ExtResource( 3 )]
transform = Transform( 0.999999, 0, 1.19209e-07, -3.55271e-15, 1, -2.44249e-15, -1.49012e-07, 0, 0.999999, -1.73107, 8.17673, -2.53561 )

[node name="carpet" parent="hut3" instance=ExtResource( 21 )]
transform = Transform( 0.846229, 1.22664e-07, 0.532819, -3.24091e-08, 1, 1.55139e-07, -0.532819, 1.68601e-07, 0.84623, 0.875221, 0.960022, 1.95621 )

[node name="shelf" parent="hut3" instance=ExtResource( 19 )]
transform = Transform( -0.805608, 7.14125e-07, 0.592449, -5.0188e-07, 1, 2.07516e-07, -0.592449, -2.2116e-08, -0.805607, 2.23828, 4.08879, 2.22598 )

[node name="incense" parent="hut3/shelf" instance=ExtResource( 20 )]
transform = Transform( -0.96775, 7.2777e-07, 0.251914, -5.55383e-07, 1, 1.13942e-07, -0.251914, -1.63262e-07, -0.96775, -0.138382, 0.991028, 0.800554 )

[node name="sofa" parent="hut3" instance=ExtResource( 22 )]
transform = Transform( 0.317834, 1.19533e-07, -0.948147, -2.14717e-07, 1, -2.55595e-07, 0.948146, -4.22572e-07, 0.317833, -3.30133, 0.96003, 2.0765 )

[node name="hut4" parent="." instance=ExtResource( 2 )]
transform = Transform( -0.747827, -1.76951e-08, -0.663895, -1.72295e-07, 0.999999, 3.92087e-07, 0.663894, -3.75556e-07, -0.747827, 63.0365, 109.1, -6.71193 )

[node name="bed_native" parent="hut4" instance=ExtResource( 18 )]
transform = Transform( -0.747827, 2.36097e-07, 0.663894, 1.31457e-07, 1, 4.07598e-07, -0.663894, -2.92598e-07, -0.747826, 1.29058, 4.08226, 2.31336 )

[node name="bed_native2" parent="hut4" instance=ExtResource( 18 )]
transform = Transform( -0.956019, 2.36097e-07, -0.293305, -2.79718e-07, 1, 3.24308e-07, 0.293304, -2.92598e-07, -0.956018, 2.73956, 4.08226, -0.146832 )

[node name="stump_table" parent="hut4" instance=ExtResource( 23 )]
transform = Transform( -0.686971, 1.85661e-07, -0.726685, -5.7558e-07, 1, 5.36235e-07, 0.726684, -6.65172e-07, -0.686971, 0.927307, 0.959999, -3.18842 )

[node name="sitting_pillow" parent="hut4" instance=ExtResource( 24 )]
transform = Transform( 1, 0, 0, 2.84217e-14, 1, 0, 0, 2.84217e-14, 1, -2.86102, 0.959999, -2.1809 )

[node name="sitting_pillow3" parent="hut4" instance=ExtResource( 24 )]
transform = Transform( -0.336298, 3.9939e-08, -0.941756, -5.99487e-07, 1, 3.61685e-07, 0.941755, -6.13343e-07, -0.336298, -1.61655, 0.959999, -0.862293 )

[node name="sitting_pillow2" parent="hut4" instance=ExtResource( 24 )]
transform = Transform( -0.336298, 3.9939e-08, -0.941756, -5.99487e-07, 1, 3.61685e-07, 0.941755, -6.13343e-07, -0.336298, -1.10251, 0.959999, -2.37376 )

[node name="scrap3" parent="." instance=ExtResource( 4 )]
transform = Transform( 0.251313, -0.0445768, 0.966879, -0.127966, -0.9917, -0.01246, 0.95941, -0.120596, -0.254931, 57.1281, 108.982, -18.5193 )

[node name="pillar" parent="scrap3" instance=ExtResource( 12 )]
transform = Transform( 0.251312, -0.18752, 0.949567, -0.0445768, -0.982255, -0.182178, 0.966879, 0.00345486, -0.255212, 10.5405, 18.0922, -10.9864 )

[node name="garden_melon" parent="scrap3" instance=ExtResource( 11 )]
transform = Transform( -0.934813, -0.127966, 0.331285, 0.11641, -0.9917, -0.054583, 0.33552, -0.01246, 0.941951, 7.47947, -0.57074, -11.4361 )

[node name="scrap5" parent="scrap3" instance=ExtResource( 5 )]
transform = Transform( 0.251312, -0.127966, 0.95941, -0.0445768, -0.9917, -0.120596, 0.966879, -0.01246, -0.254931, 0.0341854, 2.26642, 1.76788 )

[node name="fountain" parent="." instance=ExtResource( 6 )]
transform = Transform( 1, 0, 0, 0, 1, 0, 0, 0, 1, 26.0676, 85.3702, 24.4643 )

[node name="garden" parent="fountain" instance=ExtResource( 8 )]
transform = Transform( -0.275157, 0.0420302, -0.96048, -0.257366, 0.959361, 0.115711, 0.926311, 0.279033, -0.253157, 6.69478, -2.71859, 8.53616 )

[node name="garden2" parent="fountain" instance=ExtResource( 8 )]
transform = Transform( 0.957611, -0.0354179, 0.285877, 0.127, 0.942666, -0.308628, -0.258556, 0.331852, 0.907206, 0.960012, 5.30408, -15.356 )

[node name="rock1" parent="." instance=ExtResource( 7 )]
transform = Transform( 1, 0, 0, 0, -0.0567918, -0.998386, 0, 0.998386, -0.0567918, 2.93348, 89.6755, 21.0264 )

[node name="cactus_round" parent="rock1" instance=ExtResource( 9 )]
transform = Transform( 1, 0, 0, 0, 0.0863662, 0.996263, 0, -0.996263, 0.0863662, 2.41733, -8.07084, 0.658157 )

[node name="cactus_round2" parent="rock1" instance=ExtResource( 9 )]
transform = Transform( 1, 0, 0, 0, 0.0863662, 0.996263, 0, -0.996263, 0.0863662, 2.92319, -7.37826, 0.770195 )

[node name="cactus_round3" parent="rock1" instance=ExtResource( 9 )]
transform = Transform( 1, 0, 0, 0, 0.0863662, 0.996263, 0, -0.996263, 0.0863662, 2.12989, -7.49618, 0.759972 )

[node name="cactus_round4" parent="rock1" instance=ExtResource( 9 )]
transform = Transform( 1, 0, 0, 0, 0.0863662, 0.996263, 0, -0.996263, 0.0863662, 3.19041, -9.53071, 0.3647 )

[node name="cactus_round_flower" parent="rock1" instance=ExtResource( 10 )]
transform = Transform( 1, 0, 0, 0, -0.0567918, 0.998386, 0, -0.998386, -0.0567918, 1.2582, -8.92668, 0.556252 )

[node name="cactus_round_flower2" parent="rock1" instance=ExtResource( 10 )]
transform = Transform( 1, 0, 0, 0, -0.0567918, 0.998386, 0, -0.998386, -0.0567918, 3.52836, -8.13477, 0.694687 )

[node name="pail" parent="." instance=ExtResource( 14 )]
transform = Transform( 1, 0, 0, 0, 1, 0, 0, 0, 1, 27.2136, 87.038, 27.875 )

[node name="scrap2" parent="." instance=ExtResource( 15 )]
transform = Transform( 0.0836766, -0.996493, 0, 0.954245, 0.080129, -0.288089, 0.287079, 0.0241063, 0.957604, 58.6535, 103.875, -9.78069 )

[node name="scrap4" parent="." instance=ExtResource( 16 )]
transform = Transform( 0.213266, 0, -0.976994, 0, 1, 0, 0.976994, 0, 0.213266, 51.7213, 108.859, -19.0352 )

[node name="scrap5" parent="." instance=ExtResource( 16 )]
transform = Transform( 0.213266, 0.0392349, 0.976206, -8.73522e-08, -0.999193, 0.0401588, 0.976994, -0.00856459, -0.213094, 50.4683, 108.859, -19.0352 )

[node name="scrap6" parent="." instance=ExtResource( 16 )]
transform = Transform( -0.248389, 0.0392349, -0.967865, -0.00145047, -0.999193, -0.0401326, -0.968659, -0.00856466, 0.248246, 49.4227, 108.816, -18.8228 )

[node name="scrap7" parent="." instance=ExtResource( 4 )]
transform = Transform( -0.895803, 0.0250865, -0.443742, 0.0400043, 0.998904, -0.0242865, 0.442647, -0.0395076, -0.895825, 27.3446, 107.814, -21.345 )

[node name="scrap1" parent="." instance=ExtResource( 5 )]
transform = Transform( 1, 0, 0, 0, 1, 0, 0, 0, 1, 21.4888, 96.4486, -8.18771 )

[node name="scrap9" parent="." instance=ExtResource( 15 )]
transform = Transform( 0.0761408, -0.595233, -0.799938, -0.991918, -0.126884, 0, -0.101499, 0.793473, -0.600083, 14.7962, 103.399, -17.5026 )

[node name="scrap8" parent="." instance=ExtResource( 5 )]
transform = Transform( -0.421802, 0, 0.906688, 0, 1, 0, -0.906688, 0, -0.421802, 26.8083, 96.4486, -5.4044 )

[node name="scrap10" parent="." instance=ExtResource( 4 )]
transform = Transform( -0.982047, 0.0500001, 0.18189, 0.051662, 0.998654, 0.00440686, -0.181426, 0.0137239, -0.983309, 57.4223, 108.056, -6.98073 )

[node name="npc2" parent="." instance=ExtResource( 17 )]
transform = Transform( -0.165324, 0, 0.986239, 0, 1, 0, -0.986239, 0, -0.165324, 69.2469, 103.108, -3.99089 )

[node name="npc3" parent="." instance=ExtResource( 17 )]
transform = Transform( 1, 0, 0, 0, 1, 0, 0, 0, 1, 27.7936, 87.0328, 27.3259 )

[node name="wind_generator" parent="." instance=ExtResource( 33 )]
transform = Transform( 0.999118, 0, -0.0419952, 0, 1, 0, 0.0419952, 0, 0.999118, 68.3362, 117.083, -0.383402 )
