[gd_scene load_steps=43 format=2]

[ext_resource path="res://areas/chunk_content.gd" type="Script" id=1]
[ext_resource path="res://entities/npc_shop.tscn" type="PackedScene" id=2]
[ext_resource path="res://entities/enemies/crawly.tscn" type="PackedScene" id=3]
[ext_resource path="res://items/bug_pickup.tscn" type="PackedScene" id=4]
[ext_resource path="res://material/env/bricks.material" type="Material" id=5]
[ext_resource path="res://items/coat_pickup.tscn" type="PackedScene" id=6]
[ext_resource path="res://_glb/chunks/chunk112.glb" type="PackedScene" id=7]
[ext_resource path="res://dialog/intro/gate.dialog" type="Resource" id=8]
[ext_resource path="res://items/capacitor_pickup.tscn" type="PackedScene" id=9]
[ext_resource path="res://entities/env/stone/hut_bath.tscn" type="PackedScene" id=10]
[ext_resource path="res://dialog/shops/village_shop.dialog" type="Resource" id=11]
[ext_resource path="res://entities/env/stone/hut.tscn" type="PackedScene" id=12]
[ext_resource path="res://entities/fountain.tscn" type="PackedScene" id=13]
[ext_resource path="res://entities/env/stone/pillar.tscn" type="PackedScene" id=14]
[ext_resource path="res://entities/env/stone/rock1.tscn" type="PackedScene" id=15]
[ext_resource path="res://items/gem_pickup.tscn" type="PackedScene" id=16]
[ext_resource path="res://entities/env/stone/ruin1.tscn" type="PackedScene" id=17]
[ext_resource path="res://entities/one_time/tutorial_area.gd" type="Script" id=18]
[ext_resource path="res://dialog/intro/tutorial_tyler.dialog" type="Resource" id=19]
[ext_resource path="res://entities/one_time/tutorial_prompt.gd" type="Script" id=20]
[ext_resource path="res://ui/prompts/gamepad0.png" type="Texture" id=21]
[ext_resource path="res://ui/prompts/gamepad1.png" type="Texture" id=23]
[ext_resource path="res://ui/prompts/key_shift.png" type="Texture" id=24]
[ext_resource path="res://ui/prompts/key_space.png" type="Texture" id=25]
[ext_resource path="res://ui/prompts/key_r.png" type="Texture" id=26]
[ext_resource path="res://entities/conditional.gd" type="Script" id=27]
[ext_resource path="res://entities/npc.tscn" type="PackedScene" id=28]
[ext_resource path="res://dialog/intro/fountain.dialog" type="Resource" id=29]
[ext_resource path="res://dialog/intro/tylers_mom.dialog" type="Resource" id=30]
[ext_resource path="res://audio/music/tutorial.ogg" type="AudioStream" id=31]
[ext_resource path="res://entities/one_time/npc_tyler.gd" type="Script" id=32]
[ext_resource path="res://entities/env/furniture/sofa.tscn" type="PackedScene" id=33]
[ext_resource path="res://dialog/intro/bathhouse.dialog" type="Resource" id=34]
[ext_resource path="res://ui/prompts/gamepadLT.png" type="Texture" id=35]

[sub_resource type="ConvexPolygonShape" id=227]
points = PoolVector3Array( -5.46454, -0.111179, -0.6754, -1.88392, -0.947531, -0.6754, -5.46454, -0.111179, 0.477956, -5.46454, 7.95494, -0.6754, 1.88285, -0.947531, -0.6754, -1.88392, -0.947531, 0.478069, -5.46454, 7.95494, 0.477956, -1.88392, 10.2338, -0.6754, 1.88285, -0.947531, 0.478069, 5.46347, -0.111179, -0.6754, -1.88392, 10.2338, 0.478069, -0.00106907, 10.693, -0.6754, 5.46347, -0.111179, 0.477956, 1.88285, 10.2338, 0.478069, 5.46347, 7.95494, -0.6754, -0.00106907, 10.693, 0.478069, 1.88285, 10.2338, -0.6754, 5.46347, 7.95494, 0.477956 )

[sub_resource type="SphereShape" id=235]
radius = 2.91933

[sub_resource type="SphereShape" id=229]
radius = 3.0

[sub_resource type="Animation" id=230]
length = 0.001
tracks/0/type = "value"
tracks/0/path = NodePath("..:translation")
tracks/0/interp = 1
tracks/0/loop_wrap = true
tracks/0/imported = false
tracks/0/enabled = true
tracks/0/keys = {
"times": PoolRealArray( 0 ),
"transitions": PoolRealArray( 1 ),
"update": 0,
"values": [ Vector3( 210.227, -228.909, -44.48 ) ]
}

[sub_resource type="Animation" id=231]
resource_name = "TutStage0"
length = 4.6
tracks/0/type = "value"
tracks/0/path = NodePath("..:translation")
tracks/0/interp = 2
tracks/0/loop_wrap = true
tracks/0/imported = false
tracks/0/enabled = true
tracks/0/keys = {
"times": PoolRealArray( 0, 0.7, 1.6, 2, 2.3, 2.7, 3, 3.3, 3.5, 3.8, 4, 4.6 ),
"transitions": PoolRealArray( 1, 1, 1, 1, 1, 1, 1, 1, 1, 1, 1, 1 ),
"update": 0,
"values": [ Vector3( 210.227, -228.909, -44.48 ), Vector3( 207.011, -229.091, -43.7343 ), Vector3( 206.285, -227.684, -43.9286 ), Vector3( 203.697, -226.299, -44.6716 ), Vector3( 201.756, -226.749, -45.2288 ), Vector3( 201.743, -226.767, -45.2323 ), Vector3( 200.021, -223.083, -45.6927 ), Vector3( 198.794, -224.154, -46.0207 ), Vector3( 198.794, -224.154, -46.0207 ), Vector3( 198.662, -222.825, -46.0562 ), Vector3( 198.113, -223.386, -46.2029 ), Vector3( 194.269, -222.003, -47.2305 ) ]
}
tracks/1/type = "method"
tracks/1/path = NodePath("..")
tracks/1/interp = 1
tracks/1/loop_wrap = true
tracks/1/imported = false
tracks/1/enabled = true
tracks/1/keys = {
"times": PoolRealArray( 0, 0.9, 1.7, 2.6, 3, 3.3, 3.6, 4 ),
"transitions": PoolRealArray( 1, 1, 1, 1, 1, 1, 1, 1 ),
"values": [ {
"args": [  ],
"method": "run"
}, {
"args": [  ],
"method": "climb"
}, {
"args": [  ],
"method": "run"
}, {
"args": [  ],
"method": "jump"
}, {
"args": [  ],
"method": "fall"
}, {
"args": [  ],
"method": "grab_ledge"
}, {
"args": [  ],
"method": "fall"
}, {
"args": [  ],
"method": "run"
} ]
}

[sub_resource type="Animation" id=232]
resource_name = "TutStage1"
length = 6.8
tracks/0/type = "value"
tracks/0/path = NodePath("..:translation")
tracks/0/interp = 2
tracks/0/loop_wrap = true
tracks/0/imported = false
tracks/0/enabled = true
tracks/0/keys = {
"times": PoolRealArray( 0, 0.3, 1, 1.5, 1.8, 2, 2.3, 2.6, 2.8, 3.4, 3.9, 4.1, 4.5, 4.7, 5, 5.3, 5.8, 6, 6.3, 6.8 ),
"transitions": PoolRealArray( 1, 1, 1, 1, 1, 1, 1, 1, 1, 1, 1, 1, 1, 1, 1, 1, 1, 1, 1, 1 ),
"update": 0,
"values": [ Vector3( 194.269, -222.003, -47.2305 ), Vector3( 192.998, -222.188, -50.0682 ), Vector3( 187.046, -223.469, -51.9142 ), Vector3( 187.046, -223.469, -51.9142 ), Vector3( 184.437, -222.296, -55.6111 ), Vector3( 183.598, -223.978, -56.4379 ), Vector3( 183.598, -223.978, -56.4379 ), Vector3( 183.332, -222.538, -56.7463 ), Vector3( 182.891, -222.877, -57.0919 ), Vector3( 176.836, -222.574, -57.5287 ), Vector3( 172.403, -222.877, -59.128 ), Vector3( 171.513, -222.877, -58.6618 ), Vector3( 167.178, -222.171, -56.574 ), Vector3( 165.344, -224.523, -56.574 ), Vector3( 165.344, -224.523, -56.574 ), Vector3( 164.865, -223.247, -56.4848 ), Vector3( 163.135, -223.396, -58.0359 ), Vector3( 160.709, -222.84, -59.0794 ), Vector3( 156.113, -222.984, -58.9496 ), Vector3( 150.577, -223.402, -56.6638 ) ]
}
tracks/1/type = "method"
tracks/1/path = NodePath("..")
tracks/1/interp = 1
tracks/1/loop_wrap = true
tracks/1/imported = false
tracks/1/enabled = true
tracks/1/keys = {
"times": PoolRealArray( 0, 1.1, 1.7, 2, 2.5, 3, 3.9, 4.4, 4.7, 5.3, 5.7 ),
"transitions": PoolRealArray( 1, 1, 1, 1, 1, 1, 1, 1, 1, 1, 1 ),
"values": [ {
"args": [  ],
"method": "run"
}, {
"args": [  ],
"method": "jump"
}, {
"args": [  ],
"method": "fall"
}, {
"args": [  ],
"method": "grab_ledge"
}, {
"args": [  ],
"method": "fall"
}, {
"args": [  ],
"method": "run"
}, {
"args": [  ],
"method": "jump"
}, {
"args": [  ],
"method": "fall"
}, {
"args": [  ],
"method": "grab_ledge"
}, {
"args": [  ],
"method": "fall"
}, {
"args": [  ],
"method": "run"
} ]
}

[sub_resource type="Animation" id=233]
resource_name = "TutStage2"
length = 10.9
tracks/0/type = "value"
tracks/0/path = NodePath("..:translation")
tracks/0/interp = 2
tracks/0/loop_wrap = true
tracks/0/imported = false
tracks/0/enabled = true
tracks/0/keys = {
"times": PoolRealArray( 0, 0.5, 0.8, 1.1, 1.4, 1.7, 2.1, 2.8, 2.9, 3.1, 3.4, 3.6, 3.8, 4.1, 4.2, 4.4, 4.6, 4.9, 5.1, 5.3, 5.5, 5.6, 5.7, 5.9, 6.1, 6.4, 6.9, 7.2, 9.2, 9.8, 9.9, 10.1, 10.3 ),
"transitions": PoolRealArray( 1, 1, 1, 1, 1, 1, 1, 1, 1, 1, 1, 1, 1, 1, 1, 1, 1, 1, 1, 1, 1, 1, 1, 1, 1, 1, 1, 1, 1, 1, 1, 1, 1 ),
"update": 0,
"values": [ Vector3( 150.577, -223.402, -56.6638 ), Vector3( 150.577, -223.402, -56.6638 ), Vector3( 147.877, -222.574, -59.2539 ), Vector3( 145.176, -224.979, -61.8441 ), Vector3( 145.176, -224.979, -61.8441 ), Vector3( 144.529, -223.692, -62.4527 ), Vector3( 141.197, -225.172, -62.3719 ), Vector3( 135.615, -226.754, -61.8732 ), Vector3( 134.239, -227.274, -61.798 ), Vector3( 131.904, -226.184, -62.4865 ), Vector3( 129, -226.884, -61.9648 ), Vector3( 127.609, -226.886, -61.3931 ), Vector3( 124.851, -226.094, -60.2657 ), Vector3( 119.764, -228.694, -57.7069 ), Vector3( 118.116, -228.921, -56.8328 ), Vector3( 116.045, -230.134, -56.1361 ), Vector3( 114.814, -229.967, -55.9715 ), Vector3( 114.814, -229.967, -55.9715 ), Vector3( 114.577, -228.864, -56.0823 ), Vector3( 113.219, -228.993, -55.5377 ), Vector3( 111.551, -227.6, -54.8432 ), Vector3( 110.698, -226.898, -54.4865 ), Vector3( 110.053, -226.872, -54.2167 ), Vector3( 109.025, -226.865, -53.496 ), Vector3( 107.889, -225.826, -52.689 ), Vector3( 105.952, -225.461, -50.8188 ), Vector3( 101.61, -222.485, -47.8971 ), Vector3( 99.1014, -220.73, -46.4423 ), Vector3( 96.0197, -214.059, -46.1139 ), Vector3( 95.3694, -214.022, -48.0545 ), Vector3( 96.0664, -213.794, -48.3475 ), Vector3( 97.7287, -213.042, -49.7649 ), Vector3( 99.3039, -215.579, -51.1457 ) ]
}
tracks/1/type = "method"
tracks/1/path = NodePath("..")
tracks/1/interp = 1
tracks/1/loop_wrap = true
tracks/1/imported = false
tracks/1/enabled = true
tracks/1/keys = {
"times": PoolRealArray( 0, 0.6, 1.1, 1.6, 2, 2.8, 3.2, 3.7, 4, 4.2, 4.4, 4.6, 5.1, 5.3, 6, 6.4, 7.3, 9.3, 9.8, 10 ),
"transitions": PoolRealArray( 1, 1, 1, 1, 1, 1, 1, 1, 1, 1, 1, 1, 1, 1, 1, 1, 1, 1, 1, 1 ),
"values": [ {
"args": [  ],
"method": "jump"
}, {
"args": [  ],
"method": "fall"
}, {
"args": [  ],
"method": "grab_ledge"
}, {
"args": [  ],
"method": "fall"
}, {
"args": [  ],
"method": "run"
}, {
"args": [  ],
"method": "jump"
}, {
"args": [  ],
"method": "fall"
}, {
"args": [  ],
"method": "jump"
}, {
"args": [  ],
"method": "fall"
}, {
"args": [  ],
"method": "run"
}, {
"args": [  ],
"method": "fall"
}, {
"args": [  ],
"method": "grab_ledge"
}, {
"args": [  ],
"method": "fall"
}, {
"args": [  ],
"method": "run"
}, {
"args": [  ],
"method": "fall"
}, {
"args": [  ],
"method": "run"
}, {
"args": [  ],
"method": "climb"
}, {
"args": [  ],
"method": "fall"
}, {
"args": [  ],
"method": "run"
}, {
"args": [  ],
"method": "fall"
} ]
}

[sub_resource type="Animation" id=234]
resource_name = "TutStage3"
length = 12.7
tracks/0/type = "value"
tracks/0/path = NodePath("..:translation")
tracks/0/interp = 2
tracks/0/loop_wrap = true
tracks/0/imported = false
tracks/0/enabled = true
tracks/0/keys = {
"times": PoolRealArray( 0, 0.3, 0.5, 0.7, 0.9, 1.1, 1.4, 1.7, 2.2, 2.8, 3.2, 3.6, 4, 4.4, 4.6, 4.8, 5, 5.2, 5.4, 5.6, 5.8, 6.1, 6.5, 6.8, 7, 7.2, 7.8, 8.2, 8.4, 8.6, 8.9, 9.1, 9.5, 10.1, 10.4, 10.6, 11, 11.4, 11.7, 12, 12.4, 12.7 ),
"transitions": PoolRealArray( 1, 1, 1, 1, 1, 1, 1, 1, 1, 1, 1, 1, 1, 1, 1, 1, 1, 1, 1, 1, 1, 1, 1, 1, 1, 1, 1, 1, 1, 1, 1, 1, 1, 1, 1, 1, 1, 1, 1, 1, 1, 1 ),
"update": 0,
"values": [ Vector3( 99.3039, -215.579, -51.1457 ), Vector3( 100.217, -215.471, -51.8103 ), Vector3( 100.651, -214.936, -52.3079 ), Vector3( 101.519, -214.457, -53.3324 ), Vector3( 102.164, -213.175, -54.0982 ), Vector3( 103.292, -212.276, -55.4627 ), Vector3( 104.386, -208.622, -56.614 ), Vector3( 105.339, -209.136, -57.5948 ), Vector3( 105.339, -209.136, -57.5948 ), Vector3( 105.983, -207.909, -57.8196 ), Vector3( 107.459, -209.121, -58.717 ), Vector3( 110.858, -207.987, -60.8008 ), Vector3( 115.189, -206.818, -63.4893 ), Vector3( 119.253, -215.699, -65.7936 ), Vector3( 120.52, -215.673, -64.8032 ), Vector3( 121.202, -215.687, -63.0314 ), Vector3( 124.924, -215.699, -61.7727 ), Vector3( 127.727, -215.716, -62.3271 ), Vector3( 129.025, -215.431, -64.1666 ), Vector3( 130.203, -215.169, -65.8666 ), Vector3( 131.409, -215.066, -65.8844 ), Vector3( 133.793, -214.085, -66.3163 ), Vector3( 134.579, -219.2, -67.6417 ), Vector3( 136.595, -219.324, -68.731 ), Vector3( 138.483, -217.681, -69.8027 ), Vector3( 139.438, -218.435, -70.3119 ), Vector3( 139.438, -218.435, -70.3119 ), Vector3( 140.095, -216.667, -70.3111 ), Vector3( 140.444, -215.692, -70.4768 ), Vector3( 140.698, -214.862, -70.5637 ), Vector3( 143.239, -213.802, -72.0763 ), Vector3( 144.91, -211.993, -73.0583 ), Vector3( 146.295, -212.756, -73.7279 ), Vector3( 147.184, -210.208, -73.8093 ), Vector3( 147.882, -208.082, -73.9138 ), Vector3( 148.218, -207.545, -74.1029 ), Vector3( 150.393, -207.302, -75.5441 ), Vector3( 153.375, -208.083, -77.2466 ), Vector3( 155.449, -206.917, -78.6684 ), Vector3( 158.253, -208.036, -80.6375 ), Vector3( 160.221, -207.087, -82.023 ), Vector3( 161.344, -206.758, -82.8146 ) ]
}
tracks/1/type = "method"
tracks/1/path = NodePath("..")
tracks/1/interp = 1
tracks/1/loop_wrap = true
tracks/1/imported = false
tracks/1/enabled = true
tracks/1/keys = {
"times": PoolRealArray( 0, 0.4, 0.7, 1.1, 1.7, 2.6, 3.2, 3.6, 4, 4.4, 5.7, 6.2, 6.5, 6.8, 7.2, 7.8, 8.9, 9.2, 9.5, 10.7, 11.2, 11.8, 12.1 ),
"transitions": PoolRealArray( 1, 1, 1, 1, 1, 1, 1, 1, 1, 1, 1, 1, 1, 1, 1, 1, 1, 1, 1, 1, 1, 1, 1 ),
"values": [ {
"args": [  ],
"method": "run"
}, {
"args": [  ],
"method": "fall"
}, {
"args": [  ],
"method": "climb"
}, {
"args": [  ],
"method": "jump"
}, {
"args": [  ],
"method": "grab_ledge"
}, {
"args": [  ],
"method": "fall"
}, {
"args": [  ],
"method": "run"
}, {
"args": [  ],
"method": "jump"
}, {
"args": [  ],
"method": "fall"
}, {
"args": [  ],
"method": "run"
}, {
"args": [  ],
"method": "jump"
}, {
"args": [  ],
"method": "fall"
}, {
"args": [  ],
"method": "run"
}, {
"args": [  ],
"method": "jump"
}, {
"args": [  ],
"method": "grab_ledge"
}, {
"args": [  ],
"method": "climb"
}, {
"args": [  ],
"method": "jump"
}, {
"args": [  ],
"method": "fall"
}, {
"args": [  ],
"method": "climb"
}, {
"args": [  ],
"method": "run"
}, {
"args": [  ],
"method": "jump"
}, {
"args": [  ],
"method": "fall"
}, {
"args": [  ],
"method": "run"
} ]
}

[node name="chunk112" instance=ExtResource( 7 )]
script = ExtResource( 1 )

[node name="wall" parent="." index="0"]
material_override = ExtResource( 5 )

[node name="static_collision" parent="wall" index="0"]
collision_layer = 257

[node name="special_lil_guy" parent="." index="1" instance=ExtResource( 3 )]
transform = Transform( -0.120033, 0, -0.99277, 0, 1, 0, 0.99277, 0, -0.120033, 248, -197.841, -190 )
drops_coat = true
gem_drop_max = 25
health = 75
attack_damage = 22

[node name="crawly2" parent="." index="2" instance=ExtResource( 3 )]
transform = Transform( -0.812297, 0, 0.583243, 0, 1, 0, -0.583243, 0, -0.812297, 233.381, -198.45, -185.724 )

[node name="crawly3" parent="." index="3" instance=ExtResource( 3 )]
transform = Transform( 0.495428, 0, 0.868649, 0, 1, 0, -0.868649, 0, 0.495428, 233.666, -197.943, -191.459 )

[node name="crawly4" parent="." index="4" instance=ExtResource( 3 )]
transform = Transform( 0.649156, 0, -0.760655, 0, 1, 0, 0.760655, 0, 0.649156, 239.799, -197.943, -191.973 )

[node name="crawly5" parent="." index="5" instance=ExtResource( 3 )]
transform = Transform( -0.535753, 0, -0.844375, 0, 1, 0, 0.844375, 0, -0.535753, 238.593, -197.943, -185.684 )

[node name="egg_pickup" parent="." index="6" instance=ExtResource( 4 )]
transform = Transform( 0.0681719, 0, 0.997674, 0, 1, 0, -0.997674, 0, 0.0681719, 236.917, -198.762, -189.086 )

[node name="egg_pickup2" parent="." index="7" instance=ExtResource( 4 )]
transform = Transform( 1, 0, 0, 0, 1, 0, 0, 0, 1, 236.878, -198.762, -188.412 )

[node name="egg_pickup3" parent="." index="8" instance=ExtResource( 4 )]
transform = Transform( -0.0576163, 0, -0.998339, 0, 1, 0, 0.998339, 0, -0.0576163, 236.184, -198.762, -188.193 )

[node name="egg_pickup4" parent="." index="9" instance=ExtResource( 4 )]
transform = Transform( 0.551486, 0, 0.834184, 0, 1, 0, -0.834184, 0, 0.551486, 236.169, -198.762, -189.225 )

[node name="egg_pickup5" parent="." index="10" instance=ExtResource( 4 )]
transform = Transform( -0.308668, 0, 0.95117, 0, 1, 0, -0.95117, 0, -0.308668, 235.765, -198.762, -188.804 )

[node name="door_frame" parent="." index="11"]
material_override = ExtResource( 5 )

[node name="static_collision" parent="door_frame" index="0"]
collision_layer = 257

[node name="door" parent="." index="12"]
transform = Transform( 0.917486, 0, 0.397767, 0, 1, 0, -0.397767, 0, 0.917486, 119.317, -239.278, -57.297 )
material_override = ExtResource( 5 )

[node name="KinematicBody" type="KinematicBody" parent="door" index="0"]
collision_layer = 257

[node name="CollisionShape2" type="CollisionShape" parent="door/KinematicBody" index="0"]
shape = SubResource( 227 )

[node name="palace" parent="." index="13"]
material_override = ExtResource( 5 )

[node name="static_collision" parent="palace" index="0"]
collision_layer = 257

[node name="egg_pickup6" parent="." index="14" instance=ExtResource( 4 )]
transform = Transform( -0.310942, 0, -0.950429, 0, 1, 0, 0.950429, 0, -0.310942, 178.224, -218.747, -63.7619 )

[node name="egg_pickup7" parent="." index="15" instance=ExtResource( 4 )]
transform = Transform( -0.657388, 0, 0.753552, 0, 1, 0, -0.753552, 0, -0.657388, 158.05, -219.53, -53.5611 )

[node name="egg_pickup8" parent="." index="16" instance=ExtResource( 4 )]
transform = Transform( 0.966273, 0, -0.257521, 0, 1, 0, 0.257521, 0, 0.966273, 190.981, -219.484, -45.7573 )

[node name="egg_pickup9" parent="." index="17" instance=ExtResource( 4 )]
transform = Transform( 0.417835, 0, -0.908523, 0, 1, 0, 0.908523, 0, 0.417835, 190.608, -218.218, -42.3671 )

[node name="egg_pickup10" parent="." index="18" instance=ExtResource( 4 )]
transform = Transform( -0.0714975, 0, 0.997441, 0, 1, 0, -0.997441, 0, -0.0714975, 124.83, -215.501, -65.8646 )

[node name="egg_pickup11" parent="." index="19" instance=ExtResource( 4 )]
transform = Transform( 0.5211, -0.265354, 0.811198, 0.143417, 0.964151, 0.223258, -0.84136, 0, 0.540475, 110.191, -207.38, -61.475 )

[node name="egg_pickup12" parent="." index="20" instance=ExtResource( 4 )]
transform = Transform( -0.656729, -0.316607, -0.684447, -0.344254, 0.93338, -0.101444, 0.670967, 0.169002, -0.721971, 108.988, -207.759, -58.1177 )

[node name="coat_pickup" parent="." index="21" instance=ExtResource( 6 )]
transform = Transform( 1, 0, 0, 0, 1, 0, 0, 0, 1, 107.839, -209.062, -60.4016 )

[node name="CSGCylinder" type="CSGCylinder" parent="." index="22"]
transform = Transform( 1, 0, 0, 0, 1, 0, 0, 0, 1, 126.189, -238.07, -55.6988 )
use_collision = true
radius = 1.90478
height = 2.2606
material = ExtResource( 5 )

[node name="crawly6" parent="." index="23" instance=ExtResource( 3 )]
transform = Transform( 1, 0, 0, 0, 1, 0, 0, 0, 1, 79.3886, -242.722, -147.95 )

[node name="hut" parent="." index="24" instance=ExtResource( 12 )]
transform = Transform( -0.974574, 0, 0.224067, 0, 1, 0, -0.224067, 0, -0.974574, 200.164, -231.222, 13.8376 )

[node name="hut2" parent="." index="25" instance=ExtResource( 12 )]
transform = Transform( 0.0472285, 0, 0.998884, 0, 1, 0, -0.998884, 0, 0.0472285, 183.895, -231.222, 0.846618 )

[node name="hut3" parent="." index="26" instance=ExtResource( 12 )]
transform = Transform( -0.111469, 0, -0.993768, 0, 1, 0, 0.993768, 0, -0.111469, 203.524, -230.745, -7.3789 )

[node name="hut4" parent="." index="27" instance=ExtResource( 12 )]
transform = Transform( -0.433486, 0, -0.90116, 0, 1, 0, 0.90116, 0, -0.433486, 190.974, -230.305, -45.9365 )

[node name="hut5" parent="." index="28" instance=ExtResource( 12 )]
transform = Transform( 0.608692, 0, -0.793406, 0, 1, 0, 0.793406, 0, 0.608692, 178.22, -229.696, -63.8332 )

[node name="hut6" parent="." index="29" instance=ExtResource( 12 )]
transform = Transform( 0.383731, 0, 0.923445, 0, 1, 0, -0.923445, 0, 0.383731, 158.062, -230.417, -53.4 )

[node name="fountain" parent="." index="30" instance=ExtResource( 13 )]
transform = Transform( 1, 0, 0, 0, 1, 0, 0, 0, 1, 158.374, -230.72, -28.2394 )

[node name="capacitor_pickup2" parent="." index="31" instance=ExtResource( 9 )]
transform = Transform( 1, 0, 0, 0, 1, 0, 0, 0, 1, -48.9321, -46.1464, -202.053 )

[node name="pillar" parent="." index="32" instance=ExtResource( 14 )]
transform = Transform( 0.148484, 0.535932, -0.831102, -0.883312, -0.306004, -0.355137, -0.44465, 0.786854, 0.427958, 86.3134, -245.503, -136.896 )

[node name="pillar2" parent="." index="33" instance=ExtResource( 14 )]
transform = Transform( 0.783353, -0.271715, -0.559044, 0.259169, 0.960264, -0.103565, 0.56497, -0.0637591, 0.822645, 128.861, -252.622, -133.003 )

[node name="rock1" parent="." index="34" instance=ExtResource( 15 )]
transform = Transform( 0.552884, 0.398628, 0.73172, -0.806084, 0.0334373, 0.590856, 0.211065, -0.916503, 0.339814, 203.758, -230.95, -44.2427 )

[node name="rock2" parent="." index="35" instance=ExtResource( 15 )]
transform = Transform( 0.128591, -0.669365, 0.73172, 0.369932, 0.716965, 0.590856, -0.920117, 0.194708, 0.339815, 245.353, -229.322, -31.7836 )

[node name="rock3" parent="." index="36" instance=ExtResource( 15 )]
transform = Transform( -0.00417258, 0.279462, 0.960148, -0.0935995, 0.955832, -0.278613, -0.995601, -0.0910319, 0.0221692, 236.128, -227.921, -32.1809 )

[node name="rock4" parent="." index="37" instance=ExtResource( 15 )]
transform = Transform( -0.0299779, 0.533685, 0.845152, -0.0887672, 0.84077, -0.534066, -0.995601, -0.0910319, 0.0221692, 122.45, -245.958, -74.4424 )

[node name="rock5" parent="." index="38" instance=ExtResource( 15 )]
transform = Transform( -0.0299779, 0.533685, 0.845152, -0.0887672, 0.84077, -0.534066, -0.995601, -0.0910319, 0.0221692, 122.649, -249.051, -123.155 )

[node name="rock6" parent="." index="39" instance=ExtResource( 15 )]
transform = Transform( -0.0212934, -0.00902878, -0.999732, 0.136228, -0.990659, 0.00604529, -0.990449, -0.136063, 0.0223245, 111.128, -240.637, -180.821 )

[node name="pillar3" parent="." index="40" instance=ExtResource( 14 )]
transform = Transform( 0.398564, 0.0071721, 0.917113, 0.0137054, 0.999812, -0.013775, -0.917038, 0.0180596, 0.398391, 104.41, -251.144, -149.432 )

[node name="pillar4" parent="." index="41" instance=ExtResource( 14 )]
transform = Transform( -0.954826, 0.00899636, -0.297031, 0.0315288, 0.996968, -0.0711558, 0.295489, -0.0773064, -0.952214, 119.576, -258.07, -136.424 )

[node name="bug_pickup2" parent="." index="42" instance=ExtResource( 4 )]
transform = Transform( 0.135716, 0, 0.990748, 0, 1, 0, -0.990748, 0, 0.135716, 120.889, -235.862, -134.168 )

[node name="bug_pickup" parent="." index="43" instance=ExtResource( 4 )]
transform = Transform( -0.0238564, 0, -0.999715, 0, 1, 0, 0.999715, 0, -0.0238564, 125.333, -241.944, -123.117 )

[node name="bug_pickup3" parent="." index="44" instance=ExtResource( 4 )]
transform = Transform( 1, 0, 0, 0, 1, 0, 0, 0, 1, 103.457, -233.705, -149.306 )

[node name="bug_pickup4" parent="." index="45" instance=ExtResource( 4 )]
transform = Transform( 1, 0, 0, 0, 1, 0, 0, 0, 1, 103.203, -233.705, -147.816 )

[node name="bug_pickup6" parent="." index="46" instance=ExtResource( 4 )]
transform = Transform( 0.140798, 0, 0.990038, 0, 1, 0, -0.990038, 0, 0.140798, 152.511, -230.251, -70.6551 )

[node name="bug_pickup5" parent="." index="47" instance=ExtResource( 4 )]
transform = Transform( 1, 0, 0, 0, 1, 0, 0, 0, 1, 104.548, -233.705, -148.369 )

[node name="gem_pickup" parent="." index="48" instance=ExtResource( 16 )]
transform = Transform( -0.733113, 0, -0.680107, 0, 1, 0, 0.680107, 0, -0.733113, 203.641, -226.221, -44.3824 )

[node name="bug_pickup7" parent="." index="49" instance=ExtResource( 4 )]
transform = Transform( -0.733113, 0, -0.680107, 0, 1, 0, 0.680107, 0, -0.733113, 185.514, -224.872, 0.832291 )

[node name="ruin1" parent="." index="50" instance=ExtResource( 17 )]
transform = Transform( 1, 0, 0, 0, 0.979049, -0.203625, 0, 0.203625, 0.979049, 111.562, -248.207, -180.956 )

[node name="bug_pickup8" parent="." index="51" instance=ExtResource( 4 )]
transform = Transform( 0.329641, 0, 0.944106, 0, 1, 0, -0.944106, 0, 0.329641, 111.544, -235.179, -180.103 )

[node name="bug_pickup9" parent="." index="52" instance=ExtResource( 4 )]
transform = Transform( -0.497897, 0, -0.867236, 0, 1, 0, 0.867236, 0, -0.497897, 110.084, -234.735, -180.081 )

[node name="gem_pickup2" parent="." index="53" instance=ExtResource( 16 )]
transform = Transform( 1, 0, 0, 0, 1, 0, 0, 0, 1, 124.364, -235.854, -133.329 )
quantity = 3

[node name="gem_pickup3" parent="." index="54" instance=ExtResource( 16 )]
transform = Transform( 1, 0, 0, 0, 1, 0, 0, 0, 1, 124.909, -235.646, -134.197 )
quantity = 3

[node name="gem_pickup4" parent="." index="55" instance=ExtResource( 16 )]
transform = Transform( 1, 0, 0, 0, 1, 0, 0, 0, 1, 124.073, -236.004, -134.162 )
quantity = 3

[node name="bug_pickup11" parent="." index="56" instance=ExtResource( 4 )]
transform = Transform( 0.251461, 0, -0.967867, 0, 1, 0, 0.967867, 0, 0.251461, 232.99, -207.445, -16.7107 )

[node name="bug_pickup10" parent="." index="57" instance=ExtResource( 4 )]
transform = Transform( 0.693792, 0, 0.720176, 0, 1, 0, -0.720176, 0, 0.693792, 233.02, -208.372, -16.613 )

[node name="gem_pickup6" parent="." index="58" instance=ExtResource( 16 )]
transform = Transform( 1, 0, 0, 0, 1, 0, 0, 0, 1, 234.23, -208.314, -16.7027 )
quantity = 3

[node name="gem_pickup7" parent="." index="59" instance=ExtResource( 16 )]
transform = Transform( 1, 0, 0, 0, 1, 0, 0, 0, 1, 234.59, -208.314, -17.0689 )
quantity = 3

[node name="gem_pickup5" parent="." index="60" instance=ExtResource( 16 )]
transform = Transform( 1, 0, 0, 0, 1, 0, 0, 0, 1, 234.13, -208.305, -17.1301 )
quantity = 3

[node name="gem_pickup8" parent="." index="61" instance=ExtResource( 16 )]
transform = Transform( 1, 0, 0, 0, 1, 0, 0, 0, 1, 160.567, -206.781, -83.1147 )

[node name="gem_pickup9" parent="." index="62" instance=ExtResource( 16 )]
transform = Transform( 1, 0, 0, 0, 1, 0, 0, 0, 1, 151.937, -207.299, -74.5547 )

[node name="gem_pickup10" parent="." index="63" instance=ExtResource( 16 )]
transform = Transform( 1, 0, 0, 0, 1, 0, 0, 0, 1, 169.304, -209.075, -81.4002 )

[node name="gem_pickup11" parent="." index="64" instance=ExtResource( 16 )]
transform = Transform( 1, 0, 0, 0, 1, 0, 0, 0, 1, 142.559, -213.953, -72.2574 )

[node name="gem_pickup12" parent="." index="65" instance=ExtResource( 16 )]
transform = Transform( 1, 0, 0, 0, 1, 0, 0, 0, 1, 135.448, -219.496, -67.4239 )

[node name="gem_pickup13" parent="." index="66" instance=ExtResource( 16 )]
transform = Transform( 1, 0, 0, 0, 1, 0, 0, 0, 1, 130.175, -215.214, -66.3945 )

[node name="gem_pickup14" parent="." index="67" instance=ExtResource( 16 )]
transform = Transform( 1, 0, 0, 0, 1, 0, 0, 0, 1, 120.03, -215.694, -67.0218 )

[node name="gem_pickup15" parent="." index="68" instance=ExtResource( 16 )]
transform = Transform( 1, 0, 0, 0, 1, 0, 0, 0, 1, 124.905, -215.695, -70.1557 )

[node name="gem_pickup16" parent="." index="69" instance=ExtResource( 16 )]
transform = Transform( 1, 0, 0, 0, 1, 0, 0, 0, 1, 107.337, -209.049, -62.1761 )

[node name="gem_pickup17" parent="." index="70" instance=ExtResource( 16 )]
transform = Transform( 1, 0, 0, 0, 1, 0, 0, 0, 1, 106.367, -209.131, -59.4592 )

[node name="gem_pickup18" parent="." index="71" instance=ExtResource( 16 )]
transform = Transform( 1, 0, 0, 0, 1, 0, 0, 0, 1, 103.933, -212.279, -55.1706 )

[node name="gem_pickup19" parent="." index="72" instance=ExtResource( 16 )]
transform = Transform( 1, 0, 0, 0, 1, 0, 0, 0, 1, 99.4919, -215.604, -50.8136 )

[node name="gem_pickup20" parent="." index="73" instance=ExtResource( 16 )]
transform = Transform( 1, 0, 0, 0, 1, 0, 0, 0, 1, 95.6344, -214, -47.7727 )

[node name="gem_pickup23" parent="." index="74" instance=ExtResource( 16 )]
transform = Transform( 1, 0, 0, 0, 1, 0, 0, 0, 1, 125.963, -230.304, -58.3931 )

[node name="gem_pickup21" parent="." index="75" instance=ExtResource( 16 )]
transform = Transform( 1, 0, 0, 0, 1, 0, 0, 0, 1, 128.822, -228.333, -59.4347 )

[node name="gem_pickup22" parent="." index="76" instance=ExtResource( 16 )]
transform = Transform( 1, 0, 0, 0, 1, 0, 0, 0, 1, 110.995, -228.391, -51.6756 )

[node name="gem_pickup24" parent="." index="77" instance=ExtResource( 16 )]
transform = Transform( 1, 0, 0, 0, 1, 0, 0, 0, 1, 113.875, -230.185, -53.0021 )

[node name="bug_pickup13" parent="." index="78" instance=ExtResource( 4 )]
transform = Transform( -0.0328412, 0, -0.999461, 0, 1, 0, 0.999461, 0, -0.0328412, 239.845, -201.432, -23.2391 )

[node name="bug_pickup12" parent="." index="79" instance=ExtResource( 4 )]
transform = Transform( -0.0328412, 0, -0.999461, 0, 1, 0, 0.999461, 0, -0.0328412, 234.507, -199.197, -23.6685 )

[node name="bug_pickup14" parent="." index="80" instance=ExtResource( 4 )]
transform = Transform( 0.968977, 0, 0.247151, 0, 1, 0, -0.247151, 0, 0.968977, 234.039, -201.342, -19.9534 )

[node name="bug_pickup15" parent="." index="81" instance=ExtResource( 4 )]
transform = Transform( -0.926614, 0, -0.376014, 0, 1, 0, 0.376014, 0, -0.926614, 238.553, -200.207, -19.907 )

[node name="gem_pickup25" parent="." index="82" instance=ExtResource( 16 )]
transform = Transform( 1, 0, 0, 0, 1, 0, 0, 0, 1, 236.154, -202.452, -18.8453 )

[node name="gem_pickup27" parent="." index="83" instance=ExtResource( 16 )]
transform = Transform( 1, 0, 0, 0, 1, 0, 0, 0, 1, 240.036, -202.233, -22.8914 )

[node name="gem_pickup26" parent="." index="84" instance=ExtResource( 16 )]
transform = Transform( 1, 0, 0, 0, 1, 0, 0, 0, 1, 233.518, -202.634, -22.521 )
quantity = 5

[node name="gem_pickup28" parent="." index="85" instance=ExtResource( 16 )]
transform = Transform( 1, 0, 0, 0, 1, 0, 0, 0, 1, 152.471, -223.323, -57.5714 )

[node name="gem_pickup29" parent="." index="86" instance=ExtResource( 16 )]
transform = Transform( 1, 0, 0, 0, 1, 0, 0, 0, 1, 147.683, -223.292, -64.1951 )

[node name="gem_pickup31" parent="." index="87" instance=ExtResource( 16 )]
transform = Transform( 1, 0, 0, 0, 1, 0, 0, 0, 1, 137.187, -226.168, -62.1982 )

[node name="gem_pickup32" parent="." index="88" instance=ExtResource( 16 )]
transform = Transform( 1, 0, 0, 0, 1, 0, 0, 0, 1, 128.907, -226.756, -62.1982 )

[node name="gem_pickup30" parent="." index="89" instance=ExtResource( 16 )]
transform = Transform( 1, 0, 0, 0, 1, 0, 0, 0, 1, 183.985, -222.809, -58.303 )

[node name="village_shop" parent="." index="90" instance=ExtResource( 2 )]
transform = Transform( 0.0969923, 0, 0.995285, 0, 1, 0, -0.995285, 0, 0.0969923, 198.143, -230.222, 13.0641 )
dialog = ExtResource( 11 )
visual_name = "Shop Keeper"
inventory = "res://entities/shop_stock/village_stock.json"

[node name="tutorial_prompts" type="Spatial" parent="." index="91"]
transform = Transform( 1, 0, 0, 0, 1, 0, 0, 0, 1, 207.365, -229.117, -42.9328 )

[node name="crouchJump" type="Area" parent="tutorial_prompts" index="0"]
transform = Transform( 1, 0, 0, 0, 1, 0, 0, 0, 1, -4.14877, 2.65944, -1.88862 )
collision_layer = 0
collision_mask = 2
script = ExtResource( 20 )
__meta__ = {
"_edit_group_": true
}
gamepad_textures = [ ExtResource( 35 ), ExtResource( 21 ) ]
keyboard_textures = [ ExtResource( 24 ), ExtResource( 25 ) ]
gamepad_text = "Crouch Jump"

[node name="CollisionShape" type="CollisionShape" parent="tutorial_prompts/crouchJump" index="0"]
shape = SubResource( 235 )

[node name="rolljump" type="Area" parent="tutorial_prompts" index="1"]
transform = Transform( 1, 0, 0, 0, 1, 0, 0, 0, 1, -17.2287, 6.55383, -6.09828 )
collision_layer = 0
collision_mask = 2
script = ExtResource( 20 )
__meta__ = {
"_edit_group_": true
}
gamepad_textures = [ ExtResource( 35 ), ExtResource( 21 ) ]
keyboard_textures = [ ExtResource( 24 ), ExtResource( 25 ) ]
gamepad_text = "(When Running) Roll Jump"

[node name="CollisionShape" type="CollisionShape" parent="tutorial_prompts/rolljump" index="0"]
shape = SubResource( 235 )

[node name="rolljump2" type="Area" parent="tutorial_prompts" index="2"]
transform = Transform( 1, 0, 0, 0, 1, 0, 0, 0, 1, -33.2652, 6.55383, -17.3916 )
collision_layer = 0
collision_mask = 2
script = ExtResource( 20 )
__meta__ = {
"_edit_group_": true
}
gamepad_textures = [ ExtResource( 35 ), ExtResource( 21 ) ]
keyboard_textures = [ ExtResource( 24 ), ExtResource( 25 ) ]
gamepad_text = "(When Running) Roll Jump"

[node name="CollisionShape" type="CollisionShape" parent="tutorial_prompts/rolljump2" index="0"]
shape = SubResource( 235 )

[node name="spinkick" type="Area" parent="tutorial_prompts" index="3"]
transform = Transform( 1, 0, 0, 0, 1, 0, 0, 0, 1, -53.9846, 6.55383, -13.3952 )
collision_layer = 0
collision_mask = 2
script = ExtResource( 20 )
__meta__ = {
"_edit_group_": true
}
gamepad_textures = [ ExtResource( 21 ), ExtResource( 23 ) ]
keyboard_textures = [ ExtResource( 25 ), ExtResource( 26 ) ]
gamepad_text = "Air Kick"

[node name="CollisionShape" type="CollisionShape" parent="tutorial_prompts/spinkick" index="0"]
shape = SubResource( 235 )

[node name="climb" type="Area" parent="tutorial_prompts" index="4"]
transform = Transform( 1, 0, 0, 0, 1, 0, 0, 0, 1, -108.713, 10.7453, -3.66735 )
collision_layer = 0
collision_mask = 2
script = ExtResource( 20 )
__meta__ = {
"_edit_group_": true
}
gamepad_textures = [ ExtResource( 35 ) ]
keyboard_textures = [ ExtResource( 24 ) ]
gamepad_text = "(At steep slopes) Climb"

[node name="CollisionShape" type="CollisionShape" parent="tutorial_prompts/climb" index="0"]
shape = SubResource( 235 )

[node name="CollisionShape2" type="CollisionShape" parent="tutorial_prompts/climb" index="1"]
transform = Transform( 1, 0, 0, 0, 1, 0, 0, 0, 1, 1.78814, -1.88055, -1.8419 )
shape = SubResource( 235 )

[node name="tutorial_tyler_neo" parent="." index="92" instance=ExtResource( 28 )]
transform = Transform( 0.991118, 0, -0.132983, 0, 1, 0, 0.132983, 0, 0.991118, 210.227, -228.909, -44.48 )
script = ExtResource( 32 )
dialog = ExtResource( 19 )
visual_name = "Young Boy"
model_scale = 0.75
music = ExtResource( 31 )

[node name="tutorial_area" type="Area" parent="tutorial_tyler_neo" index="3"]
collision_layer = 0
collision_mask = 2
script = ExtResource( 18 )
prompts_node = NodePath("../../tutorial_prompts")
id = "tyler_tutorial"

[node name="CollisionShape" type="CollisionShape" parent="tutorial_tyler_neo/tutorial_area" index="0"]
shape = SubResource( 229 )

[node name="tutorial_anim" type="AnimationPlayer" parent="tutorial_tyler_neo/tutorial_area" index="1"]
anims/RESET = SubResource( 230 )
anims/TutStage0 = SubResource( 231 )
anims/TutStage1 = SubResource( 232 )
anims/TutStage2 = SubResource( 233 )
anims/TutStage3 = SubResource( 234 )

[node name="tyler_tut_beat" type="Spatial" parent="." index="93"]
transform = Transform( 0.343987, 0, 0.938974, 0, 1, 0, -0.938974, 0, 0.343987, 211.178, -228.884, -44.7593 )
script = ExtResource( 27 )
condition = "Global.stat(\"tyler_tutorial\")"

[node name="tylers_mom" parent="tyler_tut_beat" index="0" instance=ExtResource( 28 )]
dialog = ExtResource( 30 )
visual_name = "Gruff Woman"

[node name="bug_pickup16" parent="." index="94" instance=ExtResource( 4 )]
transform = Transform( 1, 0, 0, 0, 1, 0, 0, 0, 1, 200.028, -217.673, 13.9241 )

[node name="bug_pickup17" parent="." index="95" instance=ExtResource( 4 )]
transform = Transform( 1, 0, 0, 0, 1, 0, 0, 0, 1, 203.607, -217.673, -7.41235 )

[node name="bug_pickup18" parent="." index="96" instance=ExtResource( 4 )]
transform = Transform( 1, 0, 0, 0, 1, 0, 0, 0, 1, 183.805, -217.673, 0.908405 )

[node name="gem_pickup33" parent="." index="97" instance=ExtResource( 16 )]
transform = Transform( 1, 0, 0, 0, 1, 0, 0, 0, 1, 198.299, -223.883, 21.6232 )
quantity = 3

[node name="gem_pickup34" parent="." index="98" instance=ExtResource( 16 )]
transform = Transform( 1, 0, 0, 0, 1, 0, 0, 0, 1, 207.596, -223.883, 15.9056 )
quantity = 3

[node name="gem_pickup35" parent="." index="99" instance=ExtResource( 16 )]
transform = Transform( 1, 0, 0, 0, 1, 0, 0, 0, 1, 201.553, -223.883, 5.95787 )
quantity = 3

[node name="gem_pickup36" parent="." index="100" instance=ExtResource( 16 )]
transform = Transform( 1, 0, 0, 0, 1, 0, 0, 0, 1, 192.07, -223.883, 12.0009 )
quantity = 3

[node name="gem_pickup37" parent="." index="101" instance=ExtResource( 16 )]
transform = Transform( 1, 0, 0, 0, 1, 0, 0, 0, 1, 183.378, -223.883, 8.65399 )
quantity = 3

[node name="gem_pickup38" parent="." index="102" instance=ExtResource( 16 )]
transform = Transform( 1, 0, 0, 0, 1, 0, 0, 0, 1, 191.559, -223.883, 1.07698 )
quantity = 3

[node name="gem_pickup39" parent="." index="103" instance=ExtResource( 16 )]
transform = Transform( 1, 0, 0, 0, 1, 0, 0, 0, 1, 184.214, -223.883, -7.38323 )
quantity = 3

[node name="gem_pickup40" parent="." index="104" instance=ExtResource( 16 )]
transform = Transform( 1, 0, 0, 0, 1, 0, 0, 0, 1, 175.754, -223.883, 0.333229 )
quantity = 3

[node name="gem_pickup41" parent="." index="105" instance=ExtResource( 16 )]
transform = Transform( 1, 0, 0, 0, 1, 0, 0, 0, 1, 195.742, -223.883, -8.17347 )
quantity = 3

[node name="gem_pickup42" parent="." index="106" instance=ExtResource( 16 )]
transform = Transform( 1, 0, 0, 0, 1, 0, 0, 0, 1, 204.482, -223.883, -15.2856 )
quantity = 3

[node name="gem_pickup43" parent="." index="107" instance=ExtResource( 16 )]
transform = Transform( 1, 0, 0, 0, 1, 0, 0, 0, 1, 211.501, -223.883, -6.2676 )
quantity = 3

[node name="gem_pickup44" parent="." index="108" instance=ExtResource( 16 )]
transform = Transform( 1, 0, 0, 0, 1, 0, 0, 0, 1, 202.669, -223.883, 0.891045 )
quantity = 3

[node name="gem_pickup45" parent="." index="109" instance=ExtResource( 16 )]
transform = Transform( 1, 0, 0, 0, 1, 0, 0, 0, 1, 87.8328, -243.354, -135.254 )

[node name="gem_pickup46" parent="." index="110" instance=ExtResource( 16 )]
transform = Transform( 1, 0, 0, 0, 1, 0, 0, 0, 1, 109.082, -207.942, -245.675 )

[node name="gem_pickup47" parent="." index="111" instance=ExtResource( 16 )]
transform = Transform( 1, 0, 0, 0, 1, 0, 0, 0, 1, 95.3383, -212.008, -233.246 )

[node name="gem_pickup48" parent="." index="112" instance=ExtResource( 16 )]
transform = Transform( 1, 0, 0, 0, 1, 0, 0, 0, 1, 90.3758, -221.205, -215.789 )

[node name="gate_guy" parent="." index="113" instance=ExtResource( 28 )]
transform = Transform( 0.953691, 0, 0.300789, 0, 1, 0, -0.300789, 0, 0.953691, 125.707, -236.94, -56.2462 )
dialog = ExtResource( 8 )
visual_name = "Guard"

[node name="bug_pickup20" parent="." index="114" instance=ExtResource( 4 )]
transform = Transform( 0.537314, 0, -0.843382, 0, 1, 0, 0.843382, 0, 0.537314, 156.17, -228.221, -27.7917 )

[node name="bug_pickup19" parent="." index="115" instance=ExtResource( 4 )]
transform = Transform( 0.0857126, 0, 0.99632, 0, 1, 0, -0.99632, 0, 0.0857126, 160.596, -228.849, -28.0917 )

[node name="bug_pickup21" parent="." index="116" instance=ExtResource( 4 )]
transform = Transform( 1, 0, 0, 0, 1, 0, 0, 0, 1, 158.3, -225.479, -28.3654 )

[node name="gem_pickup49" parent="." index="117" instance=ExtResource( 16 )]
transform = Transform( 1, 0, 0, 0, 1, 0, 0, 0, 1, 189.347, -226.218, -45.7933 )

[node name="gem_pickup50" parent="." index="118" instance=ExtResource( 16 )]
transform = Transform( 1, 0, 0, 0, 1, 0, 0, 0, 1, 189.353, -226.22, -45.1926 )

[node name="gem_pickup51" parent="." index="119" instance=ExtResource( 16 )]
transform = Transform( 1, 0, 0, 0, 1, 0, 0, 0, 1, 189.799, -226.223, -45.6446 )

[node name="gem_pickup52" parent="." index="120" instance=ExtResource( 16 )]
transform = Transform( 1, 0, 0, 0, 1, 0, 0, 0, 1, 113.418, -241.731, -184.951 )

[node name="gem_pickup53" parent="." index="121" instance=ExtResource( 16 )]
transform = Transform( 1, 0, 0, 0, 1, 0, 0, 0, 1, 117.753, -244.371, -181.554 )

[node name="gem_pickup54" parent="." index="122" instance=ExtResource( 16 )]
transform = Transform( 1, 0, 0, 0, 1, 0, 0, 0, 1, 114.688, -244.063, -174.672 )

[node name="gem_pickup55" parent="." index="123" instance=ExtResource( 16 )]
transform = Transform( 1, 0, 0, 0, 1, 0, 0, 0, 1, 197.659, -223.354, -48.1777 )

[node name="npc" parent="." index="124" instance=ExtResource( 28 )]
