[gd_scene load_steps=23 format=2]

[ext_resource path="res://areas/chunk_content.gd" type="Script" id=1]
[ext_resource path="res://entities/env/copper/palace2.tscn" type="PackedScene" id=2]
[ext_resource path="res://items/gem_pickup.tscn" type="PackedScene" id=3]
[ext_resource path="res://items/bug_pickup.tscn" type="PackedScene" id=4]
[ext_resource path="res://entities/enemies/crawly.tscn" type="PackedScene" id=5]
[ext_resource path="res://entities/enemies/deathgnat.tscn" type="PackedScene" id=6]
[ext_resource path="res://entities/env/copper/scrap1.tscn" type="PackedScene" id=7]
[ext_resource path="res://entities/env/copper/scrap2.tscn" type="PackedScene" id=8]
[ext_resource path="res://entities/env/copper/scrap_pile2.tscn" type="PackedScene" id=9]
[ext_resource path="res://items/coat_pickup.tscn" type="PackedScene" id=10]
[ext_resource path="res://entities/env/stone/rock2.tscn" type="PackedScene" id=11]
[ext_resource path="res://entities/env/stone/hut.tscn" type="PackedScene" id=12]
[ext_resource path="res://entities/npc/npc.tscn" type="PackedScene" id=13]
[ext_resource path="res://dialog/side_content/hermit136.dialog" type="Resource" id=14]
[ext_resource path="res://entities/env/stone/fountain.tscn" type="PackedScene" id=15]
[ext_resource path="res://entities/env/furniture/sofa.tscn" type="PackedScene" id=16]
[ext_resource path="res://entities/env/stone/water_pot.tscn" type="PackedScene" id=17]
[ext_resource path="res://entities/env/stone/wall1.tscn" type="PackedScene" id=18]
[ext_resource path="res://entities/env/stone/rock_kinematic.tscn" type="PackedScene" id=19]
[ext_resource path="res://entities/env/stone/pillar.tscn" type="PackedScene" id=20]
[ext_resource path="res://entities/env/stone/ruin1.tscn" type="PackedScene" id=21]
[ext_resource path="res://entities/env/stone/rock3.tscn" type="PackedScene" id=22]

[node name="chunk136" type="Spatial"]
script = ExtResource( 1 )

[node name="zone_top" type="MultiMeshSystem" parent="."]
transform = Transform( 1, 0, 0, 0, 1, 0, 0, 0, 1, 90.9884, -131.865, -80.7788 )

[node name="gem_pickup11" parent="zone_top" instance=ExtResource( 3 )]
transform = Transform( 1, 0, 0, 0, 1, 0, 0, 0, 1, -140.781, 12.0474, 80.2496 )

[node name="gem_pickup12" parent="zone_top" instance=ExtResource( 3 )]
transform = Transform( 1, 0, 0, 0, 1, 0, 0, 0, 1, -140.577, 12.0474, 81.1222 )

[node name="gem_pickup13" parent="zone_top" instance=ExtResource( 3 )]
transform = Transform( 1, 0, 0, 0, 1, 0, 0, 0, 1, -139.978, 12.0474, 80.2419 )

[node name="gem_pickup14" parent="zone_top" instance=ExtResource( 3 )]
transform = Transform( 1, 0, 0, 0, 1, 0, 0, 0, 1, -139.587, 12.0474, 81.0662 )

[node name="gem_pickup15" parent="zone_top" instance=ExtResource( 3 )]
transform = Transform( 1, 0, 0, 0, 1, 0, 0, 0, 1, -139.006, 12.0474, 80.2684 )

[node name="gem_pickup16" parent="zone_top" instance=ExtResource( 3 )]
transform = Transform( 1, 0, 0, 0, 1, 0, 0, 0, 1, -139.946, 12.0474, 79.3139 )

[node name="bug_pickup4" parent="zone_top" instance=ExtResource( 4 )]
transform = Transform( 1, 0, 0, 0, 1, 0, 0, 0, 1, -140.63, 16.3524, 80.4707 )

[node name="gem_pickup17" parent="zone_top" instance=ExtResource( 3 )]
transform = Transform( 1, 0, 0, 0, 1, 0, 0, 0, 1, 60.8796, 5.22639, -19.9032 )

[node name="gem_pickup18" parent="zone_top" instance=ExtResource( 3 )]
transform = Transform( 1, 0, 0, 0, 1, 0, 0, 0, 1, 59.6156, 5.96838, -18.9292 )

[node name="gem_pickup19" parent="zone_top" instance=ExtResource( 3 )]
transform = Transform( 1, 0, 0, 0, 1, 0, 0, 0, 1, 56.5936, 7.16338, -18.0071 )

[node name="gem_pickup20" parent="zone_top" instance=ExtResource( 3 )]
transform = Transform( 0.999865, -0.00216409, 0.0162921, 0, 0.991293, 0.131674, -0.0164352, -0.131656, 0.991159, 54.3736, 12.1736, -16.5996 )

[node name="gem_pickup21" parent="zone_top" instance=ExtResource( 3 )]
transform = Transform( 1, 0, 0, 0, 1, 0, 0, 0, 1, 55.4536, 12.4705, -14.3515 )

[node name="gem_pickup22" parent="zone_top" instance=ExtResource( 3 )]
transform = Transform( 1, 0, 0, 0, 1, 0, 0, 0, 1, 57.0876, 12.5691, -11.2151 )

[node name="gem_pickup23" parent="zone_top" instance=ExtResource( 3 )]
transform = Transform( 1, 0, 0, 0, 1, 0, 0, 0, 1, 58.9436, 12.8454, -8.89318 )

[node name="gem_pickup24" parent="zone_top" instance=ExtResource( 3 )]
transform = Transform( 1, 0, 0, 0, 1, 0, 0, 0, 1, 62.2066, 12.8454, -4.09098 )

[node name="gem_pickup25" parent="zone_top" instance=ExtResource( 3 )]
transform = Transform( 0.999865, -0.00216409, 0.0162921, 0, 0.991293, 0.131674, -0.0164352, -0.131656, 0.991159, 52.3542, 12.0917, -19.2872 )

[node name="gem_pickup26" parent="zone_top" instance=ExtResource( 3 )]
transform = Transform( 0.999865, -0.00216409, 0.0162921, 0, 0.991293, 0.131674, -0.0164352, -0.131656, 0.991159, 50.1257, 12.0721, -22.2208 )

[node name="gem_pickup27" parent="zone_top" instance=ExtResource( 3 )]
transform = Transform( 0.999865, -0.00216409, 0.0162921, 0, 0.991293, 0.131674, -0.0164352, -0.131656, 0.991159, 47.8328, 11.5731, -24.8143 )

[node name="gem_pickup28" parent="zone_top" instance=ExtResource( 3 )]
transform = Transform( 0.999865, -0.00216409, 0.0162921, 0, 0.991293, 0.131674, -0.0164352, -0.131656, 0.991159, 44.9594, 10.992, -28.1003 )

[node name="gem_pickup29" parent="zone_top" instance=ExtResource( 3 )]
transform = Transform( 0.999865, -0.00216409, 0.0162921, 0, 0.991293, 0.131674, -0.0164352, -0.131656, 0.991159, 40.8632, 10.3309, -32.5182 )

[node name="bug_pickup5" parent="zone_top" instance=ExtResource( 4 )]
transform = Transform( 1, 0, 0, 0, 1, 0, 0, 0, 1, 47.4716, 16.8684, -19.8092 )

[node name="bug_pickup6" parent="zone_top" instance=ExtResource( 4 )]
transform = Transform( 1, 0, 0, 0, 1, 0, 0, 0, 1, 48.8696, 17.6994, -14.7198 )

[node name="bug_pickup7" parent="zone_top" instance=ExtResource( 4 )]
transform = Transform( 1, 0, 0, 0, 1, 0, 0, 0, 1, 53.7366, 17.6994, -10.1259 )

[node name="bug_pickup8" parent="zone_top" instance=ExtResource( 4 )]
transform = Transform( 0.999865, -0.00216409, 0.0162921, 0, 0.991293, 0.131674, -0.0164352, -0.131656, 0.991159, 35.9465, 13.4402, -37.2626 )

[node name="bug_pickup10" parent="zone_top" instance=ExtResource( 4 )]
transform = Transform( 1, 0, 0, 0, 1, 0, 0, 0, 1, 14.4046, 15.2184, -71.8752 )

[node name="bug_pickup9" parent="zone_top" instance=ExtResource( 4 )]
transform = Transform( 1, 0, 0, 0, 1, 0, 0, 0, 1, 58.4466, -20.9416, -17.217 )

[node name="gem_pickup30" parent="zone_top" instance=ExtResource( 3 )]
transform = Transform( 1, 0, 0, 0, 1, 0, 0, 0, 1, 14.4746, 11.3364, -71.6842 )

[node name="gem_pickup31" parent="zone_top" instance=ExtResource( 3 )]
transform = Transform( 1, 0, 0, 0, 1, 0, 0, 0, 1, 15.0706, 11.3364, -71.4802 )

[node name="gem_pickup32" parent="zone_top" instance=ExtResource( 3 )]
transform = Transform( 1, 0, 0, 0, 1, 0, 0, 0, 1, 14.0036, 11.3364, -71.3322 )

[node name="gem_pickup33" parent="zone_top" instance=ExtResource( 3 )]
transform = Transform( 1, 0, 0, 0, 1, 0, 0, 0, 1, 14.4386, 11.3364, -72.2342 )

[node name="gem_pickup34" parent="zone_top" instance=ExtResource( 3 )]
transform = Transform( 1, 0, 0, 0, 1, 0, 0, 0, 1, 24.7286, 12.0324, -59.3222 )

[node name="gem_pickup35" parent="zone_top" instance=ExtResource( 3 )]
transform = Transform( 1, 0, 0, 0, 1, 0, 0, 0, 1, 28.7346, 9.43339, -51.1622 )

[node name="coat_pickup" parent="zone_top" instance=ExtResource( 10 )]
transform = Transform( 0.983553, 0, -0.180622, 0, 1, 0, 0.180622, 0, 0.983553, 127.213, -34.8096, -86.9912 )

[node name="gem_pickup36" parent="zone_top" instance=ExtResource( 3 )]
transform = Transform( 1, 0, 0, 0, 1, 0, 0, 0, 1, 115.332, -29.9876, -68.4412 )

[node name="gem_pickup46" parent="zone_top" instance=ExtResource( 3 )]
transform = Transform( 1, 0, 0, 0, 1, 0, 0, 0, 1, 60.0586, -11.7346, -6.52708 )

[node name="bug_pickup12" parent="zone_top" instance=ExtResource( 4 )]
transform = Transform( 1, 0, 0, 0, 1, 0, 0, 0, 1, -38.5326, -3.11761, -25.1762 )

[node name="bug_pickup13" parent="zone_top" instance=ExtResource( 4 )]
transform = Transform( 1, 0, 0, 0, 1, 0, 0, 0, 1, -37.1445, -2.42662, -23.9842 )

[node name="gem_pickup47" parent="zone_top" instance=ExtResource( 3 )]
transform = Transform( 1, 0, 0, 0, 1, 0, 0, 0, 1, -36.8401, -1.94461, -26.4182 )
quantity = 3

[node name="scrap_pile2" parent="zone_top" instance=ExtResource( 9 )]
transform = Transform( -0.60493, -0.464052, 0.647082, 0.752818, -0.598098, 0.274853, 0.259472, 0.653402, 0.711154, 52.2476, 9.06739, -19.5662 )

[node name="scrap2" parent="zone_top/scrap_pile2" instance=ExtResource( 8 )]
transform = Transform( 0.193992, 0.934441, 0.298642, -0.509029, 0.356118, -0.783626, -0.838604, -8.9407e-08, 0.544742, -5.07918, 3.78562, 8.59498 )

[node name="scrap1" parent="zone_top/scrap_pile2" instance=ExtResource( 7 )]
transform = Transform( -0.621544, 0.783379, 2.98023e-08, -0.783379, -0.621544, -2.98023e-08, -2.98023e-08, 8.9407e-08, 1, -10.04, 3.88747, 3.73579 )

[node name="crawly" parent="zone_top" instance=ExtResource( 5 )]
transform = Transform( 0.452466, 0, -0.891782, 0, 1, 0, 0.891782, 0, 0.452466, 65.4446, 3.53938, -24.4982 )
respawns = false

[node name="deathgnat" parent="zone_top" instance=ExtResource( 6 )]
transform = Transform( 0.639801, 0, -0.76854, 0, 1, 0, 0.76854, 0, 0.639801, 51.8826, 17.6034, -12.7772 )
respawns = false

[node name="deathgnat2" parent="zone_top" instance=ExtResource( 6 )]
transform = Transform( 0.063157, 0, -0.998003, 0, 1, 0, 0.998003, 0, 0.063157, 85.304, 21.4835, -18.5966 )
respawns = false

[node name="fountain" parent="zone_top" instance=ExtResource( 15 )]
transform = Transform( 0.998846, -0.0479534, -0.00271879, 0.0480304, 0.997244, 0.0565403, 0, -0.0566057, 0.998397, -79.5582, -19.7392, -76.3912 )

[node name="ruin1" parent="zone_top" instance=ExtResource( 21 )]
transform = Transform( 0.816776, 0, -0.576954, 0, 1, 0, 0.576954, 0, 0.816776, -91.3226, -25.4956, 40.4339 )

[node name="ruin2" parent="zone_top" instance=ExtResource( 21 )]
transform = Transform( 0.0911054, 0, -0.995841, 0, 1, 0, 0.995841, 0, 0.0911054, -62.7472, -25.8296, -6.94769 )

[node name="rock5" parent="zone_top" instance=ExtResource( 22 )]
transform = Transform( 0.478329, -0.235086, -0.84613, 0.441082, 0.897467, 0, 0.759374, -0.373212, 0.532977, -100.035, -29.4736, -1.62458 )

[node name="pillar2" parent="zone_top" instance=ExtResource( 20 )]
transform = Transform( 0.897467, -0.441082, 0, 0.441082, 0.897467, 0, 0, 0, 1, -28.9645, -17.5496, -24.9682 )

[node name="crawly2" parent="zone_top" instance=ExtResource( 5 )]
transform = Transform( 0.979729, 0, 0.200328, 0, 1, 0, -0.200328, 0, 0.979729, -97.6209, -19.7896, 5.55002 )
respawns = false

[node name="zone_side" type="MultiMeshSystem" parent="."]
transform = Transform( 1, 0, 0, 0, 1, 0, 0, 0, 1, -61.081, -214.094, 104.761 )

[node name="wall1" parent="zone_side" instance=ExtResource( 18 )]
transform = Transform( 1, 0, 0, 0, 1, 0, 0, 0, 1, 13.2646, 13.6192, -2.36588 )

[node name="pillar" parent="zone_side" instance=ExtResource( 20 )]
transform = Transform( -0.318633, -0.947878, 0, 0.947878, -0.318633, 0, 0, 0, 1, -7.91072, 11.8412, 4.98512 )

[node name="rock_kinematic" parent="zone_side" instance=ExtResource( 19 )]
transform = Transform( 1, 0, 0, 0, 0.96518, -0.261586, 0, 0.261586, 0.96518, 21.5229, 20.9892, -9.02328 )

[node name="rock_kinematic2" parent="zone_side" instance=ExtResource( 19 )]
transform = Transform( -0.997012, -6.56629e-05, -0.077243, 0, 1, -0.000850081, 0.077243, -0.000847542, -0.997012, -10.9629, 9.85519, 11.5071 )

[node name="rock3" parent="zone_side" instance=ExtResource( 11 )]
transform = Transform( 0.999642, 0, 0.0267724, 0, 1, 0, -0.0267724, 0, 0.999642, 42.4758, 30.1892, -43.4206 )

[node name="rock4" parent="zone_side" instance=ExtResource( 11 )]
transform = Transform( 0.704297, -0.709886, -0.00524514, -0.026757, -0.0339281, 0.999066, -0.709401, -0.703499, -0.0428899, 95.7939, 51.2162, -49.2206 )

[node name="gem_pickup9" parent="zone_side" instance=ExtResource( 3 )]
transform = Transform( 1, 0, 0, 0, 1, 0, 0, 0, 1, 36.0252, 24.2262, -11.5635 )

[node name="bug_pickup3" parent="zone_side" instance=ExtResource( 4 )]
transform = Transform( -0.806981, 0, -0.590578, 0, 1, 0, 0.590578, 0, -0.806981, -67.397, 13.3022, 15.5211 )

[node name="gem_pickup" parent="zone_side" instance=ExtResource( 3 )]
transform = Transform( 1, 0, 0, 0, 1, 0, 0, 0, 1, -50.428, 15.9462, 14.9481 )

[node name="gem_pickup2" parent="zone_side" instance=ExtResource( 3 )]
transform = Transform( 1, 0, 0, 0, 1, 0, 0, 0, 1, -50.428, 15.8212, 23.0131 )

[node name="gem_pickup3" parent="zone_side" instance=ExtResource( 3 )]
transform = Transform( 1, 0, 0, 0, 1, 0, 0, 0, 1, -50.428, 11.1252, 27.3031 )

[node name="gem_pickup4" parent="zone_side" instance=ExtResource( 3 )]
transform = Transform( 1, 0, 0, 0, 1, 0, 0, 0, 1, -50.428, 4.3492, 30.7531 )

[node name="gem_pickup5" parent="zone_side" instance=ExtResource( 3 )]
transform = Transform( 1, 0, 0, 0, 1, 0, 0, 0, 1, -50.428, 5.06119, 0.00112152 )

[node name="gem_pickup6" parent="zone_side" instance=ExtResource( 3 )]
transform = Transform( 1, 0, 0, 0, 1, 0, 0, 0, 1, -50.428, 10.2772, 4.37113 )

[node name="gem_pickup8" parent="zone_side" instance=ExtResource( 3 )]
transform = Transform( 1, 0, 0, 0, 1, 0, 0, 0, 1, -57.83, -11.9758, 15.7501 )

[node name="gem_pickup7" parent="zone_side" instance=ExtResource( 3 )]
transform = Transform( 1, 0, 0, 0, 1, 0, 0, 0, 1, -50.428, 13.7202, 7.81413 )

[node name="gem_pickup10" parent="zone_side" instance=ExtResource( 3 )]
transform = Transform( 1, 0, 0, 0, 1, 0, 0, 0, 1, 96.7723, 63.2642, -74.953 )

[node name="palace2" parent="zone_side" instance=ExtResource( 2 )]
transform = Transform( -0.216269, -0.976334, 0, 0.976334, -0.216269, 0, 0, 0, 1, -49.148, -2.43881, 15.1571 )

[node name="bug_pickup2" parent="zone_side" instance=ExtResource( 4 )]
transform = Transform( -0.738032, 0, -0.674766, 0, 1, 0, 0.674766, 0, -0.738032, -112.926, -28.9028, -5.92959 )

[node name="zone_front" type="MultiMeshSystem" parent="."]
transform = Transform( 1, 0, 0, 0, 1, 0, 0, 0, 1, -143.999, -230.486, -157.123 )

[node name="scrap1" parent="zone_front" instance=ExtResource( 7 )]
transform = Transform( 1, 0, 0, 0, 0.761617, -0.648027, 0, 0.648027, 0.761617, 35.7547, 60.7283, -51.7735 )

[node name="water_pot" parent="zone_front" instance=ExtResource( 17 )]
transform = Transform( 1, 0, 0, 0, 1, 0, 0, 0, 1, 30.8047, 63.4453, -58.3945 )

[node name="sofa" parent="zone_front" instance=ExtResource( 16 )]
transform = Transform( 0.909294, 0, -0.416154, 0, 1, 0, 0.416154, 0, 0.909294, 28.5057, 66.5343, -58.0255 )

[node name="rock2" parent="zone_front" instance=ExtResource( 11 )]
transform = Transform( -0.744346, -0.192451, -0.639463, 0.491533, 0.490311, -0.719715, 0.452046, -0.850034, -0.270365, -13.4903, -17.3157, 63.0193 )

[node name="gem_pickup37" parent="zone_front/rock2" instance=ExtResource( 3 )]
transform = Transform( -0.744345, 0.491533, 0.452045, -0.192451, 0.490312, -0.850034, -0.639463, -0.719716, -0.270365, 10.733, 6.20791, 4.30231 )

[node name="gem_pickup38" parent="zone_front/rock2" instance=ExtResource( 3 )]
transform = Transform( -0.744345, 0.491533, 0.452045, -0.192451, 0.490312, -0.850034, -0.639463, -0.719716, -0.270365, 6.83346, 7.86025, 1.68237 )

[node name="gem_pickup39" parent="zone_front/rock2" instance=ExtResource( 3 )]
transform = Transform( -0.744345, 0.491533, 0.452045, -0.192451, 0.490312, -0.850034, -0.639463, -0.719716, -0.270365, 2.29107, 8.02832, -4.83594 )

[node name="gem_pickup40" parent="zone_front/rock2" instance=ExtResource( 3 )]
transform = Transform( -0.744345, 0.491533, 0.452045, -0.192451, 0.490312, -0.850034, -0.639463, -0.719716, -0.270365, 9.6352, 5.44806, -2.07269 )

[node name="gem_pickup41" parent="zone_front/rock2" instance=ExtResource( 3 )]
transform = Transform( -0.744345, 0.491533, 0.452045, -0.192451, 0.490312, -0.850034, -0.639463, -0.719716, -0.270365, 13.2928, 1.24247, -6.01065 )

[node name="bug_pickup11" parent="zone_front/rock2" instance=ExtResource( 4 )]
transform = Transform( -0.744345, 0.491533, 0.452045, -0.192451, 0.490312, -0.850034, -0.639463, -0.719716, -0.270365, 3.71556, 1.68824, -15.8048 )

[node name="gem_pickup42" parent="zone_front/rock2" instance=ExtResource( 3 )]
transform = Transform( -0.744345, 0.491533, 0.452045, -0.192451, 0.490312, -0.850034, -0.639463, -0.719716, -0.270365, 5.84712, 4.37256, -11.4296 )

[node name="gem_pickup43" parent="zone_front/rock2" instance=ExtResource( 3 )]
transform = Transform( -0.744345, 0.491533, 0.452045, -0.192451, 0.490312, -0.850034, -0.639463, -0.719716, -0.270365, 8.32887, 0.65979, -12.8601 )

[node name="gem_pickup44" parent="zone_front/rock2" instance=ExtResource( 3 )]
transform = Transform( -0.744345, 0.491533, 0.452045, -0.192451, 0.490312, -0.850034, -0.639463, -0.719716, -0.270365, -8.12603, 6.64068, -5.84152 )

[node name="bug_pickup" parent="zone_front" instance=ExtResource( 4 )]
transform = Transform( -0.738032, 0, -0.674766, 0, 1, 0, 0.674766, 0, -0.738032, -0.00126648, 76.3363, 181.123 )

[node name="gem_pickup45" parent="zone_front" instance=ExtResource( 3 )]
transform = Transform( 1, 0, 0, 0, 1, 0, 0, 0, 1, 35.6147, 64.1783, -52.6935 )

[node name="hut" parent="zone_front" instance=ExtResource( 12 )]
transform = Transform( 0.00207694, 0, -0.999998, 0, 1, 0, 0.999998, 0, 0.00207694, 30.1437, 62.4453, -60.9165 )

[node name="gem_pickup" parent="zone_front/hut" instance=ExtResource( 3 )]
transform = Transform( 1, 0, 0, 0, 1, 0, 0, 0, 1, 4.08185, 1.30905, -1.38564 )

[node name="gem_pickup2" parent="zone_front/hut" instance=ExtResource( 3 )]
transform = Transform( 1, 0, 0, 0, 1, 0, 0, 0, 1, 3.36018, 1.25455, -2.74728 )

[node name="gem_pickup3" parent="zone_front/hut" instance=ExtResource( 3 )]
transform = Transform( 1, 0, 0, 0, 1, 0, 0, 0, 1, 3.77257, 1.14198, -0.541656 )

[node name="bug_pickup2" parent="zone_front/hut" instance=ExtResource( 4 )]
transform = Transform( 1, 0, 0, 0, 1, 0, 0, 0, 1, 1.1373, 4.70328, -1.6039 )

[node name="bug_pickup" parent="zone_front/hut" instance=ExtResource( 4 )]
transform = Transform( 1, 0, 0, 0, 1, 0, 0, 0, 1, -0.313004, 5.57303, -1.09317 )

[node name="gem_pickup4" parent="zone_front/hut" instance=ExtResource( 3 )]
transform = Transform( 1, 0, 0, 0, 1, 0, 0, 0, 1, 0.134323, 10.4828, -0.0889435 )

[node name="bug_pickup3" parent="zone_front/hut" instance=ExtResource( 4 )]
transform = Transform( 1, 0, 0, 0, 1, 0, 0, 0, 1, 3.36348, 12.0347, -1.20659 )

[node name="npc" parent="zone_front/hut" instance=ExtResource( 13 )]
transform = Transform( 0.57196, 0, 0.820282, 0, 1, 0, -0.820282, 0, 0.57196, -2.32262, 1, 0.774185 )
dialog = ExtResource( 14 )
visual_name = "The Hermit"
