[gd_scene load_steps=58 format=2]

[ext_resource path="res://areas/chunk_content.gd" type="Script" id=1]
[ext_resource path="res://entities/env/plants/tree2.tscn" type="PackedScene" id=2]
[ext_resource path="res://entities/env/stone/fountain.tscn" type="PackedScene" id=3]
[ext_resource path="res://entities/env/plants/tree1.tscn" type="PackedScene" id=4]
[ext_resource path="res://entities/env/stone/rock1.tscn" type="PackedScene" id=5]
[ext_resource path="res://entities/env/stone/rock2.tscn" type="PackedScene" id=6]
[ext_resource path="res://entities/env/stone/rock4.tscn" type="PackedScene" id=7]
[ext_resource path="res://entities/env/stone/rock_collapsible.tscn" type="PackedScene" id=8]
[ext_resource path="res://entities/env/stone/rock_kinematic.tscn" type="PackedScene" id=9]
[ext_resource path="res://entities/env/stone/rock3.tscn" type="PackedScene" id=10]
[ext_resource path="res://entities/env/copper/mine_shack.tscn" type="PackedScene" id=11]
[ext_resource path="res://entities/env/copper/crate1.tscn" type="PackedScene" id=12]
[ext_resource path="res://items/random_ammo_pickup.tscn" type="PackedScene" id=13]
[ext_resource path="res://items/item_pickup.tscn" type="PackedScene" id=14]
[ext_resource path="res://ui/items/vis/mesh_wave_shot.tscn" type="PackedScene" id=15]
[ext_resource path="res://entities/env/copper/c_table.tscn" type="PackedScene" id=16]
[ext_resource path="res://entities/env/copper/scrap_pile1.tscn" type="PackedScene" id=17]
[ext_resource path="res://entities/env/copper/scrap4.tscn" type="PackedScene" id=18]
[ext_resource path="res://items/bug_pickup.tscn" type="PackedScene" id=19]
[ext_resource path="res://items/gem_pickup.tscn" type="PackedScene" id=20]
[ext_resource path="res://entities/enemies/deathgnat.tscn" type="PackedScene" id=21]
[ext_resource path="res://entities/enemies/crawly.tscn" type="PackedScene" id=22]
[ext_resource path="res://entities/env/copper/basin.tscn" type="PackedScene" id=23]
[ext_resource path="res://entities/env/ancient/gem_big.tscn" type="PackedScene" id=24]
[ext_resource path="res://entities/env/copper/drill2.tscn" type="PackedScene" id=25]
[ext_resource path="res://entities/env/plants/tree3.tscn" type="PackedScene" id=26]
[ext_resource path="res://management/environment_override.gd" type="Script" id=27]
[ext_resource path="res://entities/env/plants/cactus_round_flower.tscn" type="PackedScene" id=28]
[ext_resource path="res://entities/env/plants/cactus_round.tscn" type="PackedScene" id=29]
[ext_resource path="res://entities/env/plants/juniper_small.tscn" type="PackedScene" id=30]
[ext_resource path="res://entities/env/stone/hut.tscn" type="PackedScene" id=31]
[ext_resource path="res://entities/wardrobe.tscn" type="PackedScene" id=32]
[ext_resource path="res://items/coat_pickup.tscn" type="PackedScene" id=33]
[ext_resource path="res://entities/env/stone/garden_empty.tscn" type="PackedScene" id=34]
[ext_resource path="res://entities/env/stone/pillar.tscn" type="PackedScene" id=35]
[ext_resource path="res://entities/env/stone/ruin1.tscn" type="PackedScene" id=36]
[ext_resource path="res://entities/death_plane.tscn" type="PackedScene" id=37]
[ext_resource path="res://material/death_plane.shader" type="Shader" id=38]
[ext_resource path="res://entities/visual/distance_visible.gd" type="Script" id=39]
[ext_resource path="res://entities/env/copper/mine_shack_small.tscn" type="PackedScene" id=40]
[ext_resource path="res://entities/env/copper/scrap1.tscn" type="PackedScene" id=41]
[ext_resource path="res://entities/enemies/tentpole.tscn" type="PackedScene" id=42]
[ext_resource path="res://entities/env/stone/wall1.tscn" type="PackedScene" id=43]
[ext_resource path="res://entities/env/plants/grass1.tscn" type="PackedScene" id=44]
[ext_resource path="res://entities/env/furniture/bottle2.tscn" type="PackedScene" id=45]
[ext_resource path="res://areas/sub_chunks/085_mine.tscn" type="PackedScene" id=46]
[ext_resource path="res://material/water_with_interior.tres" type="Material" id=47]

[sub_resource type="OccluderShapePolygon" id=3]
polygon_points = PoolVector2Array( 299.872, -348.413, 185.207, 25.06, -160.296, 25.8972, -324.138, -346.563, 257.417, 13.5788, -216.089, -0.0483093 )

[sub_resource type="OccluderShapePolygon" id=4]
polygon_points = PoolVector2Array( 318.891, -242.667, 195.017, 63.577, -210.606, 67.6781, -255.78, -323.667 )

[sub_resource type="OccluderShapePolygon" id=5]
polygon_points = PoolVector2Array( 165.673, -209.4, 131.541, 10.1086, -89.1744, 0.57489, -238.199, -278.237 )

[sub_resource type="OccluderShapePolygon" id=8]
polygon_points = PoolVector2Array( 467.255, -190.976, 524.802, 95.0254, -181.309, 95.0845, -162.194, -287.713 )

[sub_resource type="BoxShape" id=1]
extents = Vector3( 56.7201, 32.7214, 37.0466 )

[sub_resource type="BoxShape" id=2]
extents = Vector3( 167.911, 46.1379, 99.4488 )

[sub_resource type="BoxShape" id=10]
extents = Vector3( 20, 1, 10 )

[sub_resource type="CubeMesh" id=11]
size = Vector3( 40, 2, 20 )

[sub_resource type="ShaderMaterial" id=15]
resource_local_to_scene = true
shader = ExtResource( 38 )
shader_param/max_depth = 20.0
shader_param/depth_color = null

[sub_resource type="Gradient" id=9]
colors = PoolColorArray( 0.683594, 1, 0.985168, 1, 0.0546875, 1, 0, 1 )

[node name="chunk085" type="MultiMeshSystem"]
script = ExtResource( 1 )

[node name="Occluder" type="Occluder" parent="."]
transform = Transform( 0.999723, 0, 0.0235206, 0, 1, 0, -0.0235206, 0, 0.999723, 187.48, 423.625, -142.823 )
shape = SubResource( 3 )

[node name="Occluder2" type="Occluder" parent="."]
transform = Transform( 1, 0, 0, 0, 0.993672, -0.112324, 0, 0.112324, 0.993672, 189.847, 351.47, 46.7234 )
shape = SubResource( 4 )

[node name="Occluder3" type="Occluder" parent="."]
transform = Transform( -0.0561853, 0, 0.99842, 0, 1, 0, -0.99842, 0, -0.0561853, 3.91424, 426.409, -57.7137 )
shape = SubResource( 5 )

[node name="Occluder4" type="Occluder" parent="."]
transform = Transform( 1, 0, 0, 0, -4.37114e-08, -1, 0, 1, -4.37114e-08, 20.4576, 135.809, 65.9377 )
shape = SubResource( 8 )

[node name="deathgnat" parent="." instance=ExtResource( 21 )]
transform = Transform( -0.168595, 0, -0.985685, 0, 1, 0, 0.985685, 0, -0.168595, 257.62, 460.319, -139.53 )
reset_on_player_death = true
drops_coat = true
orb_cooldown = 1.0
orb_speed = 10.0

[node name="deathgnat2" parent="." instance=ExtResource( 21 )]
transform = Transform( -0.31928, 0, -0.947661, 0, 1, 0, 0.947661, 0, -0.31928, 250.825, 458.471, -131.865 )

[node name="deathgnat3" parent="." instance=ExtResource( 21 )]
transform = Transform( 0.226476, 0, -0.974017, 0, 1, 0, 0.974017, 0, 0.226476, 252.133, 458.471, -145.888 )

[node name="zone_canyon" type="MultiMeshSystem" parent="."]
transform = Transform( 1, 0, 0, 0, 1, 0, 0, 0, 1, 204.453, 381.503, -43.1214 )

[node name="env" type="Area" parent="zone_canyon"]
transform = Transform( 1, 0, 0, 0, 1, 0, 0, 0, 1, -70.662, 3.27701, -5.629 )
collision_layer = 0
collision_mask = 2
script = ExtResource( 27 )

[node name="CollisionShape2" type="CollisionShape" parent="zone_canyon/env"]
transform = Transform( 0.979395, 0, 0.201953, 0, 1, 0, -0.201953, 0, 0.979395, 183.093, -22.0265, -63.6811 )
shape = SubResource( 1 )

[node name="CollisionShape3" type="CollisionShape" parent="zone_canyon/env"]
transform = Transform( 0.977084, 0, -0.212856, 0, 1, 0, 0.212856, 0, 0.977084, 184.141, -22.0265, 49.3991 )
shape = SubResource( 1 )

[node name="CollisionShape" type="CollisionShape" parent="zone_canyon/env"]
transform = Transform( 1, 0, 0, 0, 1, 0, 0, 0, 1, 26.0157, -8.73203, 6.91978 )
shape = SubResource( 2 )

[node name="scrap1" parent="zone_canyon" instance=ExtResource( 41 )]
transform = Transform( 1, 0, 0, 0, 1, 0, 0, 0, 1, 136.91, -8.07306, -79.8275 )

[node name="tree2" parent="zone_canyon" instance=ExtResource( 2 )]
transform = Transform( 1, 0, 0, 0, 1, 0, 0, 0, 1, -26.4284, 13.6451, -54.5496 )

[node name="bug_pickup" parent="zone_canyon/tree2" instance=ExtResource( 19 )]
transform = Transform( 1, 0, 0, 0, 1, 0, 0, 0, 1, 0.568604, 5.80524, 0.276001 )

[node name="tree4" parent="zone_canyon" instance=ExtResource( 2 )]
transform = Transform( -0.761461, 0, -0.648211, 0, 1, 0, 0.648211, 0, -0.761461, -4.69144, -39.4249, -1.25824 )

[node name="tree5" parent="zone_canyon" instance=ExtResource( 2 )]
transform = Transform( -0.761461, 0, -0.648211, 0, 1, 0, 0.648211, 0, -0.761461, -97.9244, -6.99091, -14.1805 )

[node name="tree6" parent="zone_canyon" instance=ExtResource( 2 )]
transform = Transform( 0.852636, 0, -0.522506, 0, 1, 0, 0.522506, 0, 0.852636, -94.0424, -8.62091, 43.1186 )

[node name="tree7" parent="zone_canyon" instance=ExtResource( 2 )]
transform = Transform( 0.678585, 0, 0.734522, 0, 1, 0, -0.734522, 0, 0.678585, -65.3254, -20.2789, -22.0471 )

[node name="tree3" parent="zone_canyon" instance=ExtResource( 2 )]
transform = Transform( -0.525937, 0, -0.850524, 0, 1, 0, 0.850524, 0, -0.525937, -90.6334, 19.5981, -63.6636 )

[node name="fountain" parent="zone_canyon" instance=ExtResource( 3 )]
transform = Transform( 1, 0, 0, 0, 0.998388, 0.056755, 0, -0.056755, 0.998388, -101.053, 19.6691, -64.6486 )

[node name="rock1" parent="zone_canyon" instance=ExtResource( 5 )]
transform = Transform( 1, 0, 0, 0, 0.675476, -0.737382, 0, 0.737382, 0.675476, -8.25243, -39.8639, 35.4446 )

[node name="rock2" parent="zone_canyon" instance=ExtResource( 6 )]
transform = Transform( -0.615589, 0, 0.788067, -0.609912, 0.633267, -0.476425, -0.499057, -0.773933, -0.389832, 31.9062, -41.1799, -0.249268 )

[node name="rock_collapsible" parent="zone_canyon" instance=ExtResource( 8 )]
transform = Transform( -0.15624, 0, 0.987719, 0, 1, 0, -0.987719, 0, -0.15624, 94.0976, -25.5809, 26.4307 )

[node name="rock_kinematic" parent="zone_canyon" instance=ExtResource( 9 )]
transform = Transform( 1, 0, 0, 0, 1, 0, 0, 0, 1, 79.3256, -38.9507, -6.53493 )

[node name="rock3" parent="zone_canyon" instance=ExtResource( 10 )]
transform = Transform( 1, 0, 0, 0, 1, 0, 0, 0, 1, 120.274, -35.2729, -22.7118 )

[node name="mine_shack" parent="zone_canyon" instance=ExtResource( 11 )]
transform = Transform( 1, 0, 0, 0, 1, 0, 0, 0, 1, -121.046, 3.2471, -3.85564 )

[node name="bug_pickup2" parent="zone_canyon/mine_shack" instance=ExtResource( 19 )]
transform = Transform( 1, 0, 0, 0, 1, 0, 0, 0, 1, 1.64023, 2.02426, 1.16615 )

[node name="bug_pickup" parent="zone_canyon/mine_shack" instance=ExtResource( 19 )]
transform = Transform( -0.966417, 0, 0.256977, 0, 1, 0, -0.256977, 0, -0.966417, 0.0151901, 1.38867, 8.73705 )

[node name="crate1" parent="zone_canyon/mine_shack" instance=ExtResource( 12 )]
transform = Transform( -0.823679, 0, 0.567056, 0, 1, 0, -0.567056, 0, -0.823679, 0.580811, 0.0423584, -5.39859 )

[node name="random_ammo_pickup" parent="zone_canyon/mine_shack/crate1" instance=ExtResource( 13 )]
transform = Transform( 1, 0, 0, 0, 1, 0, 0, 0, 1, -0.00626755, 0.107727, -0.360306 )

[node name="random_ammo_pickup2" parent="zone_canyon/mine_shack/crate1" instance=ExtResource( 13 )]
transform = Transform( 1, 0, 0, 0, 1, 0, 0, 0, 1, 0.0218925, 0.107727, 0.0624008 )

[node name="random_ammo_pickup3" parent="zone_canyon/mine_shack/crate1" instance=ExtResource( 13 )]
transform = Transform( 1, 0, 0, 0, 1, 0, 0, 0, 1, 0.0446548, 0.107727, 0.362602 )

[node name="c_table" parent="zone_canyon/mine_shack" instance=ExtResource( 16 )]
transform = Transform( 1, 0, 0, 0, 1, 0, 0, 0, 1, 0.312637, 0, -0.065052 )

[node name="wep_wave_shot_pickup" parent="zone_canyon/mine_shack/c_table" instance=ExtResource( 14 )]
transform = Transform( 0.266551, -0.963821, 0, 0.963821, 0.266551, 0, 0, 0, 1, 0.30677, 0.815979, 0.0157623 )
item_id = "wep_wave_shot"
preview = ExtResource( 15 )

[node name="scrap4" parent="zone_canyon/mine_shack" instance=ExtResource( 18 )]
transform = Transform( 0.544858, 0.693576, -0.471256, -0.524582, 0.720384, 0.45372, 0.654175, 2.98023e-08, 0.756344, 12.3115, -9.13196, 3.79938 )

[node name="scrap_pile1" parent="zone_canyon/mine_shack" instance=ExtResource( 17 )]
transform = Transform( 0.738741, -0.214487, -0.63895, 0.162226, 0.976727, -0.140312, 0.654175, 0, 0.756343, -7.31293, 0, 9.69176 )

[node name="bug_pickup3" parent="zone_canyon/mine_shack" instance=ExtResource( 19 )]
transform = Transform( -0.951132, 0, 0.308783, 0, 1, 0, -0.308783, 0, -0.951132, 4.99103, 12.7218, 0.132683 )

[node name="bug_pickup4" parent="zone_canyon/mine_shack" instance=ExtResource( 19 )]
transform = Transform( 1, 0, 0, 0, 1, 0, 0, 0, 1, 6.36507, 12.662, -9.1348 )

[node name="bug_pickup5" parent="zone_canyon/mine_shack" instance=ExtResource( 19 )]
transform = Transform( -0.694202, 0, -0.71978, 0, 1, 0, 0.71978, 0, -0.694202, -6.62202, -1.50671, -4.63114 )

[node name="gem_pickup" parent="zone_canyon" instance=ExtResource( 20 )]
transform = Transform( 1, 0, 0, 0, 1, 0, 0, 0, 1, -74.5104, 1.1991, -42.9873 )

[node name="gem_pickup2" parent="zone_canyon" instance=ExtResource( 20 )]
transform = Transform( 1, 0, 0, 0, 1, 0, 0, 0, 1, -81.0304, 2.94409, -42.9873 )

[node name="gem_pickup3" parent="zone_canyon" instance=ExtResource( 20 )]
transform = Transform( 1, 0, 0, 0, 1, 0, 0, 0, 1, -89.3964, 4.90411, -42.9873 )

[node name="gem_pickup4" parent="zone_canyon" instance=ExtResource( 20 )]
transform = Transform( 1, 0, 0, 0, 1, 0, 0, 0, 1, -99.3674, 6.2381, -42.9873 )

[node name="gem_pickup5" parent="zone_canyon" instance=ExtResource( 20 )]
transform = Transform( 1, 0, 0, 0, 1, 0, 0, 0, 1, -109.687, 6.99911, -42.9873 )

[node name="gem_pickup6" parent="zone_canyon" instance=ExtResource( 20 )]
transform = Transform( 1, 0, 0, 0, 1, 0, 0, 0, 1, -116.37, 6.99911, -38.9267 )

[node name="gem_pickup10" parent="zone_canyon" instance=ExtResource( 20 )]
transform = Transform( 1, 0, 0, 0, 1, 0, 0, 0, 1, -121.968, 2.1391, -16.9461 )

[node name="gem_pickup11" parent="zone_canyon" instance=ExtResource( 20 )]
transform = Transform( 1, 0, 0, 0, 1, 0, 0, 0, 1, -121.968, 1.94809, -18.7326 )

[node name="crawly" parent="zone_canyon" instance=ExtResource( 22 )]
transform = Transform( 1, 0, 0, 0, 1, 0, 0, 0, 1, -122.519, 3.2471, -12.4356 )
respawns = false

[node name="crawly2" parent="zone_canyon" instance=ExtResource( 22 )]
transform = Transform( -0.238544, 0, -0.971132, 0, 1, 0, 0.971132, 0, -0.238544, -124.077, 3.2471, 0.385365 )

[node name="crawly3" parent="zone_canyon" instance=ExtResource( 22 )]
transform = Transform( 0.0412735, 0, 0.999148, 0, 1, 0, -0.999148, 0, 0.0412735, -118.357, 3.2471, -7.64503 )
respawns = false

[node name="crawly4" parent="zone_canyon" instance=ExtResource( 22 )]
transform = Transform( 0.0184106, 0, -0.99983, 0, 1, 0, 0.99983, 0, 0.0184106, -117.829, 15.3981, 2.06237 )
reset_on_player_death = true

[node name="basin" parent="zone_canyon" instance=ExtResource( 23 )]
transform = Transform( -0.0652321, 0.78225, -0.61954, 0.0282806, -0.619164, -0.784753, -0.997469, -0.068712, 0.0182669, 12.6092, -37.7579, 1.58783 )

[node name="gem_big" parent="zone_canyon" instance=ExtResource( 24 )]
transform = Transform( -0.000504411, -0.999625, 0.0273933, 0.0184036, -0.0273979, -0.999455, 0.99983, 0, 0.0184106, 19.4822, -39.5469, 9.34503 )

[node name="gem_pickup7" parent="zone_canyon" instance=ExtResource( 20 )]
transform = Transform( 1, 0, 0, 0, 1, 0, 0, 0, 1, 17.1592, -39.5389, 7.77083 )
quantity = 3

[node name="gem_pickup8" parent="zone_canyon" instance=ExtResource( 20 )]
transform = Transform( 1, 0, 0, 0, 1, 0, 0, 0, 1, 18.0092, -39.5389, 11.756 )
quantity = 3

[node name="gem_pickup9" parent="zone_canyon" instance=ExtResource( 20 )]
transform = Transform( 1, 0, 0, 0, 1, 0, 0, 0, 1, 24.7592, -39.5389, 10.5368 )
quantity = 3

[node name="bug_pickup" parent="zone_canyon" instance=ExtResource( 19 )]
transform = Transform( -0.018065, 0, 0.999837, 0, 1, 0, -0.999837, 0, -0.018065, 16.5482, -36.2579, 7.26684 )

[node name="bug_pickup2" parent="zone_canyon" instance=ExtResource( 19 )]
transform = Transform( 0.99996, 0, 0.00893974, 0, 1, 0, -0.00893974, 0, 0.99996, 15.7242, -37.3209, 0.550434 )

[node name="drill2" parent="zone_canyon" instance=ExtResource( 25 )]
transform = Transform( -0.154513, 0.481186, 0.862894, -0.952117, -0.305733, 0, 0.263815, -0.821576, 0.505385, 7.86957, -38.0109, -19.2604 )

[node name="rock6" parent="zone_canyon" instance=ExtResource( 10 )]
transform = Transform( 0.855046, -0.517758, 0.028688, 0, 0.0553233, 0.998469, -0.518552, -0.853736, 0.047304, 0.0545654, 16.5981, -80.4226 )

[node name="rock7" parent="zone_canyon" instance=ExtResource( 5 )]
transform = Transform( 1, 0, 0, 0, 0.019868, -0.999803, 0, 0.999803, 0.019868, -48.2114, 14.5031, -77.4036 )

[node name="rock_collapsible2" parent="zone_canyon" instance=ExtResource( 8 )]
transform = Transform( -0.129868, 0, -0.991531, 0, 1, 0, 0.991531, 0, -0.129868, 25.9256, 32.5171, -83.0486 )

[node name="rock_collapsible3" parent="zone_canyon" instance=ExtResource( 8 )]
transform = Transform( -0.269329, 0, -0.963048, 0, 1, 0, 0.963048, 0, -0.269329, 46.3666, 39.3491, -77.8006 )

[node name="bug_pickup3" parent="zone_canyon" instance=ExtResource( 19 )]
transform = Transform( 1, 0, 0, 0, 1, 0, 0, 0, 1, 46.6206, 40.1191, -77.8976 )
quantity = 8

[node name="gem_pickup12" parent="zone_canyon" instance=ExtResource( 20 )]
transform = Transform( 1, 0, 0, 0, 1, 0, 0, 0, 1, 25.9176, 33.3221, -83.0786 )
quantity = 3

[node name="crawly5" parent="zone_canyon" instance=ExtResource( 22 )]
transform = Transform( 0.335179, 0, -0.942155, 0, 1, 0, 0.942155, 0, 0.335179, 77.9326, 19.8931, -60.7616 )
reset_on_player_death = true
shielded = true

[node name="crawly6" parent="zone_canyon" instance=ExtResource( 22 )]
transform = Transform( 1, 0, 0, 0, 1, 0, 0, 0, 1, 86.6136, 19.7681, -58.8716 )
reset_on_player_death = true
shielded = true

[node name="crawly7" parent="zone_canyon" instance=ExtResource( 22 )]
transform = Transform( 0.704024, 0, -0.710176, 0, 1, 0, 0.710176, 0, 0.704024, 92.1446, 19.7061, -63.5796 )
reset_on_player_death = true
drops_coat = true
maximum_rarity = 3
health = 80
shielded = true

[node name="crawly8" parent="zone_canyon" instance=ExtResource( 22 )]
transform = Transform( -0.193905, 0, -0.98102, 0, 1, 0, 0.98102, 0, -0.193905, 39.1016, 12.9221, 55.9181 )
reset_on_player_death = true
cloaked = true

[node name="deathgnat4" parent="zone_canyon" instance=ExtResource( 21 )]
transform = Transform( 0.0817445, 0, -0.996653, 0, 1, 0, 0.996653, 0, 0.0817445, 29.4382, -23.5269, -0.137966 )
reset_on_player_death = true
cloaked = true

[node name="deathgnat5" parent="zone_canyon" instance=ExtResource( 21 )]
transform = Transform( 0.0817445, 0, -0.996653, 0, 1, 0, 0.996653, 0, 0.0817445, 29.7342, -21.4579, 4.04323 )
reset_on_player_death = true
shielded = true

[node name="crawly10" parent="zone_canyon" instance=ExtResource( 22 )]
transform = Transform( 0.559901, 0, -0.82856, 0, 1, 0, 0.82856, 0, 0.559901, 22.9022, -38.6659, -19.5978 )
reset_on_player_death = true
mesh_node = NodePath("../crawly/Armature/Skeleton/crawly")

[node name="crawly9" parent="zone_canyon" instance=ExtResource( 22 )]
transform = Transform( -0.0882575, 0, -0.996098, 0, 1, 0, 0.996098, 0, -0.0882575, 33.7112, -38.5689, -15.9153 )
reset_on_player_death = true
cloaked = true

[node name="crawly11" parent="zone_canyon" instance=ExtResource( 22 )]
transform = Transform( -0.143719, 0, -0.989619, 0, 1, 0, 0.989619, 0, -0.143719, 38.8436, -39.6079, 17.0262 )
reset_on_player_death = true
cloaked = true

[node name="crawly12" parent="zone_canyon" instance=ExtResource( 22 )]
transform = Transform( -0.170227, 0, -0.985405, 0, 1, 0, 0.985405, 0, -0.170227, 26.7406, -39.6349, 19.8083 )
reset_on_player_death = true

[node name="tree8" parent="zone_canyon" instance=ExtResource( 26 )]
transform = Transform( 1, 0, 0, 0, 1, 0, 0, 0, 1, -108.559, -4.8819, 27.0602 )

[node name="bug_pickup" parent="zone_canyon/tree8" instance=ExtResource( 19 )]
transform = Transform( 0.668745, 0, 0.743492, 0, 1, 0, -0.743492, 0, 0.668745, 2.45682, 10.6519, 1.179 )

[node name="bug_pickup2" parent="zone_canyon/tree8" instance=ExtResource( 19 )]
transform = Transform( -0.624077, 0, 0.781363, 0, 1, 0, -0.781363, 0, -0.624077, 6.05761, 17.5635, -3.42835 )

[node name="bug_pickup3" parent="zone_canyon/tree8" instance=ExtResource( 19 )]
transform = Transform( 0.162391, 0, -0.986727, 0, 1, 0, 0.986727, 0, 0.162391, -1.54403, 20.7757, -2.37613 )

[node name="bug_pickup4" parent="zone_canyon/tree8" instance=ExtResource( 19 )]
transform = Transform( 0.162391, 0, -0.986727, 0, 1, 0, 0.986727, 0, 0.162391, -1.29097, 25.4765, -0.838465 )

[node name="bug_pickup5" parent="zone_canyon/tree8" instance=ExtResource( 19 )]
transform = Transform( -0.380401, 0, 0.924822, 0, 1, 0, -0.924822, 0, -0.380401, 1.03683, 25.4765, -1.33222 )

[node name="tree9" parent="zone_canyon" instance=ExtResource( 26 )]
transform = Transform( 0.490117, 0, 0.871657, 0, 1, 0, -0.871657, 0, 0.490117, 19.6876, -39.2459, 21.723 )

[node name="bug_pickup" parent="zone_canyon/tree9" instance=ExtResource( 19 )]
transform = Transform( 1, 0, 0, 0, 1, 0, 0, 0, 1, -3.05693, 4.15024, -1.25598 )

[node name="bug_pickup2" parent="zone_canyon/tree9" instance=ExtResource( 19 )]
transform = Transform( -0.817415, 0, 0.57605, 0, 1, 0, -0.57605, 0, -0.817415, -1.51389, 11.2401, -5.56403 )

[node name="bug_pickup3" parent="zone_canyon/tree9" instance=ExtResource( 19 )]
transform = Transform( -0.95026, 0, 0.311459, 0, 1, 0, -0.311459, 0, -0.95026, -1.8094, 20.1791, -2.77028 )

[node name="bug_pickup4" parent="zone_canyon/tree9" instance=ExtResource( 19 )]
transform = Transform( 0.361914, 0, 0.932212, 0, 1, 0, -0.932212, 0, 0.361914, -0.0574036, 26.0174, -0.604385 )

[node name="cactus_round" parent="zone_canyon" instance=ExtResource( 29 )]
transform = Transform( 1, 0, 0, 0, 1, 0, 0, 0, 1, -135.902, -0.677887, -19.5638 )

[node name="cactus_round2" parent="zone_canyon" instance=ExtResource( 29 )]
transform = Transform( 1, 0, 0, 0, 1, 0, 0, 0, 1, -133.983, -0.405914, -19.9871 )

[node name="cactus_round_flower" parent="zone_canyon" instance=ExtResource( 28 )]
transform = Transform( 1, 0, 0, 0, 1, 0, 0, 0, 1, -134.977, -0.540894, -20.9561 )

[node name="rock8" parent="zone_canyon" instance=ExtResource( 5 )]
transform = Transform( 0.18475, 0.982786, 0, -0.982786, 0.18475, 0, 0, 0, 1, -37.4874, -11.5869, 44.2892 )

[node name="cactus_round3" parent="zone_canyon" instance=ExtResource( 29 )]
transform = Transform( 1, 0, 0, 0, 1, 0, 0, 0, 1, -134.596, -0.532898, -22.0677 )

[node name="cactus_round4" parent="zone_canyon" instance=ExtResource( 29 )]
transform = Transform( 1, 0, 0, 0, 1, 0, 0, 0, 1, -135.512, -0.656891, -21.5819 )

[node name="juniper_small" parent="zone_canyon" instance=ExtResource( 30 )]
transform = Transform( 1, 0, 0, 0, 1, 0, 0, 0, 1, -43.7914, 14.4201, -69.1866 )

[node name="juniper_small2" parent="zone_canyon" instance=ExtResource( 30 )]
transform = Transform( -0.802486, 0, -0.596671, 0, 1, 0, 0.596671, 0, -0.802486, -42.3334, 14.2771, -70.0046 )

[node name="gem_pickup13" parent="zone_canyon" instance=ExtResource( 20 )]
transform = Transform( 1, 0, 0, 0, 1, 0, 0, 0, 1, 94.0536, -24.7869, 26.4923 )

[node name="rock4" parent="zone_canyon" instance=ExtResource( 5 )]
transform = Transform( 1, 0, 0, 0, 1, 0, 0, 0, 1, 103.661, -10.6529, 49.2866 )

[node name="rock9" parent="zone_canyon" instance=ExtResource( 6 )]
transform = Transform( 0.79241, 0.609989, 0, -0.609989, 0.79241, 0, 0, 0, 1, -22.9674, -8.9129, 50.3346 )

[node name="basin2" parent="zone_canyon" instance=ExtResource( 23 )]
transform = Transform( 1, 0, 0, 0, 1, 0, 0, 0, 1, 122.347, -16.8842, -73.1111 )

[node name="mine_shack2" parent="zone_canyon" instance=ExtResource( 11 )]
transform = Transform( 1, 0, 0, 0, 1, 0, 0, 0, 1, 130.669, -25.7012, -82.1779 )

[node name="mine_shack_small" parent="zone_canyon" instance=ExtResource( 40 )]
transform = Transform( -0.905415, 0.0156593, 0.42424, 0.0172926, 0.99985, 4.65592e-10, -0.424176, 0.00733619, -0.90555, 154.053, -4.82816, -79.7461 )

[node name="mine_shack_small2" parent="zone_canyon" instance=ExtResource( 40 )]
transform = Transform( -0.465617, 0.00692426, -0.884959, 0.000798921, 0.999972, 0.00740381, 0.884986, 0.00274033, -0.465609, 138.093, -5.68445, -78.7203 )

[node name="gem_pickup14" parent="zone_canyon" instance=ExtResource( 20 )]
transform = Transform( 1, 0, 0, 0, 1, 0, 0, 0, 1, 139.933, -0.941589, -75.2369 )

[node name="gem_pickup15" parent="zone_canyon" instance=ExtResource( 20 )]
transform = Transform( 1, 0, 0, 0, 1, 0, 0, 0, 1, 137.232, -0.890137, -76.922 )

[node name="gem_pickup16" parent="zone_canyon" instance=ExtResource( 20 )]
transform = Transform( 1, 0, 0, 0, 1, 0, 0, 0, 1, 134.149, -0.843719, -78.3082 )

[node name="c_table" parent="zone_canyon" instance=ExtResource( 16 )]
transform = Transform( 0.306769, -0.951784, 0, 0.951784, 0.306769, 0, 0, 0, 1, 137.203, -5.46783, -80.0494 )

[node name="crate1" parent="zone_canyon" instance=ExtResource( 12 )]
transform = Transform( 0.463117, -0.142653, 0.874741, 0, 0.986962, 0.160954, -0.886297, -0.0745407, 0.457079, 155.615, -4.44669, -81.0597 )

[node name="coat_pickup" parent="zone_canyon/crate1" instance=ExtResource( 33 )]
transform = Transform( 1, 2.98023e-08, -3.72529e-09, 7.45058e-09, 0.0787072, 0.996898, 0, -0.996898, 0.0787072, 0.00726318, 0.13913, 0.858307 )

[node name="random_ammo_pickup" parent="zone_canyon/crate1" instance=ExtResource( 13 )]
transform = Transform( 1, 1.49012e-08, -5.96046e-08, 7.45058e-09, 1, 2.6077e-08, -2.98023e-08, -3.35276e-08, 1, 0.0487061, 0.063446, -0.0280762 )

[node name="random_ammo_pickup2" parent="zone_canyon/crate1" instance=ExtResource( 13 )]
transform = Transform( 1, 2.23517e-08, -8.9407e-08, 7.45058e-09, 1, 3.35276e-08, -2.98023e-08, -3.72529e-08, 1, 0.0487061, 0.0419006, -0.54953 )

[node name="bug_pickup4" parent="zone_canyon" instance=ExtResource( 19 )]
transform = Transform( 1, 0, 0, 0, 1, 0, 0, 0, 1, 83.8564, 15.3937, 57.0055 )

[node name="bug_pickup5" parent="zone_canyon" instance=ExtResource( 19 )]
transform = Transform( 1, 0, 0, 0, 1, 0, 0, 0, 1, 118.33, 21.67, 45.7524 )

[node name="rock_kinematic2" parent="zone_canyon" instance=ExtResource( 9 )]
transform = Transform( 1, 0, 0, 0, -0.146686, -0.989183, 0, 0.989183, -0.146686, 107.286, -12.1797, 42.3573 )

[node name="rock_kinematic3" parent="zone_canyon" instance=ExtResource( 9 )]
transform = Transform( 0.803836, -0.295197, 0.516437, 0.344725, 0.938704, 0, -0.484781, 0.178029, 0.856325, 99.9251, -13.0105, 42.8394 )
initial_velocity = 15.0

[node name="gem_pickup17" parent="zone_canyon" instance=ExtResource( 20 )]
transform = Transform( 1, 0, 0, 0, 1, 0, 0, 0, 1, 78.7536, 13.3386, 52.1723 )

[node name="gem_pickup18" parent="zone_canyon" instance=ExtResource( 20 )]
transform = Transform( 1, 0, 0, 0, 1, 0, 0, 0, 1, 78.5673, 13.3313, 54.7059 )

[node name="gem_pickup19" parent="zone_canyon" instance=ExtResource( 20 )]
transform = Transform( 1, 0, 0, 0, 1, 0, 0, 0, 1, 80.4435, 13.4673, 53.423 )

[node name="gem_pickup20" parent="zone_canyon" instance=ExtResource( 20 )]
transform = Transform( 1, 0, 0, 0, 1, 0, 0, 0, 1, 52.2756, 12.8018, 51.8584 )

[node name="gem_pickup21" parent="zone_canyon" instance=ExtResource( 20 )]
transform = Transform( 1, 0, 0, 0, 1, 0, 0, 0, 1, 48.3849, 12.8018, 55.1305 )

[node name="gem_pickup22" parent="zone_canyon" instance=ExtResource( 20 )]
transform = Transform( 1, 0, 0, 0, 1, 0, 0, 0, 1, 115.722, 19.2773, 42.8614 )

[node name="gem_pickup23" parent="zone_canyon" instance=ExtResource( 20 )]
transform = Transform( 1, 0, 0, 0, 1, 0, 0, 0, 1, 112.851, 18.7013, 46.5345 )

[node name="gem_pickup24" parent="zone_canyon" instance=ExtResource( 20 )]
transform = Transform( 1, 0, 0, 0, 1, 0, 0, 0, 1, 138.44, 43.3115, 58.6297 )

[node name="crawly13" parent="zone_canyon" instance=ExtResource( 22 )]
transform = Transform( 0.710632, 0.0769529, 0.699343, 0.105978, 0.970951, -0.214528, -0.695537, 0.226565, 0.681833, 143.162, -33.8243, -19.4038 )
reset_on_player_death = true
cloaked = true

[node name="crawly14" parent="zone_canyon" instance=ExtResource( 22 )]
transform = Transform( 0.88793, 0.0978847, 0.449443, -0.0261888, 0.986268, -0.163061, -0.459232, 0.133017, 0.878301, 141.131, -34.2253, -17.7552 )
reset_on_player_death = true
cloaked = true

[node name="crawly15" parent="zone_canyon" instance=ExtResource( 22 )]
transform = Transform( 0.848442, -0.025784, 0.52866, 0.0830341, 0.992929, -0.0848333, -0.522734, 0.115873, 0.844584, 140.789, -34.5859, -15.4394 )
reset_on_player_death = true
cloaked = true

[node name="ruin1" parent="zone_canyon" instance=ExtResource( 36 )]
transform = Transform( 1, 0, 0, 0, 0.998303, 0.0582274, 0, -0.0582274, 0.998303, 152.933, -38.2397, 3.44448 )

[node name="wall1" parent="zone_canyon" instance=ExtResource( 43 )]
transform = Transform( 0.427739, -0.428612, -0.795821, 0.519581, 0.837024, -0.171538, 0.739645, -0.34012, 0.580727, -131.501, -2.99588, -31.2212 )

[node name="tentpole" parent="zone_canyon" instance=ExtResource( 42 )]
transform = Transform( -0.516957, 0, -0.856011, 0, 1, 0, 0.856011, 0, -0.516957, -56.7881, -11.2895, 39.8486 )

[node name="bug_pickup6" parent="zone_canyon" instance=ExtResource( 19 )]
transform = Transform( -0.996044, 0, 0.0888654, 0, 1, 0, -0.0888654, 0, -0.996044, -29.4365, -14.0923, 45.2038 )

[node name="bug_pickup7" parent="zone_canyon" instance=ExtResource( 19 )]
transform = Transform( -0.999866, 0, -0.0163495, 0, 1, 0, 0.0163495, 0, -0.999866, -31.5549, -14.308, 46.4383 )

[node name="gem_pickup25" parent="zone_canyon" instance=ExtResource( 20 )]
transform = Transform( 1, 0, 0, 0, 1, 0, 0, 0, 1, -38.3176, -6.6153, 42.2813 )

[node name="gem_pickup26" parent="zone_canyon" instance=ExtResource( 20 )]
transform = Transform( 1, 0, 0, 0, 1, 0, 0, 0, 1, -22.0228, -6.32614, 35.9783 )

[node name="gem_pickup27" parent="zone_canyon" instance=ExtResource( 20 )]
transform = Transform( 1, 0, 0, 0, 1, 0, 0, 0, 1, -34.0916, 6.34869, 47.3658 )

[node name="gem_pickup28" parent="zone_canyon" instance=ExtResource( 20 )]
transform = Transform( 1, 0, 0, 0, 1, 0, 0, 0, 1, -10.1566, 12.8021, 52.2945 )

[node name="rock_collapsible4" parent="zone_canyon" instance=ExtResource( 8 )]
transform = Transform( -0.0799063, 0, -0.996802, 0, 1, 0, 0.996802, 0, -0.0799063, -187.65, 57.5258, -46.2824 )

[node name="rock5" parent="zone_canyon" instance=ExtResource( 5 )]
transform = Transform( 1, 0, 0, 0, 0.451022, -0.892513, 0, 0.892513, 0.451022, -193.676, 36.2663, -26.7335 )

[node name="rock10" parent="zone_canyon" instance=ExtResource( 6 )]
transform = Transform( 1, 0, 0, 0, -0.263701, -0.964604, 0, 0.964604, -0.263701, -130.858, 41.4615, 67.0088 )

[node name="rock11" parent="zone_canyon" instance=ExtResource( 6 )]
transform = Transform( -0.294442, 0.00849856, 0.955632, -0.913815, 0.290187, -0.284138, -0.279726, -0.956932, -0.0776769, -137.365, 21.0987, 61.442 )

[node name="gem_pickup29" parent="zone_canyon" instance=ExtResource( 20 )]
transform = Transform( 1, 0, 0, 0, 1, 0, 0, 0, 1, -143.883, 28.4533, 56.5345 )

[node name="gem_pickup30" parent="zone_canyon" instance=ExtResource( 20 )]
transform = Transform( 1, 0, 0, 0, 1, 0, 0, 0, 1, -138.017, 33.106, 56.8364 )

[node name="gem_pickup31" parent="zone_canyon" instance=ExtResource( 20 )]
transform = Transform( 1, 0, 0, 0, 1, 0, 0, 0, 1, -150.565, 35.694, 54.7364 )

[node name="bug_pickup8" parent="zone_canyon" instance=ExtResource( 19 )]
transform = Transform( -0.922257, 0, 0.386578, 0, 1, 0, -0.386578, 0, -0.922257, -144.433, 49.0234, 67.1445 )

[node name="bug_pickup9" parent="zone_canyon" instance=ExtResource( 19 )]
transform = Transform( -0.970358, 0, -0.241673, 0, 1, 0, 0.241673, 0, -0.970358, -129.498, 58.0233, 70.4934 )

[node name="gem_pickup32" parent="zone_canyon" instance=ExtResource( 20 )]
transform = Transform( 1, 0, 0, 0, 1, 0, 0, 0, 1, -139.085, 50.133, 66.6134 )

[node name="pillar" parent="zone_canyon" instance=ExtResource( 35 )]
transform = Transform( -0.995221, 0.0976429, 0, -0.0976429, -0.995221, 0, 0, 0, 1, -197.131, 50.4329, -37.8706 )

[node name="grass1" parent="zone_canyon" instance=ExtResource( 44 )]
transform = Transform( 1, 0, 0, 0, 1, 0, 0, 0, 1, -123.752, 21.2165, -70.4725 )

[node name="grass2" parent="zone_canyon" instance=ExtResource( 44 )]
transform = Transform( -1.29794, 0.0698777, 0.232529, 0.0808126, 1.1582, 2.12156e-09, -0.232093, 0.0124953, -1.30038, -122.647, 21.0413, -71.5064 )

[node name="grass3" parent="zone_canyon" instance=ExtResource( 44 )]
transform = Transform( -0.680666, 0, -0.732594, 0, 1, 0, 0.732594, 0, -0.680666, -119.312, 20.9617, -71.0587 )

[node name="grass4" parent="zone_canyon" instance=ExtResource( 44 )]
transform = Transform( 1, 0, 0, 0, 1, 0, 0, 0, 1, -103.533, 20.0733, -68.0554 )

[node name="grass5" parent="zone_canyon" instance=ExtResource( 44 )]
transform = Transform( -1.29794, 0.0698777, 0.232529, 0.0808126, 1.1582, 2.12156e-09, -0.232093, 0.0124953, -1.30038, -106.798, 6.71738, -36.5823 )

[node name="grass6" parent="zone_canyon" instance=ExtResource( 44 )]
transform = Transform( -0.680666, 0, -0.732594, 0, 1, 0, 0.732594, 0, -0.680666, -173.616, 18.0169, -12.221 )

[node name="grass7" parent="zone_canyon" instance=ExtResource( 44 )]
transform = Transform( 1, 0, 0, 0, 0.976697, -0.214623, 0, 0.214623, 0.976697, -116.786, -3.151, 24.2591 )

[node name="grass8" parent="zone_canyon" instance=ExtResource( 44 )]
transform = Transform( -1.3, 0.0273819, 0.232529, 0.0316667, 1.16004, 1.41697e-08, -0.232462, 0.00489634, -1.30038, 30.9225, -14.571, -43.3959 )

[node name="grass9" parent="zone_canyon" instance=ExtResource( 44 )]
transform = Transform( -0.680666, 0.112003, -0.723982, 0, 0.988244, 0.152885, 0.732594, 0.104064, -0.672664, -24.8752, -36.9771, 21.9776 )

[node name="grass10" parent="zone_canyon" instance=ExtResource( 44 )]
transform = Transform( 1.56538, 0.0979277, -0.00405565, -0.152511, 0.980906, -0.265178, -0.02199, 0.168026, 1.55042, -90.7435, -6.77441, 33.1102 )

[node name="grass11" parent="zone_canyon" instance=ExtResource( 44 )]
transform = Transform( -1.29985, -0.0325855, 0.232529, -0.0376846, 1.1599, 1.89317e-08, -0.232434, -0.0058268, -1.30038, 134.307, -37.5587, 18.8795 )

[node name="grass12" parent="zone_canyon" instance=ExtResource( 44 )]
transform = Transform( -0.656673, -0.179129, -0.732594, -0.263168, 0.96475, 3.24441e-09, 0.70677, 0.192795, -0.680666, -144.378, -1.62897, -32.9436 )

[node name="grass13" parent="zone_canyon" instance=ExtResource( 44 )]
transform = Transform( 0.925815, 0.376133, -0.0372928, -0.377842, 0.918329, -0.117925, -0.0101085, 0.123267, 0.992322, -82.0378, -12.4562, -20.1234 )

[node name="grass14" parent="zone_canyon" instance=ExtResource( 44 )]
transform = Transform( -2.46629, 0.00835018, 0.441027, 0.0183157, 1.16034, 3.65252e-08, -0.441014, 0.00149317, -2.46637, -172.642, 17.1373, -26.2482 )

[node name="grass15" parent="zone_canyon" instance=ExtResource( 44 )]
transform = Transform( -1.53016, -0.0753054, -1.64036, -0.0288707, 0.99578, -0.204422, 1.64883, -0.0524493, -1.52587, 122.733, -6.37103, -64.7794 )

[node name="water" type="StaticBody" parent="zone_canyon"]
transform = Transform( 1, 0, 0, 0, 1, 0, 0, 0, 1, 60.9933, -40.9307, 0.619732 )
collision_layer = 8192
collision_mask = 8192
__meta__ = {
"_edit_group_": true
}

[node name="CollisionShape" type="CollisionShape" parent="zone_canyon/water"]
shape = SubResource( 10 )

[node name="MeshInstance" type="MeshInstance" parent="zone_canyon/water/CollisionShape"]
mesh = SubResource( 11 )
material/0 = ExtResource( 47 )

[node name="ReflectionProbe" type="ReflectionProbe" parent="zone_canyon"]
transform = Transform( 1, 0, 0, 0, 1, 0, 0, 0, 1, 65.6827, -21.6839, 0 )
extents = Vector3( 51.816, 25.4915, 39.0171 )
origin_offset = Vector3( 0.611328, -13.5083, 0 )

[node name="zone_cliff" type="MultiMeshSystem" parent="."]
transform = Transform( 1, 0, 0, 0, 1, 0, 0, 0, 1, 281.984, 471.714, 55.069 )

[node name="hut" parent="zone_cliff" instance=ExtResource( 31 )]
transform = Transform( 0.788031, 0, 0.615636, 0, 1, 0, -0.615636, 0, 0.788031, -9.1358, 1.68884, -1.70608 )

[node name="wardrobe" parent="zone_cliff/hut" instance=ExtResource( 32 )]
transform = Transform( 0.301524, 0, 0.953459, 0, 1, 0, -0.953459, 0, 0.301524, 1.12445, 1.93152, -3.62013 )

[node name="coat_pickup" parent="zone_cliff/hut" instance=ExtResource( 33 )]
transform = Transform( 1, 0, 0, 0, 1, 0, 0, 0, 1, -0.573715, 4.09677, 1.77602 )

[node name="coat_pickup2" parent="zone_cliff/hut" instance=ExtResource( 33 )]
transform = Transform( 1, 0, 0, 0, 1, 0, 0, 0, 1, 2.68671, 4.08035, -0.576187 )
max_rarity = 3

[node name="crawly" parent="zone_cliff/hut" instance=ExtResource( 22 )]
transform = Transform( 0.640869, 0, 0.767651, 0, 1, 0, -0.767651, 0, 0.640869, -1.61852, 1.00098, 1.0968 )
reset_on_player_death = true
shielded = true
cloaked = true

[node name="crawly2" parent="zone_cliff/hut" instance=ExtResource( 22 )]
transform = Transform( 0.990401, 0, -0.138228, 0, 1, 0, 0.138228, 0, 0.990401, 1.94429, 1.00098, 1.69176 )
reset_on_player_death = true
shielded = true
cloaked = true

[node name="garden_empty" parent="zone_cliff" instance=ExtResource( 34 )]
transform = Transform( 0.0948804, 0.99547, 0.00612337, 0, 0.00615112, -0.999981, -0.995489, 0.0948786, 0.000583621, 26.6129, 3.67075, 23.323 )

[node name="garden_empty2" parent="zone_cliff" instance=ExtResource( 34 )]
transform = Transform( 1, 0, 0, 0, 1, 0, 0, 0, 1, 26.9591, 1.61908, 26.1013 )

[node name="pillar" parent="zone_cliff" instance=ExtResource( 35 )]
transform = Transform( 1, 0, 0, 0, -0.0803493, -0.996767, 0, 0.996767, -0.0803493, -33.4096, 4.07593, -13.7111 )

[node name="ruin1" parent="zone_cliff" instance=ExtResource( 36 )]
transform = Transform( 1, 0, 0, 0, 1, 0, 0, 0, 1, -20.0058, 2.12878, 25.2767 )

[node name="ruin3" parent="zone_cliff" instance=ExtResource( 36 )]
transform = Transform( -0.73886, -0.234196, 0.631853, -0.177988, 0.972189, 0.152211, -0.649928, 0, -0.759996, 16.7529, 2.12878, -25.4092 )

[node name="ruin2" parent="zone_cliff" instance=ExtResource( 36 )]
transform = Transform( -0.525093, 0, -0.851045, 0, 1, 0, 0.851045, 0, -0.525093, -57.0943, 1.41788, -19.8954 )

[node name="pillar2" parent="zone_cliff" instance=ExtResource( 35 )]
transform = Transform( 0.998432, 0.0559709, 0, -0.0559393, 0.997869, 0.0335998, 0.00188061, -0.0335471, 0.999435, -71.8608, 0.705505, -12.4864 )

[node name="bug_pickup" parent="zone_cliff/pillar2" instance=ExtResource( 19 )]
transform = Transform( -0.928052, -0.119957, 0.352603, -0.0959668, 0.991764, 0.0848172, -0.359873, 0.0448767, -0.931921, 0.167328, 17.6537, 1.24221 )

[node name="bug_pickup2" parent="zone_cliff/pillar2" instance=ExtResource( 19 )]
transform = Transform( 1, -8.61473e-09, -1.16415e-10, -4.89672e-09, 1, 7.45058e-09, 2.32831e-10, 0, 1, -2.05196, 17.9504, -0.370724 )

[node name="bug_pickup3" parent="zone_cliff/pillar2" instance=ExtResource( 19 )]
transform = Transform( 1, -8.61473e-09, -1.16415e-10, -4.89672e-09, 1, 7.45058e-09, 2.32831e-10, 0, 1, 0.56665, 18.4735, -1.02718 )

[node name="rock_kinematic2" parent="zone_cliff" instance=ExtResource( 9 )]
transform = Transform( 1, 0, 0, 0, 1, 0, 0, 0, 1, -69.4557, 2.05453, -17.5252 )
initial_velocity = 5.0

[node name="rock_kinematic3" parent="zone_cliff" instance=ExtResource( 9 )]
transform = Transform( 1, 0, 0, 0, 1, 0, 0, 0, 1, -65.4778, 1.97708, -11.8409 )

[node name="rock_kinematic4" parent="zone_cliff" instance=ExtResource( 9 )]
transform = Transform( 0.018355, 0, 0.999832, 0, 1, 0, -0.999832, 0, 0.018355, -69.6943, 1.97708, -7.58346 )
initial_velocity = 7.0

[node name="gem_pickup14" parent="zone_cliff" instance=ExtResource( 20 )]
transform = Transform( 1, 0, 0, 0, 1, 0, 0, 0, 1, 74.8578, -0.98111, 5.68172 )

[node name="gem_pickup15" parent="zone_cliff" instance=ExtResource( 20 )]
transform = Transform( 1, 0, 0, 0, 1, 0, 0, 0, 1, 67.2074, -2.45517, 9.36575 )

[node name="gem_pickup16" parent="zone_cliff" instance=ExtResource( 20 )]
transform = Transform( 1, 0, 0, 0, 1, 0, 0, 0, 1, 63.3954, -4.28476, 21.6389 )

