[gd_scene load_steps=26 format=2]

[ext_resource path="res://areas/chunk_content.gd" type="Script" id=1]
[ext_resource path="res://entities/env/copper/scrap_pile3.tscn" type="PackedScene" id=2]
[ext_resource path="res://entities/env/stone/ruin1.tscn" type="PackedScene" id=3]
[ext_resource path="res://entities/env/copper/scrap_pile1.tscn" type="PackedScene" id=4]
[ext_resource path="res://entities/env/copper/scrap_pile2.tscn" type="PackedScene" id=5]
[ext_resource path="res://entities/env/copper/palace_roof1.tscn" type="PackedScene" id=6]
[ext_resource path="res://entities/enemies/crawly.tscn" type="PackedScene" id=7]
[ext_resource path="res://items/gem_pickup.tscn" type="PackedScene" id=8]
[ext_resource path="res://items/bug_pickup.tscn" type="PackedScene" id=9]
[ext_resource path="res://ui/items/vis/mesh_hover_scooter.tscn" type="PackedScene" id=10]
[ext_resource path="res://entities/env/stone/rock1.tscn" type="PackedScene" id=11]
[ext_resource path="res://items/item_pickup.tscn" type="PackedScene" id=12]
[ext_resource path="res://games/laili/point.gd" type="Script" id=13]
[ext_resource path="res://games/laili/path.gd" type="Script" id=14]
[ext_resource path="res://entities/control/spawner.gd" type="Script" id=15]
[ext_resource path="res://entities/vehicles/laili_plane_v1.tscn" type="PackedScene" id=16]
[ext_resource path="res://entities/npc/npc_laili.tscn" type="PackedScene" id=17]
[ext_resource path="res://material/bubble.shader" type="Shader" id=18]
[ext_resource path="res://games/laili/rock-clip.tscn" type="PackedScene" id=19]
[ext_resource path="res://games/laili/long-bolt.tscn" type="PackedScene" id=20]
[ext_resource path="res://_glb/entities/games/rope-segment_Cylinder.mesh" type="ArrayMesh" id=21]

[sub_resource type="SphereMesh" id=10]
radius = 0.04
height = 0.08
radial_segments = 4
rings = 2

[sub_resource type="SphereMesh" id=1]
radial_segments = 12
rings = 12

[sub_resource type="ShaderMaterial" id=9]
shader = ExtResource( 18 )
shader_param/color = Color( 0.580392, 1, 0.666667, 1 )

[sub_resource type="SphereShape" id=2]

[node name="chunk138" type="Spatial"]
script = ExtResource( 1 )

[node name="ruin1" parent="." instance=ExtResource( 3 )]
transform = Transform( 1, 0, 0, 0, 1, 0, 0, 0, 1, 33, -1, -8 )

[node name="ruin2" parent="." instance=ExtResource( 3 )]
transform = Transform( -0.25641, -0.0352287, -0.965926, -0.136113, 0.990693, 0, 0.956936, 0.131475, -0.258819, 0, -2, -30 )

[node name="ruin3" parent="." instance=ExtResource( 3 )]
transform = Transform( -0.255975, 0.0382604, -0.965926, 0.449837, 0.889153, -0.0839898, 0.855642, -0.456009, -0.244812, 18.6575, -1.74261, 2.85878 )

[node name="scrap_pile1" parent="." instance=ExtResource( 4 )]
transform = Transform( 0.61945, -0.426147, 0.659303, 0, 0.839838, 0.542837, -0.785036, -0.336261, 0.520238, 21.5424, 3.54454, -40.433 )

[node name="palace_roof1" parent="." instance=ExtResource( 6 )]
transform = Transform( 0.61945, -0.426147, 0.659303, 0, 0.839838, 0.542837, -0.785036, -0.336261, 0.520238, 18.6145, -1.88645, -12.8088 )

[node name="scrap_pile3" parent="." instance=ExtResource( 2 )]
transform = Transform( 0.827414, 0.378227, 0.415127, -0.561592, 0.557255, 0.611621, 0, -0.739196, 0.67349, -1.34668, 0.931093, -42.2515 )

[node name="scrap_pile2" parent="." instance=ExtResource( 5 )]
transform = Transform( -0.177145, 0.831762, -0.52611, 0.965192, 0.251332, 0.072359, 0.192414, -0.494979, -0.847333, -17.9988, -0.307041, -18.812 )

[node name="active_entities" type="MultiMeshSystem" parent="."]

[node name="crawly" parent="active_entities" instance=ExtResource( 7 )]
transform = Transform( 1, 0, 0, 0, 1, 0, 0, 0, 1, 0.71565, 0.525883, -30.9345 )
drops_coat = true
minimum_rarity = 1
health = 60

[node name="gem_pickup" parent="active_entities" instance=ExtResource( 8 )]
transform = Transform( 1, 0, 0, 0, 1, 0, 0, 0, 1, 4.61611, 3.29236, -26.6119 )

[node name="gem_pickup2" parent="active_entities" instance=ExtResource( 8 )]
transform = Transform( 1, 0, 0, 0, 1, 0, 0, 0, 1, 3.42534, 1.61902, -24.786 )

[node name="gem_pickup3" parent="active_entities" instance=ExtResource( 8 )]
transform = Transform( 1, 0, 0, 0, 1, 0, 0, 0, 1, 1.616, 0.964457, -23.7764 )

[node name="gem_pickup4" parent="active_entities" instance=ExtResource( 8 )]
transform = Transform( 1, 0, 0, 0, 1, 0, 0, 0, 1, -0.345708, 0.776238, -23.3723 )

[node name="gem_pickup5" parent="active_entities" instance=ExtResource( 8 )]
transform = Transform( 1, 0, 0, 0, 1, 0, 0, 0, 1, 5.59527, 2.87901, -29.3224 )

[node name="gem_pickup6" parent="active_entities" instance=ExtResource( 8 )]
transform = Transform( 1, 0, 0, 0, 1, 0, 0, 0, 1, 0.315123, 3.34022, -35.0261 )

[node name="gem_pickup7" parent="active_entities" instance=ExtResource( 8 )]
transform = Transform( 1, 0, 0, 0, 1, 0, 0, 0, 1, -1.78358, 3.16697, -34.989 )

[node name="gem_pickup8" parent="active_entities" instance=ExtResource( 8 )]
transform = Transform( 1, 0, 0, 0, 1, 0, 0, 0, 1, -5.78812, 3.37155, -31.7871 )

[node name="gem_pickup9" parent="active_entities" instance=ExtResource( 8 )]
transform = Transform( 1, 0, 0, 0, 1, 0, 0, 0, 1, 20.4221, 0.858752, -46.8614 )

[node name="gem_pickup10" parent="active_entities" instance=ExtResource( 8 )]
transform = Transform( 1, 0, 0, 0, 1, 0, 0, 0, 1, 27.1802, 9.00337, -3.28524 )

[node name="gem_pickup11" parent="active_entities" instance=ExtResource( 8 )]
transform = Transform( 1, 0, 0, 0, 1, 0, 0, 0, 1, 27.994, 9.09243, -4.00941 )

[node name="bug_pickup2" parent="active_entities" instance=ExtResource( 9 )]
transform = Transform( 1, 0, 0, 0, 1, 0, 0, 0, 1, -0.241308, 0.698627, -29.6583 )

[node name="bug_pickup" parent="active_entities" instance=ExtResource( 9 )]
transform = Transform( 1, 0, 0, 0, 1, 0, 0, 0, 1, 28.9594, 1.88691, -8.7508 )

[node name="gem_pickup12" parent="active_entities" instance=ExtResource( 8 )]
transform = Transform( 1, 0, 0, 0, 1, 0, 0, 0, 1, -25.3233, 2.94245, -36.8915 )

[node name="gem_pickup13" parent="active_entities" instance=ExtResource( 8 )]
transform = Transform( 1, 0, 0, 0, 1, 0, 0, 0, 1, -28.2086, 3.89256, -47.8777 )

[node name="gem_pickup14" parent="active_entities" instance=ExtResource( 8 )]
transform = Transform( 1, 0, 0, 0, 1, 0, 0, 0, 1, -27.2414, 3.73042, -44.732 )

[node name="gem_pickup15" parent="active_entities" instance=ExtResource( 8 )]
transform = Transform( 1, 0, 0, 0, 1, 0, 0, 0, 1, -26.2856, 3.48147, -41.2183 )

[node name="gem_pickup16" parent="active_entities" instance=ExtResource( 8 )]
transform = Transform( 1, 0, 0, 0, 1, 0, 0, 0, 1, -20.6611, 1.8299, -20.0468 )

[node name="bug_pickup3" parent="active_entities" instance=ExtResource( 9 )]
transform = Transform( 1, 0, 0, 0, 1, 0, 0, 0, 1, -20.5932, 8.64652, -20.0125 )

[node name="gem_pickup17" parent="active_entities" instance=ExtResource( 8 )]
transform = Transform( 1, 0, 0, 0, 1, 0, 0, 0, 1, -17.6617, 1.69827, -12.9243 )

[node name="gem_pickup18" parent="active_entities" instance=ExtResource( 8 )]
transform = Transform( 1, 0, 0, 0, 1, 0, 0, 0, 1, -15.7481, 1.73856, -9.76239 )

[node name="gem_pickup19" parent="active_entities" instance=ExtResource( 8 )]
transform = Transform( 1, 0, 0, 0, 1, 0, 0, 0, 1, -13.7218, 1.78455, -6.2953 )

[node name="gem_pickup20" parent="active_entities" instance=ExtResource( 8 )]
transform = Transform( 1, 0, 0, 0, 1, 0, 0, 0, 1, -11.91, 1.85181, -2.07992 )

[node name="gem_pickup21" parent="active_entities" instance=ExtResource( 8 )]
transform = Transform( 1, 0, 0, 0, 1, 0, 0, 0, 1, -8.19484, 1.94298, 4.56707 )

[node name="gem_pickup22" parent="active_entities" instance=ExtResource( 8 )]
transform = Transform( 1, 0, 0, 0, 1, 0, 0, 0, 1, 15.9332, 1.61342, 5.34286 )

[node name="gem_pickup23" parent="active_entities" instance=ExtResource( 8 )]
transform = Transform( 1, 0, 0, 0, 1, 0, 0, 0, 1, 19.3836, 1.24695, 5.14956 )

[node name="gem_pickup24" parent="active_entities" instance=ExtResource( 8 )]
transform = Transform( 1, 0, 0, 0, 1, 0, 0, 0, 1, 32.9803, 0.644597, -5.54764 )

[node name="gem_pickup25" parent="active_entities" instance=ExtResource( 8 )]
transform = Transform( 1, 0, 0, 0, 1, 0, 0, 0, 1, 35.3369, 0.586727, -8.54564 )

[node name="gem_pickup26" parent="active_entities" instance=ExtResource( 8 )]
transform = Transform( 1, 0, 0, 0, 1, 0, 0, 0, 1, 35.2399, 0.637075, -6.26616 )

[node name="gem_pickup27" parent="active_entities" instance=ExtResource( 8 )]
transform = Transform( 1, 0, 0, 0, 1, 0, 0, 0, 1, -1.62757, 0.148749, -41.8405 )

[node name="hover_scooter_pickup" parent="active_entities" instance=ExtResource( 12 )]
transform = Transform( -0.103476, -0.205784, 0.973112, -0.529376, 0.839675, 0.121275, -0.842053, -0.502593, -0.195824, -0.00773174, 0.731086, -34.8924 )
collision_layer = 4
item_id = "hover_scooter"
preview = ExtResource( 10 )
friendly_name = "scooter_097"

[node name="clips" type="Spatial" parent="active_entities"]
transform = Transform( 0.526632, 0, 0.850093, 0, 1, 0, -0.850093, 0, 0.526632, 58.1171, -20.5132, 314.525 )

[node name="rock-clip" parent="active_entities/clips" instance=ExtResource( 19 )]
transform = Transform( 0.461404, -0.887132, -0.0102457, 0.00891808, 0.0161857, -0.999829, 0.887146, 0.461234, 0.0153796, 1.40543, -13.3914, -17.5224 )

[node name="rock-clip2" parent="active_entities/clips" instance=ExtResource( 19 )]
transform = Transform( 0.461737, -0.692397, -0.554424, 0.831973, 0.554816, 0, 0.307603, -0.461266, 0.832235, 0.9254, -1.71085, -4.80978 )

[node name="rock-clip3" parent="active_entities/clips" instance=ExtResource( 19 )]
transform = Transform( 0.495859, -0.717094, 0.489796, 0.822509, 0.568752, 0, -0.278573, 0.402862, 0.871837, 0.00305176, -0.502649, 18.3357 )

[node name="rock-clip4" parent="active_entities/clips" instance=ExtResource( 19 )]
transform = Transform( 0.532026, -0.690687, 0.489796, 0.79222, 0.610236, 0, -0.298891, 0.388026, 0.871837, 4.75641, -0.782969, 24.7109 )

[node name="rock-clip5" parent="active_entities/clips" instance=ExtResource( 19 )]
transform = Transform( 0.596301, -0.636023, 0.489796, 0.72952, 0.68396, 0, -0.335001, 0.357316, 0.871837, 10.3125, -0.795612, 30.827 )

[node name="rock-clip6" parent="active_entities/clips" instance=ExtResource( 19 )]
transform = Transform( 0.471264, -0.552696, 0.687342, 0.760938, 0.648825, 0, -0.445965, 0.523024, 0.726335, 17.6331, -1.15072, 39.4762 )

[node name="rock-clip7" parent="active_entities/clips" instance=ExtResource( 19 )]
transform = Transform( 0.121856, -0.699027, 0.704637, 0.985144, 0.171733, 0, -0.121009, 0.694169, 0.709569, 23.4822, -1.0002, 46.1922 )

[node name="rock-clip8" parent="active_entities/clips" instance=ExtResource( 19 )]
transform = Transform( 0.169281, -0.689081, 0.704637, 0.971126, 0.238569, 0, -0.168104, 0.684291, 0.709569, 34.6462, 3.31481, 54.2899 )

[node name="rock-clip9" parent="active_entities/clips" instance=ExtResource( 19 )]
transform = Transform( -0.00875051, 0.0215485, 0.99973, 0.92652, 0.376246, 0, -0.376144, 0.92627, -0.0232574, 58.2512, 3.35057, 57.6322 )

[node name="rock-clip10" parent="active_entities/clips" instance=ExtResource( 19 )]
transform = Transform( 0.138317, -0.356921, 0.923838, 0.621008, 0.757901, 0.199835, -0.771503, 0.546071, 0.326481, 95.5402, 19.2309, 61.2948 )

[node name="laili_points" type="Spatial" parent="active_entities"]
transform = Transform( 0.526632, 0, 0.850093, 0, 1, 0, -0.850093, 0, 0.526632, 58.1171, -20.5132, 314.525 )
script = ExtResource( 14 )
rope_segment = ExtResource( 21 )
rope_knot = SubResource( 10 )

[node name="p7" type="Area" parent="active_entities/laili_points"]
transform = Transform( 0.832235, 0, -0.554424, 0, 1, 0, 0.554424, 0, 0.832235, 0.898285, -13.3821, -17.2588 )
collision_layer = 0
collision_mask = 2
script = ExtResource( 13 )
__meta__ = {
"_edit_group_": true
}

[node name="MeshInstance" type="MeshInstance" parent="active_entities/laili_points/p7"]
mesh = SubResource( 1 )
skeleton = NodePath("../..")
material/0 = SubResource( 9 )

[node name="CollisionShape" type="CollisionShape" parent="active_entities/laili_points/p7"]
shape = SubResource( 2 )

[node name="p1" type="Area" parent="active_entities/laili_points"]
transform = Transform( 0.832235, 0, -0.554424, 0, 1, 0, 0.554424, 0, 0.832235, 0.821518, -1.62757, -4.87906 )
collision_layer = 0
collision_mask = 2
script = ExtResource( 13 )
__meta__ = {
"_edit_group_": true
}

[node name="MeshInstance" type="MeshInstance" parent="active_entities/laili_points/p1"]
mesh = SubResource( 1 )
skeleton = NodePath("../..")
material/0 = SubResource( 9 )

[node name="CollisionShape" type="CollisionShape" parent="active_entities/laili_points/p1"]
shape = SubResource( 2 )

[node name="p2" type="Area" parent="active_entities/laili_points"]
transform = Transform( 0.871837, 0, 0.489796, 0, 1, 0, -0.489796, 0, 0.871837, -0.126343, -0.424767, 18.4084 )
collision_layer = 0
collision_mask = 2
script = ExtResource( 13 )
__meta__ = {
"_edit_group_": true
}
checkpoint = true

[node name="MeshInstance" type="MeshInstance" parent="active_entities/laili_points/p2"]
mesh = SubResource( 1 )
skeleton = NodePath("../..")
material/0 = SubResource( 9 )

[node name="CollisionShape" type="CollisionShape" parent="active_entities/laili_points/p2"]
shape = SubResource( 2 )

[node name="p9" type="Area" parent="active_entities/laili_points"]
transform = Transform( 0.871837, 0, 0.489796, 0, 1, 0, -0.489796, 0, 0.871837, 4.71255, -0.744202, 24.7355 )
collision_layer = 0
collision_mask = 2
script = ExtResource( 13 )
__meta__ = {
"_edit_group_": true
}

[node name="MeshInstance" type="MeshInstance" parent="active_entities/laili_points/p9"]
mesh = SubResource( 1 )
skeleton = NodePath("../..")
material/0 = SubResource( 9 )

[node name="CollisionShape" type="CollisionShape" parent="active_entities/laili_points/p9"]
shape = SubResource( 2 )

[node name="p8" type="Area" parent="active_entities/laili_points"]
transform = Transform( 0.871837, 0, 0.489796, 0, 1, 0, -0.489796, 0, 0.871837, 10.2647, -0.744202, 30.8539 )
collision_layer = 0
collision_mask = 2
script = ExtResource( 13 )
__meta__ = {
"_edit_group_": true
}

[node name="MeshInstance" type="MeshInstance" parent="active_entities/laili_points/p8"]
mesh = SubResource( 1 )
skeleton = NodePath("../..")
material/0 = SubResource( 9 )

[node name="CollisionShape" type="CollisionShape" parent="active_entities/laili_points/p8"]
shape = SubResource( 2 )

[node name="p10" type="Area" parent="active_entities/laili_points"]
transform = Transform( 0.726335, 0, 0.687342, 0, 1, 0, -0.687342, 0, 0.726335, 17.4403, -0.924345, 39.6587 )
collision_layer = 0
collision_mask = 2
script = ExtResource( 13 )
__meta__ = {
"_edit_group_": true
}

[node name="MeshInstance" type="MeshInstance" parent="active_entities/laili_points/p10"]
mesh = SubResource( 1 )
skeleton = NodePath("../..")
material/0 = SubResource( 9 )

[node name="CollisionShape" type="CollisionShape" parent="active_entities/laili_points/p10"]
shape = SubResource( 2 )

[node name="p3" type="Area" parent="active_entities/laili_points"]
transform = Transform( 0.709569, 0, 0.704637, 0, 1, 0, -0.704637, 0, 0.709569, 23.1359, -0.915123, 46.5361 )
collision_layer = 0
collision_mask = 2
script = ExtResource( 13 )
__meta__ = {
"_edit_group_": true
}
checkpoint = true
extra_stamina = 7

[node name="MeshInstance" type="MeshInstance" parent="active_entities/laili_points/p3"]
mesh = SubResource( 1 )
skeleton = NodePath("../..")
material/0 = SubResource( 9 )

[node name="CollisionShape" type="CollisionShape" parent="active_entities/laili_points/p3"]
shape = SubResource( 2 )

[node name="p4" type="Area" parent="active_entities/laili_points"]
transform = Transform( 0.709569, 0, 0.704637, 0, 1, 0, -0.704637, 0, 0.709569, 34.4733, 3.37469, 54.4616 )
collision_layer = 0
collision_mask = 2
script = ExtResource( 13 )
__meta__ = {
"_edit_group_": true
}

[node name="MeshInstance" type="MeshInstance" parent="active_entities/laili_points/p4"]
mesh = SubResource( 1 )
skeleton = NodePath("../..")
material/0 = SubResource( 9 )

[node name="CollisionShape" type="CollisionShape" parent="active_entities/laili_points/p4"]
shape = SubResource( 2 )

[node name="p5" type="Area" parent="active_entities/laili_points"]
transform = Transform( -0.0232574, 0, 0.99973, 0, 1, 0, -0.99973, 0, -0.0232574, 58.2526, 3.37469, 57.6915 )
collision_layer = 0
collision_mask = 2
script = ExtResource( 13 )
__meta__ = {
"_edit_group_": true
}

[node name="MeshInstance" type="MeshInstance" parent="active_entities/laili_points/p5"]
mesh = SubResource( 1 )
skeleton = NodePath("../..")
material/0 = SubResource( 9 )

[node name="CollisionShape" type="CollisionShape" parent="active_entities/laili_points/p5"]
shape = SubResource( 2 )

[node name="p6" type="Area" parent="active_entities/laili_points"]
transform = Transform( -0.0232574, 0, 0.99973, 0, 1, 0, -0.99973, 0, -0.0232574, 95.4897, 19.3073, 61.3911 )
collision_layer = 0
collision_mask = 2
script = ExtResource( 13 )
__meta__ = {
"_edit_group_": true
}

[node name="MeshInstance" type="MeshInstance" parent="active_entities/laili_points/p6"]
mesh = SubResource( 1 )
skeleton = NodePath("../..")
material/0 = SubResource( 9 )

[node name="CollisionShape" type="CollisionShape" parent="active_entities/laili_points/p6"]
shape = SubResource( 2 )

[node name="laili_pre_flight" type="Spatial" parent="active_entities"]
transform = Transform( 1, 0, 0, 0, 1, 0, 0, 0, 1, 85.9182, 28.4512, 264.403 )
script = ExtResource( 15 )
listened_stat = "laili/pre_flight"

[node name="bolt_pickup" parent="active_entities/laili_pre_flight" instance=ExtResource( 12 )]
transform = Transform( 1, 0, 0, 0, 0.190234, -0.981739, 0, 0.981739, 0.190234, 17.0676, -3.23334, 26.9948 )
__meta__ = {
"_edit_group_": true
}
item_id = "long_bolt"
preview = ExtResource( 20 )

[node name="npc_laili" parent="active_entities/laili_pre_flight" instance=ExtResource( 17 )]
transform = Transform( -0.3628, 0, 0.931867, 0, 1, 0, -0.931867, 0, -0.3628, 5.59603, -3.41991, 33.3276 )
custom_entry = "laili_flight"
plane = NodePath("../laili_plane_v1")

[node name="laili_plane_v1" parent="active_entities/laili_pre_flight" instance=ExtResource( 16 )]
transform = Transform( 1, 0, 0, 0, 1, 0, 0, 0, 1, 9.78815, -3.1305, 35.879 )

[node name="rock1" parent="." instance=ExtResource( 11 )]
transform = Transform( 0.971912, 2.98023e-08, 0.235344, -0.228636, 0.237067, 0.944206, -0.0557924, -0.971493, 0.230408, 49.1996, -26.2951, 303.589 )
