[gd_scene load_steps=11 format=2]

[ext_resource path="res://areas/chunk_content.gd" type="Script" id=1]
[ext_resource path="res://entities/enemies/deathgnat.tscn" type="PackedScene" id=2]
[ext_resource path="res://entities/env/rock1.tscn" type="PackedScene" id=3]
[ext_resource path="res://entities/env/hut.tscn" type="PackedScene" id=4]
[ext_resource path="res://entities/env/ruin1.tscn" type="PackedScene" id=5]
[ext_resource path="res://entities/enemies/crawly.tscn" type="PackedScene" id=6]
[ext_resource path="res://items/bug_pickup.tscn" type="PackedScene" id=7]
[ext_resource path="res://items/gem_pickup.tscn" type="PackedScene" id=8]
[ext_resource path="res://entities/wardrobe.tscn" type="PackedScene" id=9]
[ext_resource path="res://items/coat_pickup.tscn" type="PackedScene" id=10]

[node name="chunk125" type="Spatial"]
script = ExtResource( 1 )

[node name="hut" parent="." instance=ExtResource( 4 )]
transform = Transform( -0.0150965, 0, -0.999886, 0, 1, 0, 0.999886, 0, -0.0150965, -214.311, -149.3, 85.0471 )

[node name="gem_pickup3" parent="hut" instance=ExtResource( 8 )]
transform = Transform( -0.21845, 0, -0.975848, 0, 1, 0, 0.975848, 0, -0.21845, -1.22984, 4.28476, 0.484192 )
quantity = 10
persistent = true

[node name="wardrobe" parent="hut" instance=ExtResource( 9 )]
transform = Transform( 0.717701, 0, -0.696351, 0, 1, 0, 0.696351, 0, 0.717701, 1.92249, 4.96465, 3.19487 )

[node name="coat_pickup" parent="hut" instance=ExtResource( 10 )]
transform = Transform( 1, 0, 0, 0, 1, 0, 0, 0, 1, 1.91778, 4.30017, -2.34015 )

[node name="ruin1" parent="." instance=ExtResource( 5 )]
transform = Transform( 1, 0, 0, 0, -1, 1.50996e-07, 0, -1.50996e-07, -1, -218.539, -150, 87.5837 )

[node name="rock1" parent="." instance=ExtResource( 3 )]
transform = Transform( 1, 0, 0, 0, -0.258819, -0.965926, 0, 0.965926, -0.258819, -212, -152.929, 86.2726 )

[node name="rock2" parent="." instance=ExtResource( 3 )]
transform = Transform( -0.183013, 0.965926, -0.183013, 0.859789, 0.0669873, -0.506236, -0.476727, -0.25, -0.842752, -214.776, -156.026, 94.0987 )

[node name="rock3" parent="." instance=ExtResource( 3 )]
transform = Transform( -0.98038, 0.181186, -0.0776329, 0.157825, 0.957469, 0.241544, 0.118096, 0.224552, -0.967279, -222.158, -155.166, 96.9226 )

[node name="rock5" parent="." instance=ExtResource( 3 )]
transform = Transform( 0.327444, -0.939627, 0.0994068, -0.907214, -0.342054, -0.24487, 0.264089, -0.0100022, -0.964446, -239.261, -149.453, 99.722 )

[node name="rock6" parent="." instance=ExtResource( 3 )]
transform = Transform( 0.0994068, -0.327444, 0.939627, -0.24487, 0.907214, 0.342054, -0.964447, -0.264089, 0.0100022, -236.402, -145.263, 91.4182 )

[node name="rock7" parent="." instance=ExtResource( 3 )]
transform = Transform( 0.0193535, 0.815195, 0.578863, -0.24487, 0.565203, -0.787771, -0.969363, -0.1265, 0.210555, -240.526, -140.439, 97.627 )

[node name="rock8" parent="." instance=ExtResource( 3 )]
transform = Transform( -0.378481, -0.772617, 0.50972, -0.24487, 0.614643, 0.749835, -0.892632, 0.158983, -0.421821, -242.581, -146.583, 91.3931 )

[node name="rock4" parent="." instance=ExtResource( 3 )]
transform = Transform( 0.0280932, -0.195105, 0.98038, -0.481125, -0.862328, -0.157825, 0.876202, -0.467251, -0.118095, -205.139, -154.873, 85.3973 )

[node name="bug_pickup" parent="." instance=ExtResource( 7 )]
transform = Transform( 1, 0, 0, 0, 1, 0, 0, 0, 1, -214.228, -137, 85.2388 )

[node name="crawly" parent="." instance=ExtResource( 6 )]
transform = Transform( 0.408426, 0, -0.912791, 0, 1, 0, 0.912791, 0, 0.408426, -215.492, -148.395, 83.6118 )
respawns = false

[node name="crawly2" parent="." instance=ExtResource( 6 )]
transform = Transform( -0.0771888, 0, -0.997016, 0, 1, 0, 0.997016, 0, -0.0771888, -215.071, -148.395, 86.7834 )
respawns = false

[node name="bug_pickup2" parent="." instance=ExtResource( 7 )]
transform = Transform( 0.352266, 0, 0.9359, 0, 1, 0, -0.9359, 0, 0.352266, -240.791, -146, 96.4291 )

[node name="deathgnat" parent="." instance=ExtResource( 2 )]
transform = Transform( -0.965926, 0, -0.258819, 0, 1, 0, 0.258819, 0, -0.965926, 192, -247.423, 220 )
