[gd_scene load_steps=9 format=2]

[ext_resource path="res://areas/chunk_content.gd" type="Script" id=1]
[ext_resource path="res://entities/env/train_set/20m-1v-straight_to_slant.tscn" type="PackedScene" id=2]
[ext_resource path="res://entities/env/train_set/20m-2v-slant_to_double.tscn" type="PackedScene" id=3]
[ext_resource path="res://entities/env/train_set/20m-2v-double_to_slant.tscn" type="PackedScene" id=4]
[ext_resource path="res://entities/env/train_set/straight_to_15.tscn" type="PackedScene" id=5]
[ext_resource path="res://entities/env/train_set/20m-1v-slant_to_straight.tscn" type="PackedScene" id=6]
[ext_resource path="res://entities/env/train_set/20m_straight.tscn" type="PackedScene" id=7]
[ext_resource path="res://entities/env/train_set/20m-1v-straight_to_straight.tscn" type="PackedScene" id=8]

[node name="chunk063" type="Spatial"]
script = ExtResource( 1 )

[node name="20m-2v-slant_to_double" parent="." instance=ExtResource( 3 )]
transform = Transform( -0.771611, 0, -0.636095, 0, 1, 0, 0.636095, 0, -0.771611, -110.098, 30.2247, 242.456 )

[node name="20m-2v-double_to_slant" parent="20m-2v-slant_to_double" instance=ExtResource( 4 )]
transform = Transform( 1, 0, 0, 0, 1, 0, 0, 0, 1, -20, 2, 7.62939e-06 )

[node name="20m-2v-slant_to_double2" parent="." instance=ExtResource( 3 )]
transform = Transform( -0.771611, 0, -0.636095, 0, 1, 0, 0.636095, 0, -0.771611, -79.3175, 34.2247, 217.081 )

[node name="20m-1v-straight_to_slant" parent="20m-2v-slant_to_double2" instance=ExtResource( 2 )]
transform = Transform( 1, 0, 0, 0, 1, 0, 0, 0, 1, -20, 0.983692, 0 )

[node name="20m-1v-straight_to_slant2" parent="20m-2v-slant_to_double2" instance=ExtResource( 2 )]
transform = Transform( -1, 0, -1.50996e-07, 0, 1, 0, 1.50996e-07, 0, -1, -20, 0.983692, 0 )

[node name="20m-2v-slant_to_double" parent="20m-2v-slant_to_double2/20m-1v-straight_to_slant2" instance=ExtResource( 3 )]
transform = Transform( 1, 0, 0, 0, 1, 0, 0, 0, 1, 20, -1, 7.62939e-06 )

[node name="20m-2v-double_to_slant" parent="20m-2v-slant_to_double2/20m-1v-straight_to_slant2" instance=ExtResource( 4 )]
transform = Transform( 1, 0, 0, 0, 1, 0, 0, 0, 1, 39.911, -2.98812, 0 )

[node name="20m-2v-slant_to_double2" parent="20m-2v-slant_to_double2/20m-1v-straight_to_slant2/20m-2v-double_to_slant" instance=ExtResource( 3 )]
transform = Transform( 1, 0, 0, 0, 1, 0, 0, 0, 1, 19.9127, -1.99437, 3.05176e-05 )

[node name="20m-2v-double_to_slant2" parent="20m-2v-slant_to_double2/20m-1v-straight_to_slant2" instance=ExtResource( 4 )]
transform = Transform( 1, 0, 0, 0, 1, 0, 0, 0, 1, 79.7463, -6.97336, -7.62939e-06 )

[node name="20m-2v-slant_to_double2" parent="20m-2v-slant_to_double2/20m-1v-straight_to_slant2/20m-2v-double_to_slant2" instance=ExtResource( 3 )]
transform = Transform( 1, 0, 0, 0, 1, 0, 0, 0, 1, 19.9127, -1.99437, 3.05176e-05 )

[node name="20m-2v-double_to_slant3" parent="20m-2v-slant_to_double2/20m-1v-straight_to_slant2" instance=ExtResource( 4 )]
transform = Transform( 1, 0, 0, 0, 1, 0, 0, 0, 1, 119.579, -10.9489, 7.62939e-06 )

[node name="20m-2v-slant_to_double2" parent="20m-2v-slant_to_double2/20m-1v-straight_to_slant2/20m-2v-double_to_slant3" instance=ExtResource( 3 )]
transform = Transform( 1, 0, 0, 0, 1, 0, 0, 0, 1, 19.9127, -1.99437, 3.05176e-05 )

[node name="20m-2v-double_to_slant4" parent="20m-2v-slant_to_double2/20m-1v-straight_to_slant2" instance=ExtResource( 4 )]
transform = Transform( 1, 0, 0, 0, 1, 0, 0, 0, 1, 159.422, -14.9337, 3.8147e-05 )

[node name="20m-2v-double_to_slant" parent="." instance=ExtResource( 4 )]
transform = Transform( 0.774298, 0, 0.632821, 0, 1, 0, -0.632821, 0, 0.774298, 74.4928, 18.2773, 90.2876 )

[node name="20m-1v-slant_to_straight" parent="20m-2v-double_to_slant" instance=ExtResource( 6 )]
transform = Transform( 1, 0, 0, 0, 1, 0, 0, 0, 1, 20, -2, 0 )

[node name="straight_to_15" parent="20m-2v-double_to_slant/20m-1v-slant_to_straight" instance=ExtResource( 5 )]
transform = Transform( 1, 0, 0, 0, 1, 0, 0, 0, 1, 20, -1, 0 )

[node name="straight_to_16" parent="20m-2v-double_to_slant/20m-1v-slant_to_straight" instance=ExtResource( 5 )]
transform = Transform( 0.942153, 0, -0.335182, 0, 1, 0, 0.335182, 0, 0.942153, 41.532, -1, 3.52058 )

[node name="20m_straight" parent="." instance=ExtResource( 7 )]
transform = Transform( 1, 0, 0, 0, 1, 0, 0, 0, 1, 145.808, 15.2696, 50.1389 )

[node name="20m-1v-straight_to_straight" parent="20m_straight" instance=ExtResource( 8 )]
transform = Transform( -1, 0, -1.50996e-07, 0, 1, 0, 1.50996e-07, 0, -1, 40, 0.999999, 0 )

[node name="straight_to_15" parent="20m_straight" instance=ExtResource( 5 )]
transform = Transform( 1, 0, 0, 0, 1, 0, 0, 0, 1, 40, 0.999999, 0 )

[node name="straight_to_16" parent="20m_straight" instance=ExtResource( 5 )]
transform = Transform( 0.952563, 0, -0.304342, 0, 1, 0, 0.304342, 0, 0.952563, 61.5144, 0.999999, 3.51585 )

[node name="20m-1v-straight_to_slant" parent="." instance=ExtResource( 2 )]
transform = Transform( 0.79624, 0, -0.60498, 0, 1, 0, 0.60498, 0, 0.79624, 226.753, 16.2687, 63.5575 )
