[gd_scene load_steps=82 format=2]

[ext_resource path="res://entities/env/copper/palace1.tscn" type="PackedScene" id=1]
[ext_resource path="res://areas/chunk_content.gd" type="Script" id=2]
[ext_resource path="res://_glb/chunks/chunk124.glb" type="PackedScene" id=3]
[ext_resource path="res://entities/env/stone/hut.tscn" type="PackedScene" id=4]
[ext_resource path="res://entities/wardrobe.tscn" type="PackedScene" id=5]
[ext_resource path="res://entities/dialog_trigger.gd" type="Script" id=6]
[ext_resource path="res://dialog/main/medium.dialog" type="Resource" id=7]
[ext_resource path="res://dialog/main/mum.dialog" type="Resource" id=8]
[ext_resource path="res://entities/control/power_thing.tscn" type="PackedScene" id=9]
[ext_resource path="res://_glb/chunks/mat_basic.material" type="Material" id=10]
[ext_resource path="res://entities/control/door.gd" type="Script" id=11]
[ext_resource path="res://items/capacitor_pickup.tscn" type="PackedScene" id=12]
[ext_resource path="res://management/player_start.gd" type="Script" id=13]
[ext_resource path="res://items/bug_pickup.tscn" type="PackedScene" id=14]
[ext_resource path="res://entities/env/stone/rock1.tscn" type="PackedScene" id=15]
[ext_resource path="res://entities/one_time/the_medium.gd" type="Script" id=16]
[ext_resource path="res://items/coat_pickup.tscn" type="PackedScene" id=17]
[ext_resource path="res://entities/npc/npc.tscn" type="PackedScene" id=18]
[ext_resource path="res://entities/enemies/deathgnat.tscn" type="PackedScene" id=19]
[ext_resource path="res://items/gem_pickup.tscn" type="PackedScene" id=20]
[ext_resource path="res://dialog/intro/starting_area.dialog" type="Resource" id=21]
[ext_resource path="res://entities/npc/npc_armstrong.gd" type="Script" id=22]
[ext_resource path="res://entities/enemies/crawly.tscn" type="PackedScene" id=23]
[ext_resource path="res://entities/env/stone/rock2.tscn" type="PackedScene" id=24]
[ext_resource path="res://material/env/copper/copper_corroded.material" type="Material" id=25]
[ext_resource path="res://dialog/intro/cave.dialog" type="Resource" id=26]
[ext_resource path="res://entities/env/copper/scrap1.tscn" type="PackedScene" id=27]
[ext_resource path="res://entities/env/copper/palace2.tscn" type="PackedScene" id=28]
[ext_resource path="res://entities/env/copper/scrap2.tscn" type="PackedScene" id=29]
[ext_resource path="res://entities/env/copper/palace_roof1.tscn" type="PackedScene" id=30]
[ext_resource path="res://entities/env/stone/pillar.tscn" type="PackedScene" id=31]
[ext_resource path="res://entities/env/stone/ruin1.tscn" type="PackedScene" id=32]
[ext_resource path="res://entities/env/stone/fountain.tscn" type="PackedScene" id=33]
[ext_resource path="res://items/ammo/pistol_pickup.tscn" type="PackedScene" id=34]
[ext_resource path="res://entities/visual/mum.tscn" type="PackedScene" id=35]
[ext_resource path="res://ui/diagetic/dialog_circle.tscn" type="PackedScene" id=36]
[ext_resource path="res://entities/env/stone/hut_bath.tscn" type="PackedScene" id=37]
[ext_resource path="res://entities/env/stone/wall1.tscn" type="PackedScene" id=38]
[ext_resource path="res://entities/env/furniture/sofa.tscn" type="PackedScene" id=39]
[ext_resource path="res://entities/env/jackie/tea_table.tscn" type="PackedScene" id=40]
[ext_resource path="res://entities/env/jackie/tea_chair.tscn" type="PackedScene" id=41]
[ext_resource path="res://entities/env/jackie/tea_cup.tscn" type="PackedScene" id=42]
[ext_resource path="res://entities/env/jackie/tea_plate.tscn" type="PackedScene" id=43]
[ext_resource path="res://entities/env/jackie/tea_pot.tscn" type="PackedScene" id=44]
[ext_resource path="res://items/item_pickup.tscn" type="PackedScene" id=45]
[ext_resource path="res://_glb/weapons/pistol.glb" type="PackedScene" id=46]
[ext_resource path="res://entities/env/copper/crate1.tscn" type="PackedScene" id=47]
[ext_resource path="res://entities/one_time/target.tscn" type="PackedScene" id=48]
[ext_resource path="res://entities/env/furniture/stump_table.tscn" type="PackedScene" id=49]
[ext_resource path="res://dialog/intro/armstrong.dialog" type="Resource" id=50]
[ext_resource path="res://entities/control/dswitch.tscn" type="PackedScene" id=51]
[ext_resource path="res://entities/env/stone/rock3.tscn" type="PackedScene" id=52]
[ext_resource path="res://entities/env/copper/rail_cart.tscn" type="PackedScene" id=53]
[ext_resource path="res://entities/one_time/tutorial_prompt.gd" type="Script" id=54]
[ext_resource path="res://ui/prompts/gamepadRS.png" type="Texture" id=55]
[ext_resource path="res://ui/prompts/gamepadRT.png" type="Texture" id=56]
[ext_resource path="res://ui/prompts/mouse2.png" type="Texture" id=57]
[ext_resource path="res://ui/prompts/mouse1.png" type="Texture" id=58]
[ext_resource path="res://entities/env/copper/pail.tscn" type="PackedScene" id=59]
[ext_resource path="res://entities/env/furniture/bed_jackie.tscn" type="PackedScene" id=60]
[ext_resource path="res://areas/chunks/_lightmaps/chunk124.lmbake" type="BakedLightmapData" id=61]
[ext_resource path="res://entities/env/stone/rock4.tscn" type="PackedScene" id=62]

[sub_resource type="OccluderShapePolygon" id=263]
polygon_points = PoolVector2Array( 141.68, -113.101, 88.7279, 18.4084, -117.586, -18.3186, -109.166, -90.4652, -5.99673, 33.6345 )

[sub_resource type="OccluderShapePolygon" id=264]
polygon_points = PoolVector2Array( 279.692, -233.021, 235.474, 54.6092, -65.3707, 32.8862, -249.044, -133.066 )

[sub_resource type="OccluderShapeSphere" id=265]
spheres = [ Plane( 0, 0, 0, 37.2436 ) ]

[sub_resource type="OccluderShapePolygon" id=266]
polygon_points = PoolVector2Array( 177.138, -444.604, 115.645, -19.5806, -34.3827, 23.4342, -134.662, -86.6232 )

[sub_resource type="Animation" id=260]
resource_name = "Activate"
length = 8.0
tracks/0/type = "value"
tracks/0/path = NodePath(".:translation")
tracks/0/interp = 1
tracks/0/loop_wrap = true
tracks/0/imported = false
tracks/0/enabled = true
tracks/0/keys = {
"times": PoolRealArray( 0, 1, 2, 4, 6, 8 ),
"transitions": PoolRealArray( 1, 1, 1, 1, 1, 1 ),
"update": 0,
"values": [ Vector3( -237.056, -218.035, -83.3147 ), Vector3( -234.07, -211.081, -88.3814 ), Vector3( -232.252, -204.126, -92.9398 ), Vector3( -229.88, -190.218, -98.9951 ), Vector3( -228.676, -176.309, -102.203 ), Vector3( -228.201, -162.4, -103.425 ) ]
}
tracks/1/type = "value"
tracks/1/path = NodePath(".:rotation_degrees")
tracks/1/interp = 1
tracks/1/loop_wrap = true
tracks/1/imported = false
tracks/1/enabled = true
tracks/1/keys = {
"times": PoolRealArray( 0, 1, 2, 4, 6, 8 ),
"transitions": PoolRealArray( 1, 1, 1, 1, 1, 1 ),
"update": 0,
"values": [ Vector3( 0, -122.315, 0 ), Vector3( 0, -117.701, 0 ), Vector3( 0, -115.43, 0 ), Vector3( 0, -111.904, 0 ), Vector3( 0, -116.064, 0 ), Vector3( 0, -120.223, 0 ) ]
}

[sub_resource type="Animation" id=261]
length = 0.001
tracks/0/type = "value"
tracks/0/path = NodePath(".:translation")
tracks/0/interp = 1
tracks/0/loop_wrap = true
tracks/0/imported = false
tracks/0/enabled = true
tracks/0/keys = {
"times": PoolRealArray( 0 ),
"transitions": PoolRealArray( 1 ),
"update": 0,
"values": [ Vector3( -237.056, -218.035, -83.3147 ) ]
}
tracks/1/type = "value"
tracks/1/path = NodePath(".:rotation_degrees")
tracks/1/interp = 1
tracks/1/loop_wrap = true
tracks/1/imported = false
tracks/1/enabled = true
tracks/1/keys = {
"times": PoolRealArray( 0 ),
"transitions": PoolRealArray( 1 ),
"update": 0,
"values": [ Vector3( 0, -122.315, 0 ) ]
}

[sub_resource type="BoxShape" id=262]
extents = Vector3( 9.25974, 2.62014, 2.34377 )

[sub_resource type="CubeMesh" id=253]

[sub_resource type="BoxShape" id=254]
extents = Vector3( 1.5, 2, 0.5 )

[sub_resource type="Animation" id=255]
resource_name = "Activate"
length = 3.0
tracks/0/type = "value"
tracks/0/path = NodePath(".:translation")
tracks/0/interp = 1
tracks/0/loop_wrap = true
tracks/0/imported = false
tracks/0/enabled = true
tracks/0/keys = {
"times": PoolRealArray( 0, 0.5, 3 ),
"transitions": PoolRealArray( 1, 1, 1 ),
"update": 0,
"values": [ Vector3( 3.21773, 0.0294952, 5.62034 ), Vector3( 3.21773, 0.0294952, 5.23832 ), Vector3( 3.21773, -4.65025, 5.23832 ) ]
}

[sub_resource type="Animation" id=256]
length = 0.01
tracks/0/type = "value"
tracks/0/path = NodePath(".:translation")
tracks/0/interp = 1
tracks/0/loop_wrap = true
tracks/0/imported = false
tracks/0/enabled = true
tracks/0/keys = {
"times": PoolRealArray( 0 ),
"transitions": PoolRealArray( 1 ),
"update": 0,
"values": [ Vector3( 3.21773, 0.0294952, 5.62034 ) ]
}

[sub_resource type="Animation" id=257]
resource_name = "Activate"
length = 3.0
tracks/0/type = "value"
tracks/0/path = NodePath(".:translation")
tracks/0/interp = 1
tracks/0/loop_wrap = true
tracks/0/imported = false
tracks/0/enabled = true
tracks/0/keys = {
"times": PoolRealArray( 0, 0.7, 1.1, 3 ),
"transitions": PoolRealArray( 1, 1, 1, 1 ),
"update": 0,
"values": [ Vector3( 1.24524, -0.359253, -3.03695 ), Vector3( 0.632339, -0.359253, -3.03695 ), Vector3( 0.632339, -0.359253, -3.03695 ), Vector3( 0.632339, -4.70335, -3.03695 ) ]
}

[sub_resource type="Animation" id=258]
length = 0.001
tracks/0/type = "value"
tracks/0/path = NodePath(".:translation")
tracks/0/interp = 1
tracks/0/loop_wrap = true
tracks/0/imported = false
tracks/0/enabled = true
tracks/0/keys = {
"times": PoolRealArray( 0 ),
"transitions": PoolRealArray( 1 ),
"update": 0,
"values": [ Vector3( 1.24524, -0.359253, -3.03695 ) ]
}

[sub_resource type="BoxShape" id=259]
extents = Vector3( 1.24123, 1.82926, 1 )

[sub_resource type="BoxShape" id=250]
extents = Vector3( 2.65809, 1.56186, 1 )

[sub_resource type="CylinderShape" id=251]
radius = 0.634045

[sub_resource type="OccluderShapePolygon" id=268]
polygon_points = PoolVector2Array( 7.84183, -4.42842, 7.83727, 2.81516, -8.08119, 2.20998, -7.9166, -3.8607 )

[sub_resource type="OccluderShapePolygon" id=267]
polygon_points = PoolVector2Array( 7.20355, -8.07906, 7.36118, 7.78926, -8.39911, 7.76288, -8.36946, -8.16253 )

[sub_resource type="OccluderShapePolygon" id=269]
polygon_points = PoolVector2Array( 4.16739, -6.33401, 4.23732, 2.50775, -6.00702, 2.74455, -6.07927, -5.12074 )

[node name="chunk124" instance=ExtResource( 3 )]
script = ExtResource( 2 )
lighting_preview = true

[node name="static_collision" parent="medium" index="0"]
collision_layer = 257

[node name="cave_entrace" parent="." index="1"]
material_override = ExtResource( 25 )

[node name="static_collision" parent="cave_entrace" index="0"]
collision_layer = 257

[node name="shape0" parent="cave_entrace/static_collision" index="0"]
transform = Transform( 1, 0, 0, 0, 1, 0, 0, 0, 1, -0.00909424, -0.0183258, -0.0265055 )

[node name="cave_back" parent="." index="2"]
material_override = ExtResource( 25 )

[node name="static_collision" parent="cave_back" index="0"]
collision_layer = 257

[node name="rail" parent="." index="3"]
material/0 = ExtResource( 25 )

[node name="BakedLightmap" type="BakedLightmap" parent="." index="4"]
transform = Transform( 0.0430957, 0, -0.999071, 0, 1, 0, 0.999071, 0, 0.0430957, -31.0443, -201.742, -32.1858 )
extents = Vector3( 222.153, 70.9235, 286.474 )
environment_mode = 1
capture_enabled = false
light_data = ExtResource( 61 )

[node name="Occluder" type="Occluder" parent="." index="5"]
transform = Transform( 0.238195, 0.481613, 0.843394, 0, 0.868388, -0.495885, -0.971217, 0.118117, 0.206845, -63.7707, -213.667, -15.64 )
shape = SubResource( 263 )

[node name="Occluder4" type="Occluder" parent="." index="6"]
transform = Transform( -0.782128, -0.00255837, -0.623112, 0.0290326, 0.998756, -0.0405424, 0.62244, -0.0497999, -0.781081, 9.98512, -184.615, -197.965 )
shape = SubResource( 264 )

[node name="Occluder3" type="Occluder" parent="." index="7"]
transform = Transform( -0.547005, 0.481613, 0.684715, 0.403163, 0.868388, -0.288725, -0.733652, 0.118117, -0.669181, 14.4584, -183.644, -193.399 )
shape = SubResource( 265 )

[node name="Occluder2" type="Occluder" parent="." index="8"]
transform = Transform( -0.547005, 0.481613, 0.684715, 0.403163, 0.868388, -0.288725, -0.733652, 0.118117, -0.669181, -50.1913, -210.602, -93.539 )
shape = SubResource( 266 )

[node name="village_area" type="Spatial" parent="." index="9"]
transform = Transform( 1, 0, 0, 0, 1, 0, 0, 0, 1, -206.564, -223.545, -11.3175 )

[node name="hut" parent="village_area" index="0" instance=ExtResource( 4 )]
transform = Transform( -0.965926, 0, -0.258819, 0, 1, 0, 0.258819, 0, -0.965926, -13.436, -7.33182, 25.3175 )

[node name="SpotLight" type="SpotLight" parent="village_area/hut" index="0"]
transform = Transform( 1, 1.49012e-08, 1.16415e-10, 0, -0.00618077, 0.999981, 0, -0.999981, -0.00618077, 0, 8.897, -0.0121841 )
light_color = Color( 1, 0.929412, 0.792157, 1 )
spot_range = 6.64951
spot_angle = 67.6998

[node name="player_start" type="Position3D" parent="village_area/hut" index="1"]
transform = Transform( 0.253782, 0, 0.967262, 0, 1, 0, -0.967262, 0, 0.253782, -2.01971, 4.12927, 1.15509 )
script = ExtResource( 13 )

[node name="wardrobe" parent="village_area/hut" index="2" instance=ExtResource( 5 )]
transform = Transform( 0.873603, 0, -0.48664, 0, 1, 0, 0.48664, 0, 0.873603, 2.72163, 5.08853, 1.96338 )

[node name="tea_chair" parent="village_area/hut" index="4" instance=ExtResource( 41 )]
transform = Transform( -0.630621, 0, 0.77609, 0, 1, 0, -0.77609, 0, -0.630621, -0.135498, 4.13033, 0.185928 )

[node name="tea_table" parent="village_area/hut" index="5" instance=ExtResource( 40 )]
transform = Transform( 0.536625, 0, 0.843821, 0, 1, 0, -0.843821, 0, 0.536625, 0.428391, 4.1067, -0.349312 )

[node name="tea_plate" parent="village_area/hut/tea_table" index="1" instance=ExtResource( 43 )]
transform = Transform( 0.897466, 0, -0.441083, 0, 1, 0, 0.441083, 0, 0.897466, -0.283905, 0.7173, -0.0936775 )

[node name="tea_cup" parent="village_area/hut/tea_table/tea_plate" index="1" instance=ExtResource( 42 )]
transform = Transform( -0.898288, 0, -0.439406, 0, 1, 0, 0.439406, 0, -0.898288, 0, 0, -2.86102e-06 )

[node name="tea_plate3" parent="village_area/hut/tea_table" index="2" instance=ExtResource( 43 )]
transform = Transform( -0.994297, 0, -0.106646, 0, 1, 0, 0.106646, 0, -0.994297, 0.0883026, 0.7173, 0.216488 )

[node name="tea_plate2" parent="village_area/hut/tea_table/tea_plate3" index="1" instance=ExtResource( 43 )]
transform = Transform( 0.526689, 0, 0.850058, 0, 1, 0, -0.850058, 0, 0.526689, -0.000518799, 0.00724792, 0.000832558 )

[node name="tea_plate3" parent="village_area/hut/tea_table/tea_plate3" index="2" instance=ExtResource( 43 )]
transform = Transform( 0.998757, 0, -0.0498434, 0, 1, 0, 0.0498434, 0, 0.998757, -0.00050354, 0.0130005, 0.000832558 )

[node name="tea_plate4" parent="village_area/hut/tea_table/tea_plate3" index="3" instance=ExtResource( 43 )]
transform = Transform( -0.472843, 0, 0.881147, 0, 1, 0, -0.881147, 0, -0.472843, -0.00050354, 0.0194702, 0.000832558 )

[node name="tea_cup" parent="village_area/hut/tea_table" index="3" instance=ExtResource( 42 )]
transform = Transform( -0.0717936, 0, 0.99742, 0, 1, 0, -0.99742, 0, -0.0717936, 0.0890961, 0.738297, 0.214394 )

[node name="tea_cup2" parent="village_area/hut/tea_table/tea_cup" index="1" instance=ExtResource( 42 )]
transform = Transform( 0.332849, -0.0215127, 0.942735, 0.114511, 0.993263, -0.0177644, -0.936001, 0.113867, 0.33307, -0.0015564, 0.0297394, 0.000796318 )

[node name="tea_cup3" parent="village_area/hut/tea_table/tea_cup" index="2" instance=ExtResource( 42 )]
transform = Transform( -0.464726, 0.0377553, -0.884649, 0.0678321, 0.997673, 0.00694525, 0.882853, -0.05678, -0.466205, -0.00157166, 0.0542603, 0.000796318 )

[node name="tea_cup4" parent="village_area/hut/tea_table/tea_cup" index="3" instance=ExtResource( 42 )]
transform = Transform( -0.81751, 0.225887, 0.529767, 0.167394, 0.973355, -0.156715, -0.551051, -0.0394362, -0.833539, -0.00157166, 0.080246, 0.000796318 )

[node name="tea_pot" parent="village_area/hut/tea_table" index="4" instance=ExtResource( 44 )]
transform = Transform( -0.667521, 0, -0.744592, 0, 1, 0, 0.744592, 0, -0.667521, 0.0894623, 0.7173, -0.110191 )

[node name="bed_jackie" parent="village_area/hut" index="6" instance=ExtResource( 60 )]
transform = Transform( 0.0551165, 0, -0.998479, 0, 1, 0, 0.998479, 0, 0.0551165, -0.0132141, 4.08292, 3.06611 )

[node name="sofa" parent="village_area/hut" index="7" instance=ExtResource( 39 )]
transform = Transform( 0.400989, 0, -0.916083, 0, 1, 0, 0.916083, 0, 0.400989, -3.68472, 1, 1.14431 )

[node name="rock31" parent="village_area" index="1" instance=ExtResource( 15 )]
transform = Transform( 0.0453978, -0.872481, -0.486535, 0.998969, 0.0396496, 0.0221104, -1.49012e-08, -0.487037, 0.873381, -34.669, -1.35382, -65.5622 )

[node name="wall1" parent="village_area" index="2" instance=ExtResource( 38 )]
transform = Transform( 0.996535, 0, 0.0831735, 0, 1, 0, -0.0831735, 0, 0.996535, -42.491, -7.75381, 34.2805 )

[node name="target" parent="village_area" index="3" instance=ExtResource( 48 )]
transform = Transform( 1, 0, 0, 0, 1, 0, 0, 0, 1, -2.86996, -2.07481, -34.3901 )

[node name="target2" parent="village_area" index="4" instance=ExtResource( 48 )]
transform = Transform( -0.998095, 0, -0.061693, 0, 1, 0, 0.061693, 0, -0.998095, -7.63496, -2.67482, -34.9989 )

[node name="target3" parent="village_area" index="5" instance=ExtResource( 48 )]
transform = Transform( 1, 0, 0, 0, 1, 0, 0, 0, 1, -13.226, -2.57281, -35.1901 )

[node name="rock28" parent="village_area" index="6" instance=ExtResource( 15 )]
transform = Transform( 0.857751, 0.514065, -7.66017e-09, -0.146045, 0.243686, -0.958795, -0.492883, 0.822407, 0.284099, -31.991, 53.9242, -96.1515 )

[node name="rock27" parent="village_area" index="7" instance=ExtResource( 15 )]
transform = Transform( 0.932096, 0, 0.36221, 0, 1, 0, -0.36221, 0, 0.932096, -39.6, 30.8582, -92.4965 )

[node name="rock29" parent="village_area" index="8" instance=ExtResource( 52 )]
transform = Transform( 0.579011, 0, 0.81532, 0, 1, 0, -0.81532, 0, 0.579011, -40.47, 60.6542, -104.883 )

[node name="rock30" parent="village_area" index="9" instance=ExtResource( 15 )]
transform = Transform( 0.107028, -3.72529e-09, -0.994256, 0.381239, 0.923565, 0.0410388, 0.91826, -0.383441, 0.098847, -33.331, 64.9002, -93.3435 )

[node name="pillar6" parent="village_area" index="10" instance=ExtResource( 31 )]
transform = Transform( 0.353297, 0.534468, -0.767806, 0.902932, 0.0198954, 0.429323, 0.244735, -0.844955, -0.475559, -20.655, 68.0152, -94.0185 )

[node name="rock26" parent="village_area" index="11" instance=ExtResource( 62 )]
transform = Transform( -0.0898314, 0.995957, 0, 0.99486, 0.0897325, -0.046913, -0.0467233, -0.00421426, -0.998899, 83.24, 29.4102, 16.7878 )

[node name="rock5" parent="village_area" index="12" instance=ExtResource( 15 )]
transform = Transform( -0.859357, -0.455476, -0.232481, 0.50753, -0.81531, -0.278713, -0.0625957, -0.357505, 0.93181, 105.611, -11.6048, -0.702324 )

[node name="rock22" parent="village_area" index="13" instance=ExtResource( 15 )]
transform = Transform( 0.439229, 0.523098, -0.730372, 0.50753, -0.81531, -0.278713, -0.741276, -0.248267, -0.623598, 122.184, -9.91582, 5.07071 )

[node name="rock6" parent="village_area" index="14" instance=ExtResource( 15 )]
transform = Transform( -0.859357, -0.455476, -0.232481, -0.217515, -0.0858665, 0.972271, -0.462809, 0.886097, -0.0252832, 89.076, -9.08582, -24.8766 )

[node name="rock7" parent="village_area" index="15" instance=ExtResource( 15 )]
transform = Transform( 0.969977, 0.0919825, 0.225126, -0.217515, -0.0858665, 0.972271, 0.108763, -0.992051, -0.063281, 90.271, -3.79681, -25.1327 )

[node name="rock4" parent="village_area" index="16" instance=ExtResource( 15 )]
transform = Transform( 0.241232, 0.332234, -0.911825, 0.391311, -0.893107, -0.221889, -0.888078, -0.303281, -0.345454, 61.793, -8.17381, 17.7663 )

[node name="rock8" parent="village_area" index="17" instance=ExtResource( 15 )]
transform = Transform( 0.629715, -0.354063, 0.691445, -0.459139, 0.548343, 0.698935, -0.626617, -0.757601, 0.182736, 56.426, -1.55182, 17.7663 )

[node name="rock2" parent="village_area" index="18" instance=ExtResource( 24 )]
transform = Transform( -0.399667, 0.138115, 0.906195, -0.628645, 0.678184, -0.38062, -0.667137, -0.721797, -0.184223, 68.297, -2.38281, 8.68922 )

[node name="rock15" parent="village_area" index="19" instance=ExtResource( 24 )]
transform = Transform( -0.93222, -0.291605, -0.214318, -0.311812, 0.947799, 0.0667025, 0.18368, 0.129008, -0.974483, 87.675, 22.6272, 50.364 )

[node name="rock16" parent="village_area" index="20" instance=ExtResource( 24 )]
transform = Transform( 0.0505968, -0.0535392, 0.997283, -0.681805, -0.731519, -0.00468121, 0.729782, -0.679716, -0.0735155, 99.489, 22.6272, 32.5391 )

[node name="rock9" parent="village_area" index="21" instance=ExtResource( 24 )]
transform = Transform( -0.200048, 0.912492, -0.356845, 0.235303, 0.398292, 0.886564, 0.951112, 0.0933886, -0.294389, 77.512, -3.97382, -7.35302 )

[node name="rock10" parent="village_area" index="22" instance=ExtResource( 15 )]
transform = Transform( 0.381573, -0.398471, 0.83404, 0.722255, 0.691627, 0, -0.576844, 0.60239, 0.551704, 41.355, -7.40282, 4.53868 )

[node name="rock11" parent="village_area" index="23" instance=ExtResource( 15 )]
transform = Transform( 0.0957246, -0.848647, 0.520225, 0.127943, -0.507801, -0.851921, 0.987151, 0.148109, 0.0599693, 56.079, -6.20181, -6.89122 )

[node name="rock13" parent="village_area" index="24" instance=ExtResource( 15 )]
transform = Transform( -0.0676506, 0.0473767, 0.996584, 0.144762, -0.987836, 0.0567876, 0.987151, 0.148109, 0.0599693, 71.05, 24.4642, 4.02109 )

[node name="rock14" parent="village_area" index="25" instance=ExtResource( 15 )]
transform = Transform( -0.559608, -0.129069, -0.818645, 0.82869, -0.0745833, -0.554716, 0.0105393, -0.988827, 0.148696, 95.2, 27.0992, 10.2556 )

[node name="intro_npc" parent="village_area" index="26" instance=ExtResource( 18 )]
transform = Transform( 0.978946, 0, 0.20412, 0, 1, 0, -0.20412, 0, 0.978946, -18.282, -7.05283, 15.9389 )
dialog = ExtResource( 21 )
visual_name = "Landlord"

[node name="armstrong_npc" parent="village_area" index="27" instance=ExtResource( 18 )]
transform = Transform( 0.897689, 0, -0.440629, 0, 1, 0, 0.440629, 0, 0.897689, -35.223, -5.49382, -28.5292 )
script = ExtResource( 22 )
dialog = ExtResource( 50 )
visual_name = "Armstrong"
model_scale = 1.1
friendly_id = "armstrong"
tutorial_node = NodePath("../tutorials")

[node name="cave_npc1" parent="village_area" index="28" instance=ExtResource( 18 )]
transform = Transform( 0.610117, 0, -0.792311, 0, 1, 0, 0.792311, 0, 0.610117, 30.201, -5.46582, -7.46752 )
dialog = ExtResource( 26 )
visual_name = "Cave Guard"

[node name="town_pickups" type="MultiMeshSystem" parent="village_area" index="29"]
transform = Transform( 1, 0, 0, 0, 1, 0, 0, 0, 1, 12.333, 7.66718, 6.54477 )

[node name="capacitor_pickup" parent="village_area/town_pickups" index="0" instance=ExtResource( 12 )]
transform = Transform( 1, 0, 0, 0, 0.508786, 0.860893, 0, -0.860893, 0.508786, 101.42, -18.3602, -0.612767 )
friendly_name = "cave_capacitor_124"

[node name="bug_pickup" parent="village_area/town_pickups" index="1" instance=ExtResource( 14 )]
transform = Transform( -0.900782, 0, -0.434272, 0, 1, 0, 0.434272, 0, -0.900782, -35.7546, -5.21924, -34.8339 )

[node name="bug_pickup2" parent="village_area/town_pickups" index="2" instance=ExtResource( 14 )]
transform = Transform( -0.780958, -0.198222, 0.592294, -0.246018, 0.969265, -7.22159e-09, -0.57409, -0.145715, -0.805721, -33.3736, -5.63724, -38.6724 )

[node name="bug_pickup3" parent="village_area/town_pickups" index="3" instance=ExtResource( 14 )]
transform = Transform( -0.492792, -0.0352028, 0.869435, -0.0712537, 0.997458, 1.85791e-09, -0.867225, -0.0619505, -0.494048, -38.3166, -4.00224, -36.8047 )

[node name="bug_pickup17" parent="village_area/town_pickups" index="4" instance=ExtResource( 14 )]
transform = Transform( 1, 0, 0, 0, 1, 0, 0, 0, 1, -25.9066, -4.05824, 18.955 )

[node name="bug_pickup30" parent="village_area/town_pickups" index="5" instance=ExtResource( 14 )]
transform = Transform( 0.903148, 0.110233, -0.414936, -0.0812692, 0.992897, 0.086887, 0.421569, -0.0447495, 0.905692, 35.6264, -16.8762, -6.00149 )

[node name="bug_pickup26" parent="village_area/town_pickups" index="6" instance=ExtResource( 14 )]
transform = Transform( 0.109127, 0, -0.994028, 0, 1, 0, 0.994028, 0, 0.109127, 63.3774, 1.72375, -15.2076 )

[node name="bug_pickup27" parent="village_area/town_pickups" index="7" instance=ExtResource( 14 )]
transform = Transform( 0.109127, 0, -0.994028, 0, 1, 0, 0.994028, 0, 0.109127, 61.4554, 6.48476, 10.7057 )

[node name="bug_pickup28" parent="village_area/town_pickups" index="8" instance=ExtResource( 14 )]
transform = Transform( -0.918322, 0, 0.395834, 0, 1, 0, -0.395834, 0, -0.918322, 79.2964, 1.46075, 59.4593 )

[node name="bug_pickup29" parent="village_area/town_pickups" index="9" instance=ExtResource( 14 )]
transform = Transform( -0.132654, 0, -0.991162, 0, 1, 0, 0.991162, 0, -0.132654, 77.2834, -7.04324, -30.6775 )

[node name="bug_pickup18" parent="village_area/town_pickups" index="10" instance=ExtResource( 14 )]
transform = Transform( 0.44476, 0, -0.89565, 0, 1, 0, 0.89565, 0, 0.44476, 49.9454, -16.2792, -13.8063 )

[node name="bug_pickup19" parent="village_area/town_pickups" index="11" instance=ExtResource( 14 )]
transform = Transform( 0.97371, 0, 0.22779, 0, 1, 0, -0.22779, 0, 0.97371, 49.8644, -8.11224, -14.167 )

[node name="bug_pickup20" parent="village_area/town_pickups" index="12" instance=ExtResource( 14 )]
transform = Transform( -0.980478, 0, -0.196631, 0, 1, 0, 0.196631, 0, -0.980478, 49.8644, -3.93724, -14.167 )

[node name="bug_pickup23" parent="village_area/town_pickups" index="13" instance=ExtResource( 14 )]
transform = Transform( 0.967254, 0, 0.253809, 0, 1, 0, -0.253809, 0, 0.967254, 49.8644, -3.12924, -14.167 )

[node name="bug_pickup24" parent="village_area/town_pickups" index="14" instance=ExtResource( 14 )]
transform = Transform( -0.962389, 0, 0.271676, 0, 1, 0, -0.271676, 0, -0.962389, 49.8644, -5.53224, -14.167 )

[node name="bug_pickup25" parent="village_area/town_pickups" index="15" instance=ExtResource( 14 )]
transform = Transform( 0.109127, 0, -0.994028, 0, 1, 0, 0.994028, 0, 0.109127, 49.8644, -7.25224, -14.167 )

[node name="bug_pickup21" parent="village_area/town_pickups" index="16" instance=ExtResource( 14 )]
transform = Transform( -0.461563, 0, -0.887107, 0, 1, 0, 0.887107, 0, -0.461563, 49.8644, -4.86723, -14.167 )

[node name="bug_pickup22" parent="village_area/town_pickups" index="17" instance=ExtResource( 14 )]
transform = Transform( 0.873458, 0, 0.486899, 0, 1, 0, -0.486899, 0, 0.873458, 49.8644, -6.32524, -14.167 )

[node name="gem_pickup15" parent="village_area/town_pickups" index="18" instance=ExtResource( 20 )]
transform = Transform( 1, 0, 0, 0, 1, 0, 0, 0, 1, 38.2694, -10.3502, -18.8186 )

[node name="gem_pickup16" parent="village_area/town_pickups" index="19" instance=ExtResource( 20 )]
transform = Transform( 1, 0, 0, 0, 1, 0, 0, 0, 1, 49.9274, -7.52724, -20.6766 )

[node name="gem_pickup17" parent="village_area/town_pickups" index="20" instance=ExtResource( 20 )]
transform = Transform( 1, 0, 0, 0, 1, 0, 0, 0, 1, 49.1304, -6.33324, -23.2328 )

[node name="gem_pickup18" parent="village_area/town_pickups" index="21" instance=ExtResource( 20 )]
transform = Transform( 1, 0, 0, 0, 1, 0, 0, 0, 1, 48.3804, -5.44624, -25.1988 )

[node name="gem_pickup19" parent="village_area/town_pickups" index="22" instance=ExtResource( 20 )]
transform = Transform( 1, 0, 0, 0, 1, 0, 0, 0, 1, 47.8564, -4.64323, -26.9066 )

[node name="gem_pickup20" parent="village_area/town_pickups" index="23" instance=ExtResource( 20 )]
transform = Transform( 1, 0, 0, 0, 1, 0, 0, 0, 1, 47.5014, -3.92123, -28.347 )

[node name="bug_pickup31" parent="village_area/town_pickups" index="24" instance=ExtResource( 14 )]
transform = Transform( 1, 0, 0, 0, 1, 0, 0, 0, 1, 45.9174, -2.05724, -31.9653 )

[node name="gem_pickup21" parent="village_area/town_pickups" index="25" instance=ExtResource( 20 )]
transform = Transform( 1, 0, 0, 0, 1, 0, 0, 0, 1, 62.4684, 0.584763, -13.7668 )

[node name="gem_pickup22" parent="village_area/town_pickups" index="26" instance=ExtResource( 20 )]
transform = Transform( 1, 0, 0, 0, 1, 0, 0, 0, 1, 61.8454, 0.471756, -11.9434 )

[node name="gem_pickup23" parent="village_area/town_pickups" index="27" instance=ExtResource( 20 )]
transform = Transform( 1, 0, 0, 0, 1, 0, 0, 0, 1, 63.4784, 1.23976, -17.7242 )

[node name="gem_pickup24" parent="village_area/town_pickups" index="28" instance=ExtResource( 20 )]
transform = Transform( 1, 0, 0, 0, 1, 0, 0, 0, 1, 63.5044, 1.38176, -19.556 )

[node name="gem_pickup25" parent="village_area/town_pickups" index="29" instance=ExtResource( 20 )]
transform = Transform( 1, 0, 0, 0, 1, 0, 0, 0, 1, 86.4364, -17.9332, -16.7494 )

[node name="gem_pickup26" parent="village_area/town_pickups" index="30" instance=ExtResource( 20 )]
transform = Transform( 1, 0, 0, 0, 1, 0, 0, 0, 1, 86.2344, -17.6822, -14.2445 )

[node name="gem_pickup27" parent="village_area/town_pickups" index="31" instance=ExtResource( 20 )]
transform = Transform( 1, 0, 0, 0, 1, 0, 0, 0, 1, 85.9564, -17.6062, -12.5114 )

[node name="gem_pickup28" parent="village_area/town_pickups" index="32" instance=ExtResource( 20 )]
transform = Transform( 1, 0, 0, 0, 1, 0, 0, 0, 1, 85.5614, -17.5222, -10.212 )

[node name="gem_pickup29" parent="village_area/town_pickups" index="33" instance=ExtResource( 20 )]
transform = Transform( 1, 0, 0, 0, 1, 0, 0, 0, 1, 85.2554, -17.4162, -7.57569 )

[node name="gem_pickup30" parent="village_area/town_pickups" index="34" instance=ExtResource( 20 )]
transform = Transform( 1, 0, 0, 0, 1, 0, 0, 0, 1, 84.9644, -17.3352, -4.60472 )

[node name="bug_pickup33" parent="village_area/town_pickups" index="35" instance=ExtResource( 14 )]
transform = Transform( -0.470226, 0, 0.882546, 0, 1, 0, -0.882546, 0, -0.470226, 85.2934, -16.2882, 11.8471 )

[node name="bug_pickup32" parent="village_area/town_pickups" index="36" instance=ExtResource( 14 )]
transform = Transform( 0.335797, 0, -0.941934, 0, 1, 0, 0.941934, 0, 0.335797, 86.5554, -12.8052, 8.78147 )

[node name="gem_pickup31" parent="village_area/town_pickups" index="37" instance=ExtResource( 20 )]
transform = Transform( 1, 0, 0, 0, 1, 0, 0, 0, 1, 87.0344, -18.9062, 6.05341 )
quantity = 3

[node name="gem_pickup32" parent="village_area/town_pickups" index="38" instance=ExtResource( 20 )]
transform = Transform( 1, 0, 0, 0, 1, 0, 0, 0, 1, 87.0344, -17.8542, 9.01935 )
quantity = 3

[node name="gem_pickup35" parent="village_area/town_pickups" index="39" instance=ExtResource( 20 )]
transform = Transform( 1, 0, 0, 0, 1, 0, 0, 0, 1, 87.0344, -16.1762, 13.4862 )
quantity = 3

[node name="gem_pickup33" parent="village_area/town_pickups" index="40" instance=ExtResource( 20 )]
transform = Transform( 1, 0, 0, 0, 1, 0, 0, 0, 1, 84.8284, -17.8542, 9.27138 )
quantity = 3

[node name="gem_pickup34" parent="village_area/town_pickups" index="41" instance=ExtResource( 20 )]
transform = Transform( 1, 0, 0, 0, 1, 0, 0, 0, 1, 85.3264, -18.5052, 7.78899 )
quantity = 3

[node name="gem_pickup36" parent="village_area/town_pickups" index="42" instance=ExtResource( 20 )]
transform = Transform( 1, 0, 0, 0, 1, 0, 0, 0, 1, 80.9234, -8.16524, 37.1983 )

[node name="gem_pickup37" parent="village_area/town_pickups" index="43" instance=ExtResource( 20 )]
transform = Transform( 1, 0, 0, 0, 1, 0, 0, 0, 1, 81.1064, -8.57324, 35.5156 )

[node name="gem_pickup38" parent="village_area/town_pickups" index="44" instance=ExtResource( 20 )]
transform = Transform( 1, 0, 0, 0, 1, 0, 0, 0, 1, 81.1624, -8.95824, 33.9986 )

[node name="gem_pickup39" parent="village_area/town_pickups" index="45" instance=ExtResource( 20 )]
transform = Transform( 1, 0, 0, 0, 1, 0, 0, 0, 1, 81.5134, -10.1952, 29.484 )

[node name="gem_pickup40" parent="village_area/town_pickups" index="46" instance=ExtResource( 20 )]
transform = Transform( 1, 0, 0, 0, 1, 0, 0, 0, 1, 81.4014, -9.57324, 31.7172 )

[node name="gem_pickup41" parent="village_area/town_pickups" index="47" instance=ExtResource( 20 )]
transform = Transform( 1, 0, 0, 0, 1, 0, 0, 0, 1, 68.5914, -5.78323, 34.0242 )

[node name="gem_pickup42" parent="village_area/town_pickups" index="48" instance=ExtResource( 20 )]
transform = Transform( 1, 0, 0, 0, 1, 0, 0, 0, 1, 69.9804, -5.94524, 34.2197 )

[node name="gem_pickup43" parent="village_area/town_pickups" index="49" instance=ExtResource( 20 )]
transform = Transform( 1, 0, 0, 0, 1, 0, 0, 0, 1, 69.3444, -5.67824, 35.1196 )

[node name="gem_pickup44" parent="village_area/town_pickups" index="50" instance=ExtResource( 20 )]
transform = Transform( 1, 0, 0, 0, 1, 0, 0, 0, 1, 78.9114, 0.729767, 57.1617 )

[node name="gem_pickup45" parent="village_area/town_pickups" index="51" instance=ExtResource( 20 )]
transform = Transform( 1, 0, 0, 0, 1, 0, 0, 0, 1, 80.6204, 0.729767, 57.327 )

[node name="gem_pickup46" parent="village_area/town_pickups" index="52" instance=ExtResource( 20 )]
transform = Transform( 1, 0, 0, 0, 1, 0, 0, 0, 1, 79.8484, 0.729767, 62.7663 )

[node name="gem_pickup47" parent="village_area/town_pickups" index="53" instance=ExtResource( 20 )]
transform = Transform( 1, 0, 0, 0, 1, 0, 0, 0, 1, 78.5974, 0.729767, 62.0993 )

[node name="gem_pickup48" parent="village_area/town_pickups" index="54" instance=ExtResource( 20 )]
transform = Transform( 1, 0, 0, 0, 1, 0, 0, 0, 1, 79.8034, 0.729767, 61.395 )

[node name="gem_pickup49" parent="village_area/town_pickups" index="55" instance=ExtResource( 20 )]
transform = Transform( 1, 0, 0, 0, 1, 0, 0, 0, 1, 78.8094, 0.729767, 61.0267 )

[node name="gem_pickup50" parent="village_area/town_pickups" index="56" instance=ExtResource( 20 )]
transform = Transform( 1, 0, 0, 0, 1, 0, 0, 0, 1, 79.8284, -5.05023, 66.2259 )

[node name="gem_pickup51" parent="village_area/town_pickups" index="57" instance=ExtResource( 20 )]
transform = Transform( 1, 0, 0, 0, 1, 0, 0, 0, 1, 77.8194, -5.16425, 67.2734 )

[node name="gem_pickup52" parent="village_area/town_pickups" index="58" instance=ExtResource( 20 )]
transform = Transform( 1, 0, 0, 0, 1, 0, 0, 0, 1, 80.1034, -5.73724, 68.2224 )

[node name="gem_pickup53" parent="village_area/town_pickups" index="59" instance=ExtResource( 20 )]
transform = Transform( 1, 0, 0, 0, 1, 0, 0, 0, 1, 78.3334, -5.73724, 68.3372 )

[node name="gem_pickup54" parent="village_area/town_pickups" index="60" instance=ExtResource( 20 )]
transform = Transform( 1, 0, 0, 0, 1, 0, 0, 0, 1, 79.8534, -6.55424, 69.6434 )

[node name="gem_pickup55" parent="village_area/town_pickups" index="61" instance=ExtResource( 20 )]
transform = Transform( 1, 0, 0, 0, 1, 0, 0, 0, 1, 76.6244, -5.96823, 68.7577 )

[node name="gem_pickup56" parent="village_area/town_pickups" index="62" instance=ExtResource( 20 )]
transform = Transform( 1, 0, 0, 0, 1, 0, 0, 0, 1, 78.0114, -6.29823, 69.6661 )

[node name="gem_pickup57" parent="village_area/town_pickups" index="63" instance=ExtResource( 20 )]
transform = Transform( 1, 0, 0, 0, 1, 0, 0, 0, 1, 78.5644, -13.7182, 59.7661 )

[node name="gem_pickup58" parent="village_area/town_pickups" index="64" instance=ExtResource( 20 )]
transform = Transform( 1, 0, 0, 0, 1, 0, 0, 0, 1, 79.3904, -13.7182, 60.6369 )

[node name="gem_pickup59" parent="village_area/town_pickups" index="65" instance=ExtResource( 20 )]
transform = Transform( 1, 0, 0, 0, 1, 0, 0, 0, 1, 78.8724, -13.7182, 61.3602 )

[node name="gem_pickup60" parent="village_area/town_pickups" index="66" instance=ExtResource( 20 )]
transform = Transform( 1, 0, 0, 0, 1, 0, 0, 0, 1, 39.0904, -12.1522, -1.89177 )

[node name="gem_pickup61" parent="village_area/town_pickups" index="67" instance=ExtResource( 20 )]
transform = Transform( 1, 0, 0, 0, 1, 0, 0, 0, 1, 38.3384, -12.2532, -0.473857 )

[node name="gem_pickup62" parent="village_area/town_pickups" index="68" instance=ExtResource( 20 )]
transform = Transform( 1, 0, 0, 0, 1, 0, 0, 0, 1, 37.5994, -12.3262, 0.413913 )

[node name="gem_pickup63" parent="village_area/town_pickups" index="69" instance=ExtResource( 20 )]
transform = Transform( 1, 0, 0, 0, 1, 0, 0, 0, 1, 40.4114, -9.53523, 5.63586 )

[node name="gem_pickup64" parent="village_area/town_pickups" index="70" instance=ExtResource( 20 )]
transform = Transform( 1, 0, 0, 0, 1, 0, 0, 0, 1, 39.4654, -10.1332, 5.12753 )

[node name="bug_pickup34" parent="village_area/town_pickups" index="71" instance=ExtResource( 14 )]
transform = Transform( -0.556557, 0, 0.83081, 0, 1, 0, -0.83081, 0, -0.556557, 34.5854, -1.45724, 14.9108 )

[node name="gem_pickup65" parent="village_area/town_pickups" index="72" instance=ExtResource( 20 )]
transform = Transform( 1, 0, 0, 0, 1, 0, 0, 0, 1, 35.8694, -2.15823, 17.1185 )

[node name="gem_pickup66" parent="village_area/town_pickups" index="73" instance=ExtResource( 20 )]
transform = Transform( 1, 0, 0, 0, 1, 0, 0, 0, 1, 36.8794, -2.09024, 16.1825 )

[node name="gem_pickup67" parent="village_area/town_pickups" index="74" instance=ExtResource( 20 )]
transform = Transform( 1, 0, 0, 0, 1, 0, 0, 0, 1, 32.1154, -2.56523, 13.189 )

[node name="gem_pickup68" parent="village_area/town_pickups" index="75" instance=ExtResource( 20 )]
transform = Transform( 1, 0, 0, 0, 1, 0, 0, 0, 1, 34.1114, -2.40924, 12.4177 )

[node name="gem_pickup69" parent="village_area/town_pickups" index="76" instance=ExtResource( 20 )]
transform = Transform( 1, 0, 0, 0, 1, 0, 0, 0, 1, 43.2244, -3.93823, 10.3657 )

[node name="gem_pickup70" parent="village_area/town_pickups" index="77" instance=ExtResource( 20 )]
transform = Transform( 1, 0, 0, 0, 1, 0, 0, 0, 1, 44.9694, -6.22824, 14.0094 )

[node name="gem_pickup71" parent="village_area/town_pickups" index="78" instance=ExtResource( 20 )]
transform = Transform( 1, 0, 0, 0, 1, 0, 0, 0, 1, 31.5444, -16.1342, -7.24709 )

[node name="gem_pickup72" parent="village_area/town_pickups" index="79" instance=ExtResource( 20 )]
transform = Transform( 1, 0, 0, 0, 1, 0, 0, 0, 1, 33.1444, -16.0512, -4.73156 )

[node name="gem_pickup73" parent="village_area/town_pickups" index="80" instance=ExtResource( 20 )]
transform = Transform( 1, 0, 0, 0, 1, 0, 0, 0, 1, 27.6454, -8.86224, -0.842167 )

[node name="gem_pickup74" parent="village_area/town_pickups" index="81" instance=ExtResource( 20 )]
transform = Transform( 1, 0, 0, 0, 1, 0, 0, 0, 1, 27.8184, -9.14723, 0.230062 )

[node name="gem_pickup75" parent="village_area/town_pickups" index="82" instance=ExtResource( 20 )]
transform = Transform( 1, 0, 0, 0, 1, 0, 0, 0, 1, 26.8764, -8.78824, -0.588167 )

[node name="gem_pickup76" parent="village_area/town_pickups" index="83" instance=ExtResource( 20 )]
transform = Transform( 1, 0, 0, 0, 1, 0, 0, 0, 1, 43.0184, -9.82524, -14.6204 )

[node name="gem_pickup77" parent="village_area/town_pickups" index="84" instance=ExtResource( 20 )]
transform = Transform( 1, 0, 0, 0, 1, 0, 0, 0, 1, 44.9974, -7.47025, -7.11059 )

[node name="gem_pickup78" parent="village_area/town_pickups" index="85" instance=ExtResource( 20 )]
transform = Transform( 1, 0, 0, 0, 1, 0, 0, 0, 1, 46.5004, -4.21024, -5.33649 )

[node name="gem_pickup83" parent="village_area/town_pickups" index="86" instance=ExtResource( 20 )]
transform = Transform( 1, 0, 0, 0, 1, 0, 0, 0, 1, 45.4054, -1.35724, 1.53588 )

[node name="gem_pickup84" parent="village_area/town_pickups" index="87" instance=ExtResource( 20 )]
transform = Transform( 1, 0, 0, 0, 1, 0, 0, 0, 1, 51.5354, -0.238235, 0.791463 )

[node name="gem_pickup85" parent="village_area/town_pickups" index="88" instance=ExtResource( 20 )]
transform = Transform( 1, 0, 0, 0, 1, 0, 0, 0, 1, 55.8114, 2.53976, 4.95766 )

[node name="gem_pickup86" parent="village_area/town_pickups" index="89" instance=ExtResource( 20 )]
transform = Transform( 1, 0, 0, 0, 1, 0, 0, 0, 1, 59.2474, 5.43477, 8.6991 )

