[gd_scene load_steps=49 format=2]

[ext_resource path="res://areas/chunk_content.gd" type="Script" id=1]
[ext_resource path="res://entities/env/copper/junkyard.tscn" type="PackedScene" id=2]
[ext_resource path="res://entities/env/copper/drill2.tscn" type="PackedScene" id=3]
[ext_resource path="res://entities/env/stone/fountain.tscn" type="PackedScene" id=4]
[ext_resource path="res://entities/env/copper/scrap_pile2.tscn" type="PackedScene" id=5]
[ext_resource path="res://entities/env/copper/scrap2.tscn" type="PackedScene" id=6]
[ext_resource path="res://entities/env/stone/rock1.tscn" type="PackedScene" id=7]
[ext_resource path="res://entities/env/copper/scrap_pile1.tscn" type="PackedScene" id=8]
[ext_resource path="res://entities/env/copper/scrap1.tscn" type="PackedScene" id=9]
[ext_resource path="res://entities/env/copper/scrap_pile3.tscn" type="PackedScene" id=10]
[ext_resource path="res://entities/env/copper/scrap3.tscn" type="PackedScene" id=11]
[ext_resource path="res://entities/env/electrical/wind_generator.tscn" type="PackedScene" id=12]
[ext_resource path="res://entities/env/stone/rock2.tscn" type="PackedScene" id=13]
[ext_resource path="res://entities/npc/npc_shop.tscn" type="PackedScene" id=14]
[ext_resource path="res://dialog/shops/junkyard_shop.dialog" type="Resource" id=15]
[ext_resource path="res://entities/shop_stock/shop_default_stock.inv" type="Resource" id=16]
[ext_resource path="res://entities/env/furniture/bed_native.tscn" type="PackedScene" id=17]
[ext_resource path="res://entities/env/furniture/incense.tscn" type="PackedScene" id=18]
[ext_resource path="res://entities/env/furniture/bottle1.tscn" type="PackedScene" id=19]
[ext_resource path="res://entities/env/furniture/bottle2.tscn" type="PackedScene" id=20]
[ext_resource path="res://entities/env/furniture/fruit_stand.tscn" type="PackedScene" id=21]
[ext_resource path="res://entities/npc/npc.tscn" type="PackedScene" id=22]
[ext_resource path="res://dialog/side_content/chunk075/priest.dialog" type="Resource" id=23]
[ext_resource path="res://entities/env/furniture/sitting_pillow.tscn" type="PackedScene" id=24]
[ext_resource path="res://entities/env/furniture/shelf.tscn" type="PackedScene" id=25]
[ext_resource path="res://entities/env/furniture/stump_table.tscn" type="PackedScene" id=26]
[ext_resource path="res://entities/env/electrical/outlet_box.tscn" type="PackedScene" id=27]
[ext_resource path="res://entities/env/plants/cactus_round_flower.tscn" type="PackedScene" id=28]
[ext_resource path="res://entities/env/stone/garden_melon.tscn" type="PackedScene" id=29]
[ext_resource path="res://entities/env/plants/cactus_round.tscn" type="PackedScene" id=30]
[ext_resource path="res://entities/env/stone/garden.tscn" type="PackedScene" id=31]
[ext_resource path="res://entities/env/stone/rock3.tscn" type="PackedScene" id=32]
[ext_resource path="res://entities/env/furniture/sofa.tscn" type="PackedScene" id=33]
[ext_resource path="res://entities/env/stone/water_pot.tscn" type="PackedScene" id=34]
[ext_resource path="res://entities/npc/npc_riley.tscn" type="PackedScene" id=35]
[ext_resource path="res://entities/env/copper/rail_cart.tscn" type="PackedScene" id=36]
[ext_resource path="res://entities/env/electrical/phone.tscn" type="PackedScene" id=37]
[ext_resource path="res://entities/env/electrical/drink_fridge.tscn" type="PackedScene" id=38]
[ext_resource path="res://entities/env/electrical/charger.tscn" type="PackedScene" id=39]
[ext_resource path="res://entities/env/copper/mine_shack_small.tscn" type="PackedScene" id=40]
[ext_resource path="res://entities/env/copper/pail.tscn" type="PackedScene" id=41]
[ext_resource path="res://entities/env/copper/c_table.tscn" type="PackedScene" id=42]
[ext_resource path="res://entities/env/copper/table2.tscn" type="PackedScene" id=43]
[ext_resource path="res://entities/env/copper/crate1.tscn" type="PackedScene" id=44]
[ext_resource path="res://items/bug_pickup.tscn" type="PackedScene" id=45]
[ext_resource path="res://entities/env/electrical/gen_part_pvc.tscn" type="PackedScene" id=46]
[ext_resource path="res://areas/chunks/_lightmaps/chunk075.lmbake" type="BakedLightmapData" id=47]
[ext_resource path="res://_glb/chunks/chunk075.glb" type="PackedScene" id=48]

[node name="chunk075" instance=ExtResource( 48 )]
script = ExtResource( 1 )
lighting_preview = true

[node name="BakedLightmap" type="BakedLightmap" parent="." index="1"]
transform = Transform( 1, 0, 0, 0, 1, 0, 0, 0, 1, -108.406, 30.4667, 0.698908 )
extents = Vector3( 135.893, 44.8472, 92.5652 )
quality = 0
bounces = 2
default_texels_per_unit = 8.0
atlas_max_size = 8192
environment_mode = 1
light_data = ExtResource( 47 )

[node name="ReflectionProbe2" type="ReflectionProbe" parent="." index="2"]
transform = Transform( 1, 0, 0, 0, 1, 0, 0, 0, 1, -94.9528, 12.4055, -4.01251 )
max_distance = 16384.0
extents = Vector3( 10.7693, 5.28234, 10.5524 )
origin_offset = Vector3( 0.478516, 1.41797, -0.0644531 )

[node name="ReflectionProbe" type="ReflectionProbe" parent="." index="3"]
transform = Transform( 0.943853, 0.205316, 0.258819, -0.212558, 0.977148, 1.95003e-08, -0.252905, -0.0550142, 0.965926, -92.4081, 45.9255, 6.90008 )
max_distance = 16384.0
extents = Vector3( 8.86245, 4.18666, 4.13545 )

[node name="fountain" parent="." index="4" instance=ExtResource( 4 )]
transform = Transform( 1, 0, 0, 0, 0.992113, 0.125351, 0, -0.125351, 0.992113, 201.186, 134.137, 207.368 )

[node name="bed_native" parent="." index="5" instance=ExtResource( 17 )]
transform = Transform( 0.878594, 0, -0.477569, 0, 1, 0, 0.477569, 0, 0.878594, -73.3186, 48.436, -53.5136 )

[node name="bed_native2" parent="." index="6" instance=ExtResource( 17 )]
transform = Transform( -0.871827, 0, 0.489814, 0, 1, 0, -0.489814, 0, -0.871827, -68.6752, 48.436, -51.0904 )

[node name="scrap_pile2" parent="." index="7" instance=ExtResource( 5 )]
transform = Transform( -0.0056199, 0, -0.999984, 0.960288, 0.278958, -0.00539681, 0.278953, -0.960303, -0.00156771, 108.997, -5.05238, 152.768 )

[node name="scrap_pile1" parent="." index="8" instance=ExtResource( 8 )]
transform = Transform( 0.136691, 0.15128, 0.978994, -0.962756, 0.253007, 0.0953277, -0.233272, -0.955564, 0.18023, 93.2876, -5.20693, 158.402 )

[node name="scrap3" parent="." index="9" instance=ExtResource( 11 )]
transform = Transform( -0.228606, -0.0850171, -0.9698, 0.446942, -0.894156, -0.0269694, -0.86486, -0.439609, 0.242407, 101.759, -5.98807, 168.675 )

[node name="scrap2" parent="." index="10" instance=ExtResource( 6 )]
transform = Transform( -0.0531203, -0.998588, 0, 0.962887, -0.0512212, -0.265001, 0.264627, -0.0140769, 0.964248, 118.432, -3.3059, 164.496 )

[node name="scrap4" parent="." index="11" instance=ExtResource( 6 )]
transform = Transform( -0.0531203, -0.998588, 0, 0.962887, -0.0512212, -0.265001, 0.264627, -0.0140769, 0.964248, 89.1845, -5.34727, 156.903 )

[node name="rock1" parent="." index="12" instance=ExtResource( 7 )]
transform = Transform( 0.0638392, 0.0911448, -0.993789, -0.819072, 0.573691, 0, 0.570128, 0.813985, 0.111278, 112.316, -4.5177, 170.459 )

[node name="rock2" parent="." index="13" instance=ExtResource( 7 )]
transform = Transform( 0.264075, -0.964502, 0, 0.964502, 0.264075, 0, 0, 0, 1, 101.043, -6.27368, 159.936 )

[node name="scrap1" parent="." index="14" instance=ExtResource( 9 )]
transform = Transform( 0.255429, -0.519348, -0.815496, 0, -0.843476, 0.537167, -0.966828, -0.137208, -0.215448, 59.1221, 4.05967, 48.731 )

[node name="scrap_pile3" parent="." index="15" instance=ExtResource( 10 )]
transform = Transform( 1, 0, 0, 0, -0.00776669, 0.99997, 0, -0.99997, -0.00776669, 123.955, 3.4274, -11.5024 )

[node name="scrap5" parent="." index="16" instance=ExtResource( 6 )]
transform = Transform( -0.339263, 0, -0.940691, 0.385896, 0.911984, -0.139174, 0.857896, -0.410225, -0.309403, 119.816, 0.885387, 109.223 )

[node name="rock3" parent="." index="17" instance=ExtResource( 7 )]
transform = Transform( 0.913162, 0.389394, -0.120448, 0, 0.295508, 0.95534, 0.407597, -0.87238, 0.269847, 164.342, 114.199, 218.751 )

[node name="rock4" parent="." index="18" instance=ExtResource( 7 )]
transform = Transform( -0.528089, -0.594257, -0.606614, -0.400818, 0.804195, -0.438881, 0.748644, 0.0113731, -0.662875, 164.342, 108.938, 218.751 )

[node name="fountain2" parent="." index="19" instance=ExtResource( 4 )]
transform = Transform( 1, 0, 0, 0, 0.999918, 0.0128607, 0, -0.0128607, 0.999918, -177.239, 2.20057, 156.643 )

[node name="rock6" parent="." index="20" instance=ExtResource( 13 )]
transform = Transform( 0.67785, 0, -0.7352, 0, 1, 0, 0.7352, 0, 0.67785, -192.645, 20.4039, 60.4758 )

[node name="junkyard" parent="." index="21" instance=ExtResource( 2 )]
transform = Transform( -0.866025, 0, 0.5, 0, 1, 0, -0.5, 0, -0.866025, -94, 18, -4 )

[node name="drill2" parent="." index="22" instance=ExtResource( 3 )]
transform = Transform( 1, 0, 0, 0, -0.687802, -0.725899, 0, 0.725899, -0.687802, -162.818, 24.8671, 74.9381 )

[node name="wind_generator" parent="." index="23" instance=ExtResource( 12 )]
transform = Transform( 1, 0, 0, 0, 1, 0, 0, 0, 1, -121.145, 55.5942, 16.1012 )

[node name="wind_generator2" parent="." index="24" instance=ExtResource( 12 )]
transform = Transform( -0.790492, 0, 0.612472, 0, 1, 0, -0.612472, 0, -0.790492, -96.5128, 50.5534, -26.952 )

[node name="wind_generator3" parent="." index="25" instance=ExtResource( 12 )]
transform = Transform( 0.192632, 0, -0.981271, 0, 1, 0, 0.981271, 0, 0.192632, -103.752, 48.0714, -21.8848 )

[node name="npc_junkyard_shop" parent="." index="26" instance=ExtResource( 14 )]
transform = Transform( 0.994546, 0.0494039, 0.0918543, -0.0381831, 0.992023, -0.120134, -0.097057, 0.115972, 0.9885, -87.2666, 42.6422, 3.37976 )
dialog = ExtResource( 15 )
visual_name = "Shopkeeper"
friendly_id = "junkyard_shop"
sitting = true
inventory_data = ExtResource( 16 )

[node name="incense" parent="." index="27" instance=ExtResource( 18 )]
transform = Transform( 1, 0, 0, 0, 1, 0, 0, 0, 1, -88.9192, 43.69, 5.24239 )

[node name="bottle1" parent="." index="28" instance=ExtResource( 19 )]
transform = Transform( 1, 0, 0, 0, 1, 0, 0, 0, 1, -89.2028, 43.7188, 5.01545 )

[node name="bottle2" parent="." index="29" instance=ExtResource( 20 )]
transform = Transform( 1, 0, 0, 0, 1, 0, 0, 0, 1, -88.878, 43.6876, 5.02953 )

[node name="bottle3" parent="." index="30" instance=ExtResource( 19 )]
transform = Transform( 1, 0, 0, 0, 1, 0, 0, 0, 1, -88.8221, 43.6829, 4.77516 )

[node name="bottle4" parent="." index="31" instance=ExtResource( 20 )]
transform = Transform( 1, 0, 0, 0, 1, 0, 0, 0, 1, -88.8558, 43.6868, 4.53745 )

[node name="bottle5" parent="." index="32" instance=ExtResource( 20 )]
transform = Transform( 1, 0, 0, 0, 1, 0, 0, 0, 1, -89.0247, 43.7027, 4.62069 )

[node name="bottle6" parent="." index="33" instance=ExtResource( 20 )]
transform = Transform( 1, 0, 0, 0, 1, 0, 0, 0, 1, -89.0554, 43.7051, 4.83502 )

[node name="fruit_stand" parent="." index="34" instance=ExtResource( 21 )]
transform = Transform( 0.249191, 0.125133, -0.960336, -0.0314292, 0.99214, 0.121122, 0.967944, 0, 0.251165, -90.7267, 43.8262, 5.07527 )

[node name="npc" parent="." index="35" instance=ExtResource( 22 )]
transform = Transform( -0.815687, 0, -0.578492, 0, 1, 0, 0.578492, 0, -0.815687, -96.6902, 44.5587, 9.8069 )
sitting = true

[node name="npc8" parent="." index="36" instance=ExtResource( 22 )]
transform = Transform( -0.968286, 0, 0.249844, 0, 1, 0, -0.249844, 0, -0.968286, -97.8986, 44.764, 10.075 )
sitting = true

[node name="npc2" parent="." index="37" instance=ExtResource( 22 )]
transform = Transform( -0.903668, 0, 0.428233, 0, 1, 0, -0.428233, 0, -0.903668, -104.7, 46.5065, -20.1409 )

[node name="npc3" parent="." index="38" instance=ExtResource( 22 )]
transform = Transform( -0.903668, 0, 0.428233, 0, 1, 0, -0.428233, 0, -0.903668, -101.23, 45.2089, -4.59013 )

[node name="npc_priest" parent="." index="39" instance=ExtResource( 22 )]
transform = Transform( 0.362088, 0, 0.932144, 0, 1, 0, -0.932144, 0, 0.362088, -84.3312, 49.9424, -12.9404 )
dialog = ExtResource( 23 )
visual_name = "Junkyard Priest"
friendly_id = "junkyard_priest"
sitting = true

[node name="npc4" parent="." index="40" instance=ExtResource( 22 )]
transform = Transform( -0.864431, 0, -0.502752, 0, 1, 0, 0.502752, 0, -0.864431, -94.8004, 15.4361, 9.77666 )

[node name="npc_follower" parent="." index="41" instance=ExtResource( 22 )]
transform = Transform( -0.562988, 0, -0.826465, 0, 1, 0, 0.826465, 0, -0.562988, -83.2217, 48.7955, -8.92391 )
visual_name = "Follower"
sitting = true

[node name="npc_follower2" parent="." index="42" instance=ExtResource( 22 )]
transform = Transform( -0.484286, 0, -0.87491, 0, 1, 0, 0.87491, 0, -0.484286, -82.2141, 48.9934, -10.7252 )
visual_name = "Follower"
sitting = true

[node name="npc_follower3" parent="." index="43" instance=ExtResource( 22 )]
transform = Transform( -0.22669, 0, -0.973967, 0, 1, 0, 0.973967, 0, -0.22669, -81.503, 49.3415, -12.9249 )
visual_name = "Follower"
sitting = true

[node name="sitting_pillow" parent="." index="44" instance=ExtResource( 24 )]
transform = Transform( 1, 0, 0, 0, 1, 0, 0, 0, 1, -72.6708, 48.436, -55.135 )

[node name="sitting_pillow2" parent="." index="45" instance=ExtResource( 24 )]
transform = Transform( -0.0701968, 0, -0.997533, 0, 1, 0, 0.997533, 0, -0.0701968, -70.9528, 48.436, -54.2648 )

[node name="shelf" parent="." index="46" instance=ExtResource( 25 )]
transform = Transform( -0.969108, 0, -0.246638, 0, 1, 0, 0.246638, 0, -0.969108, -66.9573, 48.436, -53.5242 )

[node name="stump_table" parent="." index="47" instance=ExtResource( 26 )]
transform = Transform( -0.9876, 0, 0.15699, 0, 1, 0, -0.15699, 0, -0.9876, -67.8583, 48.436, -54.7618 )

[node name="outlet_box" parent="stump_table" index="1" instance=ExtResource( 27 )]
transform = Transform( 0.788832, 0, 0.614608, 0, 1, 0, -0.614608, 0, 0.788832, -0.33712, 1.02678, 0.163052 )

[node name="wind_generator4" parent="." index="48" instance=ExtResource( 12 )]
transform = Transform( -0.985456, 0, 0.169931, 0, 1, 0, -0.169931, 0, -0.985456, -68.9424, 57.1281, -49.6813 )

[node name="npc5" parent="." index="49" instance=ExtResource( 22 )]
transform = Transform( -0.270483, 0, 0.962725, 0, 1, 0, -0.962725, 0, -0.270483, -68.3225, 48.436, -53.2054 )

[node name="npc7" parent="." index="50" instance=ExtResource( 22 )]
transform = Transform( 0.257466, 0, 0.966287, 0, 1, 0, -0.966287, 0, 0.257466, -72.6957, 48.5523, -55.2183 )
sitting = true

[node name="npc6" parent="." index="51" instance=ExtResource( 22 )]
transform = Transform( -0.0961623, 0, -0.995366, 0, 1, 0, 0.995366, 0, -0.0961623, -70.9437, 48.5523, -54.3803 )
sitting = true

[node name="cactus_round_flower" parent="." index="52" instance=ExtResource( 28 )]
transform = Transform( 1, 0, 0, 0, 0.978335, 0.207026, 0, -0.207026, 0.978335, -183.176, 1.90675, 151.052 )

[node name="cactus_round_flower2" parent="." index="53" instance=ExtResource( 28 )]
transform = Transform( -0.999956, -0.00051136, 0.00938933, 0, 0.99852, 0.0543812, -0.00940324, 0.0543788, -0.998476, -183.872, 1.83362, 150.516 )

[node name="cactus_round" parent="." index="54" instance=ExtResource( 30 )]
transform = Transform( -0.371396, -0.0336768, 0.927863, -0.0903057, 0.995914, 0, -0.924072, -0.0837914, -0.37292, -183.305, 2.17082, 153.341 )

[node name="cactus_round2" parent="." index="55" instance=ExtResource( 30 )]
transform = Transform( 0.113085, 0.0207564, -0.993369, -0.180532, 0.983569, 1.34507e-09, 0.977047, 0.179335, 0.114974, -182.832, 1.93619, 148.753 )

[node name="cactus_round3" parent="." index="56" instance=ExtResource( 30 )]
transform = Transform( -0.916893, 0.063794, -0.394001, 0.0694084, 0.997588, 0, 0.393051, -0.027347, -0.91911, -180.656, 1.97662, 150.297 )

[node name="cactus_round4" parent="." index="57" instance=ExtResource( 30 )]
transform = Transform( -0.0383053, -0.156525, 0.986931, 0, 0.987656, 0.156639, -0.999266, 0.00600012, -0.0378324, -181.123, 2.19863, 147.192 )

[node name="cactus_round5" parent="." index="58" instance=ExtResource( 30 )]
transform = Transform( -0.753806, 0, 0.657097, 0, 1, 0, -0.657097, 0, -0.753806, -182.754, 2.14233, 147.327 )

[node name="cactus_round_flower3" parent="." index="59" instance=ExtResource( 28 )]
transform = Transform( -0.91911, 0, -0.394001, 0, 1, 0, 0.394001, 0, -0.91911, -182.586, 1.83362, 150.223 )

[node name="cactus_round_flower4" parent="." index="60" instance=ExtResource( 28 )]
transform = Transform( -0.820456, -0.0472267, -0.569755, 0, 0.996582, -0.0826061, 0.571709, -0.0677747, -0.817652, -184.521, 1.95908, 152.194 )

[node name="garden" parent="." index="61" instance=ExtResource( 31 )]
transform = Transform( -0.8567, 7.45058e-09, 0.515815, -0.0304978, 0.998251, -0.0506527, -0.514913, -0.0591254, -0.855201, -202.92, 1.93693, 156.767 )

[node name="garden2" parent="." index="62" instance=ExtResource( 31 )]
transform = Transform( 0.997164, -2.32831e-10, -0.0752644, -0.00125623, 0.999861, -0.0166436, 0.0752539, 0.016691, 0.997025, -189.125, 1.54792, 150.199 )

[node name="garden3" parent="." index="63" instance=ExtResource( 31 )]
transform = Transform( 0.765983, 9.31322e-10, 0.642861, 0.01073, 0.999861, -0.012785, -0.642772, 0.016691, 0.765876, -203.085, 1.60115, 147.011 )

[node name="garden_melon" parent="." index="64" instance=ExtResource( 29 )]
transform = Transform( -0.768173, 0.0342525, 0.639325, -0.0540223, 0.991539, -0.118033, -0.637959, -0.125207, -0.759824, -192.982, 2.40947, 158.655 )

[node name="rock5" parent="." index="65" instance=ExtResource( 7 )]
transform = Transform( 1, 0, 0, 0, 0.783079, -0.621922, 0, 0.621922, 0.783079, -165.689, 4.18421, 170.892 )

[node name="rock7" parent="." index="66" instance=ExtResource( 7 )]
transform = Transform( 1, 0, 0, 0, 0.795087, 0.606496, 0, -0.606496, 0.795087, -155.224, 6.57894, 127.741 )

[node name="rock8" parent="." index="67" instance=ExtResource( 32 )]
transform = Transform( 1, 0, 0, 0, 1, 0, 0, 0, 1, -125.964, -0.0624428, 140.907 )

[node name="rock9" parent="." index="68" instance=ExtResource( 32 )]
transform = Transform( -0.515573, -0.856846, 0, 0.856846, -0.515573, 0, 0, 0, 1, 14.39, 13.5977, -14.9135 )

[node name="garden_melon2" parent="." index="69" instance=ExtResource( 29 )]
transform = Transform( 0.993924, 0.110067, 4.93423e-05, -0.10995, 0.992888, -0.0456637, -0.00507505, 0.0453808, 0.998957, -136.781, 42.1981, -4.73427 )

[node name="npc9" parent="." index="70" instance=ExtResource( 22 )]
transform = Transform( -0.975726, 0, -0.218993, 0, 1, 0, 0.218993, 0, -0.975726, -136.855, 42.1974, -4.74163 )
visual_name = "Gardener"

[node name="water_pot" parent="." index="71" instance=ExtResource( 34 )]
transform = Transform( 1, 0, 0, 0, 1, 0, 0, 0, 1, -87.9003, 54.3814, -7.67032 )

[node name="sofa" parent="." index="72" instance=ExtResource( 33 )]
transform = Transform( -0.304338, 0.030283, -0.952083, 0.108306, 0.994113, -0.00300076, 0.946387, -0.10403, -0.305826, -87.1838, 54.1504, -9.61154 )

[node name="npc_riley" parent="." index="73" instance=ExtResource( 35 )]
transform = Transform( 0.274034, 0, 0.96172, 0, 1, 0, -0.96172, 0, 0.274034, -87.1358, 54.362, -9.38777 )
sitting = true

[node name="rail_cart" parent="." index="74" instance=ExtResource( 36 )]
transform = Transform( 1, 0, 0, 0, 0.811677, 0.584106, 0, -0.584106, 0.811677, -174.355, 22.321, 76.3258 )

[node name="scrap6" parent="." index="75" instance=ExtResource( 9 )]
transform = Transform( 1, 0, 0, 0, 1, 0, 0, 0, 1, -174.756, 18.9733, 78.1504 )

[node name="scrap2" parent="scrap6" index="1" instance=ExtResource( 6 )]
transform = Transform( 0.300209, 0.930212, -0.211139, -0.760876, 0.367022, 0.535128, 0.575275, 2.98023e-08, 0.81796, 3.86646, 1.66118, 2.5087 )

[node name="rail_cart2" parent="." index="76" instance=ExtResource( 36 )]
transform = Transform( -0.181251, 0.760225, 0.623863, 0.135736, 0.647638, -0.749761, -0.974025, -0.0512138, -0.220575, -170.098, 22.717, 76.0212 )

[node name="outlet_box" parent="." index="77" instance=ExtResource( 27 )]
transform = Transform( 0.963939, 0, -0.266122, 0, 1, 0, 0.266122, 0, 0.963939, -176.649, 21.1024, 77.6831 )

[node name="phone" parent="outlet_box" index="1" instance=ExtResource( 37 )]
transform = Transform( -0.142268, 0, -0.989828, 0, 1, 0, 0.989828, 0, -0.142268, 0.490479, -0.0329533, 0.302551 )

[node name="phone2" parent="outlet_box" index="2" instance=ExtResource( 37 )]
transform = Transform( 0.590805, 0, -0.806815, 0, 1, 0, 0.806815, 0, 0.590805, 0.796127, -0.0329533, 0.147301 )
on = true

[node name="charger" parent="outlet_box" index="3" instance=ExtResource( 39 )]
transform = Transform( 1, 0, 0, 0, 1, 0, 0, 0, 1, 0.0953217, 0.053381, 0.0711136 )

[node name="charger2" parent="outlet_box" index="4" instance=ExtResource( 39 )]
transform = Transform( 1, 0, 0, 0, 1, 0, 0, 0, 1, 0.0995026, 0.212641, 0.0812683 )

[node name="drink_fridge" parent="outlet_box" index="5" instance=ExtResource( 38 )]
transform = Transform( 0.75882, 0, -0.651301, 0, 1, 0, 0.651301, 0, 0.75882, 0.394272, -0.0326328, -0.756157 )

[node name="sitting_pillow3" parent="." index="78" instance=ExtResource( 24 )]
transform = Transform( 0.0696142, 0, 0.997574, 0, 1, 0, -0.997574, 0, 0.0696142, -174.541, 21.0668, 78.0017 )

[node name="sitting_pillow4" parent="." index="79" instance=ExtResource( 24 )]
transform = Transform( -0.558394, 0, -0.829576, 0, 1, 0, 0.829576, 0, -0.558394, -173.094, 21.0269, 79.0508 )

[node name="npc_guard" parent="." index="80" instance=ExtResource( 22 )]
transform = Transform( 0.997225, 0, -0.0744473, 0, 1, 0, 0.0744473, 0, 0.997225, -174.58, 21.2243, 78.0437 )
visual_name = "Guard"
sitting = true

[node name="npc_guard2" parent="." index="81" instance=ExtResource( 22 )]
transform = Transform( 0.855578, 0, -0.517675, 0, 1, 0, 0.517675, 0, 0.855578, -173.122, 21.1469, 79.1153 )
visual_name = "Guard"
sitting = true

[node name="wind_generator5" parent="." index="82" instance=ExtResource( 12 )]
transform = Transform( 0.483436, 0, -0.87538, 0, 1, 0, 0.87538, 0, 0.483436, -180.026, 29.7909, 52.3002 )

[node name="mine_shack_small" parent="." index="83" instance=ExtResource( 40 )]
transform = Transform( 1, 0, 0, 0, 1, 0, 0, 0, 1, -144.174, 25.8557, 49.5564 )

[node name="sitting_pillow5" parent="." index="84" instance=ExtResource( 24 )]
transform = Transform( 0.628105, 0, -0.778128, 0, 1, 0, 0.778128, 0, 0.628105, -145.768, 25.873, 47.3153 )

[node name="sitting_pillow6" parent="." index="85" instance=ExtResource( 24 )]
transform = Transform( -0.996316, 0, -0.0857626, 0, 1, 0, 0.0857626, 0, -0.996316, -143.722, 25.873, 48.0445 )

[node name="bed_native3" parent="." index="86" instance=ExtResource( 17 )]
transform = Transform( 0.946302, 0, 0.323285, 0, 1, 0, -0.323285, 0, 0.946302, -145.118, 25.8724, 51.1848 )

[node name="pail" parent="." index="87" instance=ExtResource( 41 )]
transform = Transform( 1, 0, 0, 0, 1, 0, 0, 0, 1, -91.4, 11.977, -0.859938 )

[node name="pail2" parent="." index="88" instance=ExtResource( 41 )]
transform = Transform( -0.607001, 0, -0.794701, 0, 1, 0, 0.794701, 0, -0.607001, -92.0728, 11.977, -0.457317 )

[node name="drink_fridge" parent="." index="89" instance=ExtResource( 38 )]
transform = Transform( 0.759168, 0, 0.650895, 0, 1, 0, -0.650895, 0, 0.759168, -98.2311, 11.977, -0.925808 )

[node name="outlet_box2" parent="." index="90" instance=ExtResource( 27 )]
transform = Transform( 0.0371892, 0, 0.999308, 0, 1, 0, -0.999308, 0, 0.0371892, -99.1588, 12.7531, -1.3122 )

[node name="c_table" parent="." index="91" instance=ExtResource( 42 )]
transform = Transform( 1, 0, 0, 0, 1, 0, 0, 0, 1, -99.1646, 11.977, -1.55913 )

[node name="phone" parent="." index="92" instance=ExtResource( 37 )]
transform = Transform( 1, 0, 0, 0, 1, 0, 0, 0, 1, -98.92, 12.7336, -1.69398 )

[node name="phone3" parent="." index="93" instance=ExtResource( 37 )]
transform = Transform( 0.551526, 0, 0.834158, 0, 1, 0, -0.834158, 0, 0.551526, -99.4088, 12.737, -1.67152 )

[node name="phone2" parent="." index="94" instance=ExtResource( 37 )]
transform = Transform( 0.754415, 0, 0.656398, 0, 1, 0, -0.656398, 0, 0.754415, -99.1822, 12.7334, -1.70379 )

[node name="table2" parent="." index="95" instance=ExtResource( 43 )]
transform = Transform( -0.981396, 0, 0.191994, 0, 1, 0, -0.191994, 0, -0.981396, -89, 12, -3 )

[node name="table3" parent="." index="96" instance=ExtResource( 43 )]
transform = Transform( 0.630356, 0, 0.776306, 0, 1, 0, -0.776306, 0, 0.630356, -93.8779, 12, -2.4886 )

[node name="table4" parent="." index="97" instance=ExtResource( 43 )]
transform = Transform( 0.249457, 0, -0.968386, 0, 1, 0, 0.968386, 0, 0.249457, -92.6599, 12, -7.27668 )

[node name="wind_generator6" parent="." index="98" instance=ExtResource( 12 )]
transform = Transform( 0.323925, 0, 0.946083, 0, 1, 0, -0.946083, 0, 0.323925, -86.3712, 12.849, -1.88198 )
active = false
move_scale = 0.0

[node name="wind_generator7" parent="." index="99" instance=ExtResource( 12 )]
transform = Transform( -0.649403, 0, 0.760444, 0, 1, 0, -0.760444, 0, -0.649403, -76.4677, 10.0185, -17.1894 )
move_scale = 0.2

[node name="wind_generator8" parent="." index="100" instance=ExtResource( 12 )]
transform = Transform( -0.612954, 0, 0.790118, 0, 1, 0, -0.790118, 0, -0.612954, -78.0974, 8.76075, -23.7184 )
move_scale = 0.2

[node name="table5" parent="." index="101" instance=ExtResource( 43 )]
transform = Transform( 0.969046, 0, -0.246879, 0, 1, 0, 0.246879, 0, 0.969046, -97.9529, 12, -5.67986 )

[node name="npc10" parent="." index="102" instance=ExtResource( 22 )]
transform = Transform( 0.920239, 0, -0.391357, 0, 1, 0, 0.391357, 0, 0.920239, -93.1895, 11.977, -3.33818 )
visual_name = "Worker"

[node name="npc11" parent="." index="103" instance=ExtResource( 22 )]
transform = Transform( 0.116307, 0, 0.993213, 0, 1, 0, -0.993213, 0, 0.116307, -90.279, 11.977, -3.11661 )
visual_name = "Worker"

[node name="npc12" parent="." index="104" instance=ExtResource( 22 )]
transform = Transform( 0.116307, 0, 0.993213, 0, 1, 0, -0.993213, 0, 0.116307, -90.6944, 11.977, -3.90507 )
visual_name = "Worker"

[node name="npc13" parent="." index="105" instance=ExtResource( 22 )]
transform = Transform( -0.999795, 0, -0.0202574, 0, 1, 0, 0.0202574, 0, -0.999795, -93.0397, 11.977, -5.80694 )
visual_name = "Worker"

[node name="npc14" parent="." index="106" instance=ExtResource( 22 )]
transform = Transform( -0.898199, 0, -0.439588, 0, 1, 0, 0.439588, 0, -0.898199, -91.5609, 11.977, -6.34945 )
visual_name = "Worker"

[node name="npc15" parent="." index="107" instance=ExtResource( 22 )]
transform = Transform( -0.343012, 0, -0.939331, 0, 1, 0, 0.939331, 0, -0.343012, -96.7841, 11.977, -5.19935 )
visual_name = "Worker"

[node name="npc16" parent="." index="108" instance=ExtResource( 22 )]
transform = Transform( -0.980465, 0, 0.196693, 0, 1, 0, -0.196693, 0, -0.980465, -96.2337, 11.977, -1.4021 )
visual_name = "Supervisor"

[node name="crate1" parent="." index="109" instance=ExtResource( 44 )]
transform = Transform( 0.252115, 0, -0.967697, 0, 1, 0, 0.967697, 0, 0.252115, -92.7198, 12.0177, -8.72254 )

[node name="bug_pickup" parent="." index="110" instance=ExtResource( 45 )]
transform = Transform( -0.94362, 0, 0.331032, 0, 1, 0, -0.331032, 0, -0.94362, -92.2149, 11.8173, -8.85888 )

[node name="gen_part_pvc" parent="." index="111" instance=ExtResource( 46 )]
transform = Transform( -0.210467, 0.91716, 0.338409, -0.855112, -0.00494405, -0.51842, -0.473801, -0.398487, 0.785315, -92.3668, 12.6113, -7.17317 )

[node name="gen_part_pvc2" parent="." index="112" instance=ExtResource( 46 )]
transform = Transform( 0.399837, 0.915257, 0.0493342, -0.11915, -0.00146645, 0.992875, 0.908809, -0.402867, 0.108466, -92.3394, 12.6243, -7.4952 )
