[gd_scene load_steps=16 format=2]

[ext_resource path="res://areas/chunk_content.gd" type="Script" id=1]
[ext_resource path="res://entities/death_plane.tscn" type="PackedScene" id=2]
[ext_resource path="res://material/death_plane.shader" type="Shader" id=3]
[ext_resource path="res://entities/env/dynamic/drill.tscn" type="PackedScene" id=4]
[ext_resource path="res://entities/env/copper/scrap2.tscn" type="PackedScene" id=5]
[ext_resource path="res://entities/env/copper/scrap_pile1.tscn" type="PackedScene" id=6]
[ext_resource path="res://entities/env/copper/rail_cart.tscn" type="PackedScene" id=7]
[ext_resource path="res://entities/env/stone/rock1.tscn" type="PackedScene" id=8]
[ext_resource path="res://entities/env/copper/scrap3.tscn" type="PackedScene" id=9]
[ext_resource path="res://entities/env/copper/scrap1.tscn" type="PackedScene" id=10]
[ext_resource path="res://entities/env/stone/rock2.tscn" type="PackedScene" id=11]
[ext_resource path="res://entities/env/stone/fountain.tscn" type="PackedScene" id=12]
[ext_resource path="res://entities/env/stone/pillar.tscn" type="PackedScene" id=13]
[ext_resource path="res://entities/env/stone/rock3.tscn" type="PackedScene" id=14]

[sub_resource type="ShaderMaterial" id=1]
resource_local_to_scene = true
shader = ExtResource( 3 )
shader_param/max_depth = 20.0
shader_param/depth_color = null

[node name="chunk097" type="Spatial"]
script = ExtResource( 1 )

[node name="death_plane" parent="." instance=ExtResource( 2 )]
transform = Transform( 45.424, 0, 0, 0, -2.18207e-06, -28.39, 0, 49.92, -1.24097e-06, -37, 323, -43 )
material/0 = SubResource( 1 )

[node name="drill" parent="." instance=ExtResource( 4 )]
transform = Transform( 1, 0, 0, 0, 0.258819, -0.965926, 0, 0.965926, 0.258819, -61, 368.546, -116.834 )

[node name="scrap2" parent="." instance=ExtResource( 5 )]
transform = Transform( -4.37114e-08, 0, 1, 0, 1, 0, -1, 0, -4.37114e-08, -39.9913, 456, 9 )

[node name="scrap5" parent="." instance=ExtResource( 5 )]
transform = Transform( 1.19237e-08, 0.999987, -0.00513273, -4.48717e-10, -0.00513273, -0.999987, -1, 1.19259e-08, 3.8751e-10, -45.7982, 456, 9.72272 )

[node name="scrap3" parent="." instance=ExtResource( 5 )]
transform = Transform( -0.597149, 0, 0.80213, 0.242596, 0.953168, 0.180602, -0.764565, 0.30244, -0.569184, -41.6012, 453.921, -32.1379 )

[node name="scrap9" parent="." instance=ExtResource( 5 )]
transform = Transform( -0.58636, 0.802048, 0.113582, 0.0375536, 0.16698, -0.985245, -0.80918, -0.573443, -0.12803, -41.0865, 453.921, -32.9213 )

[node name="scrap4" parent="." instance=ExtResource( 5 )]
transform = Transform( -0.597149, 0.799515, -0.0647193, 0.242596, 0.103107, -0.964633, -0.764565, -0.59173, -0.25553, -39.8836, 456.383, -37.1233 )

[node name="scrap8" parent="." instance=ExtResource( 5 )]
transform = Transform( -0.950836, 0.222577, -0.215336, 0.307986, 0.60668, -0.732861, -0.0324776, -0.763151, -0.645404, -34.0554, 450.199, -47.1687 )

[node name="scrap6" parent="." instance=ExtResource( 5 )]
transform = Transform( 0.762725, 0.646724, 1.13655e-08, -0.62419, 0.736149, 0.261673, 0.16923, -0.199584, 0.965157, -76.853, 368.407, -25.0195 )

[node name="rail_cart" parent="." instance=ExtResource( 7 )]
transform = Transform( 0.187235, 0.982315, -3.65941e-09, -0.333339, 0.0635363, 0.940664, 0.924028, -0.176125, 0.33934, -75.0985, 365.283, -9.29654 )

[node name="scrap_pile1" parent="." instance=ExtResource( 6 )]
transform = Transform( 0.361154, -0.613743, 0.70206, 0, 0.752874, 0.658165, -0.932506, -0.237699, 0.271903, -36.5778, 402.061, -10.9801 )

[node name="rock1" parent="." instance=ExtResource( 8 )]
transform = Transform( 0.749636, 0, 0.661851, 0, 1, 0, -0.661851, 0, 0.749636, -83.3571, 426.611, 8.45469 )

[node name="scrap7" parent="." instance=ExtResource( 9 )]
transform = Transform( 0.974682, 0, 0.223594, 0, 1, 0, -0.223594, 0, 0.974682, -71.3395, 455.791, 18.5968 )

[node name="scrap1" parent="." instance=ExtResource( 10 )]
transform = Transform( 1, 0, 0, 0, 1, 0, 0, 0, 1, -68.6174, 435.66, 9.32211 )

[node name="rock2" parent="." instance=ExtResource( 11 )]
transform = Transform( 1, 0, 0, 0, 0.911802, 0.41063, 0, -0.41063, 0.911802, -14.6191, 478.885, -70.571 )

[node name="scrap10" parent="." instance=ExtResource( 10 )]
transform = Transform( -0.999967, -0.00817639, 0, 0.00817639, -0.999967, 0, 0, 0, 1, -15.5383, 488.967, -18.8536 )

[node name="scrap11" parent="." instance=ExtResource( 5 )]
transform = Transform( 1, 0, 0, 0, 1, 0, 0, 0, 1, -4.90801, 469.679, -49.0457 )

[node name="fountain" parent="." instance=ExtResource( 12 )]
transform = Transform( 1, 0, 0, 0, 1, 0, 0, 0, 1, -8.53827, 486.111, -76.3358 )

[node name="pillar" parent="." instance=ExtResource( 13 )]
transform = Transform( 1, 0, 0, 0, 1, 0, 0, 0, 1, -7.51733, 467.422, -75.8119 )

[node name="rock3" parent="." instance=ExtResource( 14 )]
transform = Transform( 0.94402, 1.19209e-07, -0.329889, 0.268072, 0.582804, 0.767122, 0.192261, -0.812613, 0.550179, -27.282, 499.957, -14.8024 )
