[gd_scene load_steps=62 format=2]

[ext_resource path="res://outfits/fullbody/mum.glb" type="PackedScene" id=1]
[ext_resource path="res://material/hologram.shader" type="Shader" id=2]
[ext_resource path="res://material/env/medium/hologram_grid.png" type="Texture" id=3]
[ext_resource path="res://_glb/characters/mum/anim/Sit.anim" type="Animation" id=4]
[ext_resource path="res://entities/visual/mum.gd" type="Script" id=5]
[ext_resource path="res://material/main_spatial.shader" type="Shader" id=6]
[ext_resource path="res://_glb/characters/mum/anim/Walk-loop.anim" type="Animation" id=7]
[ext_resource path="res://material/mum/discard.shader" type="Shader" id=8]
[ext_resource path="res://entities/visual/dynamic_character.gd" type="Script" id=9]
[ext_resource path="res://_glb/characters/mum/anim/WalkLookLeft-loop.anim" type="Animation" id=10]
[ext_resource path="res://outfits/eyes/neutral_set.tres" type="Resource" id=11]
[ext_resource path="res://material/characters/eye.shader" type="Shader" id=12]
[ext_resource path="res://outfits/eyes/shadowed_set.tres" type="Resource" id=13]
[ext_resource path="res://outfits/eyes/eye1.png" type="Texture" id=14]
[ext_resource path="res://outfits/eyes/iris_black.png" type="Texture" id=15]
[ext_resource path="res://outfits/mouth/mouth1_pursed.png" type="Texture" id=16]
[ext_resource path="res://tools/scripts/autoload_animations.gd" type="Script" id=17]
[ext_resource path="res://_glb/characters/mum/anim/ScaleChange.anim" type="Animation" id=18]
[ext_resource path="res://_glb/characters/mum/anim/WalkLookRight-loop.anim" type="Animation" id=19]
[ext_resource path="res://_glb/characters/mum/anim/00_RESET.anim" type="Animation" id=20]
[ext_resource path="res://outfits/hair/primordial.tscn" type="PackedScene" id=21]
[ext_resource path="res://outfits/head/primordial_head.mesh" type="ArrayMesh" id=23]
[ext_resource path="res://outfits/skin/skin_clear.png" type="Texture" id=24]
[ext_resource path="res://outfits/head/face_sun_damaged.png" type="Texture" id=25]
[ext_resource path="res://outfits/fullbody/mum_fullbody.mesh" type="ArrayMesh" id=26]
[ext_resource path="res://outfits/fullbody/skin_scars_small.png" type="Texture" id=27]

[sub_resource type="ShaderMaterial" id=2]
shader = ExtResource( 2 )
shader_param/realness = 0.0
shader_param/hologram_uv_scale = 25.0
shader_param/hologram_emission = Color( 1, 1.36471, 1.45882, 1 )
shader_param/hologram = ExtResource( 3 )

[sub_resource type="ShaderMaterial" id=8]
shader = ExtResource( 8 )

[sub_resource type="ShaderMaterial" id=49]
shader = ExtResource( 6 )
shader_param/subsurface_scattering = null
shader_param/softness = 1.0
shader_param/specularity = 1.0
shader_param/uv_scale = Vector2( 1, 1 )
shader_param/albedo = Color( 0.862745, 0.67451, 0.682353, 1 )
shader_param/main_texture = ExtResource( 27 )

[sub_resource type="ShaderMaterial" id=39]
shader = ExtResource( 12 )
shader_param/iris_scale = 0.572
shader_param/iris_offset = Vector2( 0.358427, -0.288706 )
shader_param/look_distance = 0.0
shader_param/subsurface_scattering = 0.434
shader_param/softness = 1.0
shader_param/specularity = 1.0
shader_param/alpha_clip = 0.75
shader_param/main_texture = ExtResource( 14 )
shader_param/iris_texture = ExtResource( 15 )

[sub_resource type="Shader" id=15]
code = "shader_type spatial;

uniform sampler2D palette: hint_albedo;
uniform sampler2D gradient;
uniform sampler2D detail;
uniform float light_bias: hint_range(-1, 1);
uniform float softness: hint_range(0, 1) = 1.0;
uniform float specularity: hint_range(1, 16) = 1.0;
uniform float detail_scale: hint_range(0.1, 512.0) = 256.0;

void fragment()
{
	float t = texture(palette, UV).r;
	float d = mix(1.0, texture(detail, UV*detail_scale).r, COLOR.b);
	ALBEDO = d*texture(gradient, vec2(t, 0)).rgb;
	ROUGHNESS = clamp(2.0/specularity, 0, 1);
}

void light()
{
	// negative. Use as ambient shadow
	if(LIGHT_COLOR.r < 0.0 || LIGHT_COLOR.g < 0.0 || LIGHT_COLOR.b < 0.0) {
		DIFFUSE_LIGHT += (DIFFUSE_LIGHT + AMBIENT_LIGHT*ALBEDO)*LIGHT_COLOR*ATTENUATION;
	}
	else {
		float spec = specularity/32.0;
		float light = smoothstep(0, softness, dot(NORMAL, LIGHT) + light_bias);
		DIFFUSE_LIGHT += 0.4*(1.0-spec) * light * LIGHT_COLOR * ATTENUATION * ALBEDO;
		
		// Specular
		vec3 h = normalize(VIEW + LIGHT);
		float cNdotH = max(0.0, dot(NORMAL, h));
		float blinn = pow(cNdotH, specularity);
		blinn *= spec;
		float intensity = blinn; 
		DIFFUSE_LIGHT += LIGHT_COLOR * intensity * ATTENUATION * ALBEDO;
	}
}
"

[sub_resource type="StreamTexture" id=17]
flags = 7
load_path = "res://.import/hair_detail_1.png-476452f427653cd09f677c09c35b5fc6.s3tc.stex"

[sub_resource type="Gradient" id=10]
offsets = PoolRealArray( 0, 0.809249 )
colors = PoolColorArray( 0, 0, 0, 1, 0.424316, 0.0928192, 0.0928192, 1 )

[sub_resource type="GradientTexture" id=11]
gradient = SubResource( 10 )
width = 32

[sub_resource type="StreamTexture" id=16]
flags = 23
load_path = "res://.import/hair_pallette_1.png-86b79361f413e64ce1c5e61dc031cd90.s3tc.stex"

[sub_resource type="ShaderMaterial" id=18]
shader = SubResource( 15 )
shader_param/light_bias = null
shader_param/softness = 1.0
shader_param/specularity = 1.0
shader_param/detail_scale = 256.0
shader_param/palette = SubResource( 16 )
shader_param/gradient = SubResource( 11 )
shader_param/detail = SubResource( 17 )

[sub_resource type="ShaderMaterial" id=57]
shader = ExtResource( 12 )
shader_param/iris_scale = 0.5
shader_param/iris_offset = Vector2( 0.5, 0.5 )
shader_param/look_distance = 0.0
shader_param/subsurface_scattering = null
shader_param/softness = 1.0
shader_param/specularity = 1.0
shader_param/alpha_clip = 0.75
shader_param/main_texture = ExtResource( 16 )

[sub_resource type="ShaderMaterial" id=58]
shader = ExtResource( 6 )
shader_param/subsurface_scattering = null
shader_param/softness = 1.0
shader_param/specularity = 1.0
shader_param/uv_scale = Vector2( 1, 1 )
shader_param/albedo = Color( 0.819608, 0.678431, 0.619608, 1 )
shader_param/main_texture = ExtResource( 25 )

[sub_resource type="Skin" id=54]
bind_count = 81
bind/0/name = "Root"
bind/0/bone = -1
bind/0/pose = Transform( 1, 0, 0, 0, 1, 0, 0, 0, 1, 0, 0, 0 )
bind/1/name = "Body"
bind/1/bone = -1
bind/1/pose = Transform( 1, 0, 0, 0, 1, 0, 0, 0, 1, 0, -0.842756, -0.0211583 )
bind/2/name = "Lumbar"
bind/2/bone = -1
bind/2/pose = Transform( 1, 7.88893e-08, -2.24989e-07, 0, 0.943671, 0.330886, 2.38418e-07, -0.330886, 0.943671, -6.685e-08, -0.719135, 0.28039 )
bind/3/name = "BackLower"
bind/3/bone = -1
bind/3/pose = Transform( 1, -2.30754e-08, -2.37299e-07, -1.95399e-14, 0.995305, -0.0967854, 2.38419e-07, 0.0967854, 0.995305, 2.06624e-08, -0.853439, -0.0866643 )
bind/4/name = "BackUpper"
bind/4/bone = -1
bind/4/pose = Transform( 1, -3.19405e-08, -2.36269e-07, -1.42109e-14, 0.990986, -0.133968, 2.38419e-07, 0.133968, 0.990986, 2.91302e-08, -0.946689, -0.122181 )
bind/5/name = "Neck"
bind/5/bone = -1
bind/5/pose = Transform( 1, 3.62533e-08, -2.35646e-07, -1.42109e-14, 0.988372, 0.152057, 2.38419e-07, -0.152057, 0.988372, -4.30654e-08, -1.04353, 0.180629 )
bind/6/name = "Head"
bind/6/bone = -1
bind/6/pose = Transform( 1, 7.00223e-07, -1.4588e-07, -5.68434e-14, 0.203954, 0.97898, 7.15258e-07, -0.97898, 0.203954, -8.06481e-07, -0.229034, 1.12754 )
bind/7/name = "Brow.L"
bind/7/bone = -1
bind/7/pose = Transform( 0.196049, -0.950502, -0.241062, 0.924598, 0.261065, -0.277423, 0.326624, -0.168496, 0.930014, 1.22237, -0.308764, 0.076159 )
bind/8/name = "BrowOuter.L"
bind/8/bone = -1
bind/8/pose = Transform( 0.168747, -0.955428, -0.242245, 0.867073, 0.260768, -0.424481, 0.46873, -0.138414, 0.87243, 1.22999, -0.313228, 0.0392303 )
bind/9/name = "Brow.R"
bind/9/bone = -1
bind/9/pose = Transform( 0.19605, 0.950502, 0.241062, -0.924598, 0.261065, -0.277423, -0.326624, -0.168496, 0.930014, -1.22237, -0.308764, 0.0761591 )
bind/10/name = "BrowOuter.R"
bind/10/bone = -1
bind/10/pose = Transform( 0.168747, 0.955428, 0.242245, -0.867073, 0.260768, -0.424481, -0.46873, -0.138414, 0.872429, -1.22999, -0.313228, 0.0392304 )
bind/11/name = "Collar.L"
bind/11/bone = -1
bind/11/pose = Transform( 0.440967, 0.487647, 0.753491, 0.764425, 0.235868, -0.600017, -0.470321, 0.840575, -0.268759, -0.558383, -0.219892, -0.84784 )
bind/12/name = "Bicep.L"
bind/12/bone = -1
bind/12/pose = Transform( 0.693453, 0.286773, 0.660972, 0.455749, -0.885118, -0.0941224, 0.558047, 0.366507, -0.744484, -0.36475, 0.900424, -0.42133 )
bind/13/name = "Forearm.L"
bind/13/bone = -1
bind/13/pose = Transform( 0.643856, 0.373716, 0.667671, 0.493909, -0.869452, 0.0103669, 0.584382, 0.323094, -0.744384, -0.435199, 0.705167, -0.386386 )
bind/14/name = "Hand.L"
bind/14/bone = -1
bind/14/pose = Transform( 0.681719, 0.254802, 0.68581, 0.333644, -0.942517, 0.0185229, 0.651107, 0.216189, -0.727545, -0.355119, 0.62624, -0.322336 )
bind/15/name = "Thumb1.L"
bind/15/bone = -1
bind/15/pose = Transform( 0.0158047, 0.445998, 0.894894, -0.655774, -0.671004, 0.345997, 0.754792, -0.592317, 0.281869, -0.349399, 0.643378, 0.243977 )
bind/16/name = "Thumb2.L"
bind/16/bone = -1
bind/16/pose = Transform( -0.0567217, 0.34433, 0.937134, -0.515082, -0.814174, 0.267975, 0.855262, -0.467501, 0.22354, -0.264289, 0.670216, 0.137298 )
bind/17/name = "Thumb3.L"
bind/17/bone = -1
bind/17/pose = Transform( -0.0611069, 0.311088, 0.948414, -0.458246, -0.852876, 0.250226, 0.886722, -0.419317, 0.194672, -0.241184, 0.664186, 0.0992879 )
bind/18/name = "Index1.L"
bind/18/bone = -1
bind/18/pose = Transform( -0.991609, -0.0527931, -0.117998, 0.058842, -0.997095, -0.0483772, -0.115101, -0.0549146, 0.991835, 0.322893, 0.65837, 0.0222413 )
bind/19/name = "Index2.L"
bind/19/bone = -1
bind/19/pose = Transform( -0.992992, 0.0245917, -0.115593, -0.0231649, -0.999639, -0.0136684, -0.115888, -0.0108949, 0.993203, 0.273781, 0.645358, -0.00569574 )
bind/20/name = "Index3.L"
bind/20/bone = -1
bind/20/pose = Transform( -0.993015, 0.0235832, -0.115606, -0.0224691, -0.999688, -0.0109281, -0.115827, -0.00825425, 0.993235, 0.274404, 0.617958, -0.00732855 )
bind/21/name = "Fingers1.L"
bind/21/bone = -1
bind/21/pose = Transform( -0.979802, -0.165599, -0.112095, 0.150342, -0.979632, 0.133108, -0.131855, 0.113567, 0.984742, 0.390407, 0.6198, -0.0447211 )
bind/22/name = "Fingers2.L"
bind/22/bone = -1
bind/22/pose = Transform( -0.992992, 0.0245917, -0.115593, -0.0231651, -0.999638, -0.0136685, -0.115888, -0.0108949, 0.993203, 0.271123, 0.653891, 0.0311696 )
bind/23/name = "Fingers3.L"
bind/23/bone = -1
bind/23/pose = Transform( -0.993015, 0.0235832, -0.115606, -0.0224693, -0.999688, -0.0109283, -0.115827, -0.00825425, 0.993235, 0.271755, 0.626592, 0.0295141 )
bind/24/name = "C_Thumb.L"
bind/24/bone = -1
bind/24/pose = Transform( -0.117898, 0.412863, 0.903131, -0.6803, 0.628944, -0.376327, -0.72339, -0.658767, 0.206719, -0.295783, -0.269525, 0.566975 )
bind/25/name = "C_Fingers.L"
bind/25/bone = -1
bind/25/pose = Transform( -0.138911, -0.97909, -0.148618, 0.990288, -0.136481, -0.0264782, 0.00564105, -0.150853, 0.98854, 0.625009, -0.202413, 0.0797535 )
bind/26/name = "C_Index.L"
bind/26/bone = -1
bind/26/pose = Transform( -0.194548, -0.973055, -0.123756, 0.980564, -0.196195, 0.00114938, -0.0253988, -0.121127, 0.992312, 0.632595, -0.164265, 0.033238 )
bind/27/name = "Sleeve1.L"
bind/27/bone = -1
bind/27/pose = Transform( 0.634931, 0.39229, 0.665561, 0.536878, -0.843526, -0.0149856, 0.555539, 0.36684, -0.746193, -0.453032, 0.66961, -0.424323 )
bind/28/name = "Sleeve2.L"
bind/28/bone = -1
bind/28/pose = Transform( 0.630251, 0.398292, 0.666443, 0.528679, -0.84879, 0.00730052, 0.568578, 0.347734, -0.74552, -0.457187, 0.614479, -0.410711 )
bind/29/name = "Collar.R"
bind/29/bone = -1
bind/29/pose = Transform( 0.440967, -0.487647, -0.753491, -0.764425, 0.235868, -0.600017, 0.470321, 0.840575, -0.268759, 0.558383, -0.219892, -0.84784 )
bind/30/name = "Bicep.R"
bind/30/bone = -1
bind/30/pose = Transform( 0.693453, -0.286773, -0.660972, -0.455749, -0.885118, -0.0941224, -0.558047, 0.366507, -0.744484, 0.36475, 0.900424, -0.42133 )
bind/31/name = "Forearm.R"
bind/31/bone = -1
bind/31/pose = Transform( 0.643856, -0.373716, -0.667671, -0.493909, -0.869452, 0.0103669, -0.584382, 0.323094, -0.744384, 0.435199, 0.705167, -0.386386 )
bind/32/name = "Hand.R"
bind/32/bone = -1
bind/32/pose = Transform( 0.681719, -0.254802, -0.68581, -0.333644, -0.942517, 0.0185229, -0.651107, 0.216189, -0.727545, 0.355119, 0.62624, -0.322336 )
bind/33/name = "Thumb1.R"
bind/33/bone = -1
bind/33/pose = Transform( 0.0158051, -0.445998, -0.894894, 0.655774, -0.671004, 0.345997, -0.754792, -0.592317, 0.281868, 0.349398, 0.643378, 0.243977 )
bind/34/name = "Thumb2.R"
bind/34/bone = -1
bind/34/pose = Transform( -0.0567215, -0.34433, -0.937134, 0.515082, -0.814174, 0.267975, -0.855262, -0.467501, 0.223539, 0.264289, 0.670216, 0.137298 )
bind/35/name = "Thumb3.R"
bind/35/bone = -1
bind/35/pose = Transform( -0.0611066, -0.311088, -0.948414, 0.458246, -0.852876, 0.250226, -0.886722, -0.419317, 0.194671, 0.241184, 0.664186, 0.0992879 )
bind/36/name = "Index1.R"
bind/36/bone = -1
bind/36/pose = Transform( -0.991609, 0.0527932, 0.117998, -0.0588418, -0.997094, -0.0483772, 0.115101, -0.0549146, 0.991835, -0.322893, 0.658369, 0.0222414 )
bind/37/name = "Index2.R"
bind/37/bone = -1
bind/37/pose = Transform( -0.992992, -0.0245917, 0.115593, 0.0231653, -0.999638, -0.0136683, 0.115888, -0.0108949, 0.993202, -0.273781, 0.645357, -0.00569572 )
bind/38/name = "Index3.R"
bind/38/bone = -1
bind/38/pose = Transform( -0.993015, -0.0235832, 0.115606, 0.0224695, -0.999687, -0.0109281, 0.115827, -0.00825425, 0.993235, -0.274404, 0.617958, -0.00732852 )
bind/39/name = "C_Thumb.R"
bind/39/bone = -1
bind/39/pose = Transform( -0.117897, -0.412863, -0.90313, 0.6803, 0.628944, -0.376328, 0.72339, -0.658767, 0.20672, 0.295783, -0.269524, 0.566975 )
bind/40/name = "C_Index.R"
bind/40/bone = -1
bind/40/pose = Transform( -0.194548, 0.973055, 0.123755, -0.980564, -0.196195, 0.00114936, 0.0253987, -0.121127, 0.992312, -0.632595, -0.164265, 0.0332379 )
bind/41/name = "Fingers1.R"
bind/41/bone = -1
bind/41/pose = Transform( -0.979802, 0.165598, 0.112095, -0.150341, -0.979633, 0.133108, 0.131855, 0.113567, 0.984742, -0.390407, 0.6198, -0.044721 )
bind/42/name = "Fingers2.R"
bind/42/bone = -1
bind/42/pose = Transform( -0.992992, -0.0245917, 0.115593, 0.0231651, -0.999639, -0.0136683, 0.115888, -0.0108949, 0.993203, -0.271123, 0.653892, 0.0311696 )
bind/43/name = "Fingers3.R"
bind/43/bone = -1
bind/43/pose = Transform( -0.993015, -0.0235832, 0.115606, 0.0224694, -0.999688, -0.010928, 0.115827, -0.00825425, 0.993235, -0.271755, 0.626592, 0.0295141 )
bind/44/name = "C_Fingers.R"
bind/44/bone = -1
bind/44/pose = Transform( -0.138911, 0.97909, 0.148618, -0.990288, -0.136481, -0.0264783, -0.00564116, -0.150853, 0.98854, -0.625009, -0.202413, 0.0797535 )
bind/45/name = "Sleeve1.R"
bind/45/bone = -1
bind/45/pose = Transform( 0.634931, -0.39229, -0.665561, -0.536878, -0.843526, -0.0149856, -0.55554, 0.36684, -0.746193, 0.453032, 0.66961, -0.424323 )
bind/46/name = "Sleeve2.R"
bind/46/bone = -1
bind/46/pose = Transform( 0.630251, -0.398292, -0.666443, -0.52868, -0.84879, 0.00730051, -0.568578, 0.347734, -0.74552, 0.457187, 0.614479, -0.410712 )
bind/47/name = "ShawlFront.L"
bind/47/bone = -1
bind/47/pose = Transform( 1, -3.19405e-08, -1.3259e-14, 3.19405e-08, 1, -2.98023e-08, -1.18311e-14, 7.45058e-08, 1, -0.065326, -0.964877, -0.14245 )
bind/48/name = "ShawlBack.L"
bind/48/bone = -1
bind/48/pose = Transform( 1, -3.19405e-08, -1.56387e-14, 3.19405e-08, 1, 4.47035e-08, -1.42109e-14, 4.53902e-22, 1, -0.0754821, -0.970116, 0.0873523 )
bind/49/name = "ShawlFront.R"
bind/49/bone = -1
bind/49/pose = Transform( 1, -3.19405e-08, -1.3259e-14, 3.19405e-08, 1, -2.98023e-08, -1.18311e-14, 7.45058e-08, 1, 0.0653261, -0.964877, -0.14245 )
bind/50/name = "ShawlBack.R"
bind/50/bone = -1
bind/50/pose = Transform( 1, -3.19405e-08, -1.56387e-14, 3.19405e-08, 1, 4.47035e-08, -1.42109e-14, 4.53902e-22, 1, 0.0754822, -0.970116, 0.0873523 )
bind/51/name = "Hips"
bind/51/bone = -1
bind/51/pose = Transform( 1, -5.15779e-06, 3.29366e-16, -3.29366e-16, 0, 1, -5.15779e-06, -1, -1.6988e-21, 4.0563e-06, 0.0286549, 0.786441 )
bind/52/name = "Thign.L"
bind/52/bone = -1
bind/52/pose = Transform( 0.000488621, -0.0232105, -0.999731, 0.0431333, -0.9988, 0.0232099, -0.999069, -0.043133, 0.00051311, 0.0315523, 0.764, 0.115415 )
bind/53/name = "Calf.L"
bind/53/bone = -1
bind/53/pose = Transform( 0.998716, 0.0418957, 0.0284733, 0.0437654, -0.996686, -0.0685669, 0.0255063, 0.069725, -0.99724, -0.115502, 0.411524, -0.00957396 )
bind/54/name = "Ankle.L"
bind/54/bone = -1
bind/54/pose = Transform( 0.0208335, -0.861459, -0.507399, 0.0370382, -0.506496, 0.861446, -0.999097, -0.03674, 0.0213548, 0.0555779, 0.032122, 0.115289 )
bind/55/name = "Toe.L"
bind/55/bone = -1
bind/55/pose = Transform( 0.0273618, -0.999537, -0.0133148, 0.0732303, -0.0112798, 0.997251, -0.99694, -0.0282616, 0.0728878, 0.0223432, -0.0806174, 0.111089 )
bind/56/name = "Thign.R"
bind/56/bone = -1
bind/56/pose = Transform( 0.000488588, 0.0232105, 0.99973, -0.0431333, -0.9988, 0.02321, 0.999069, -0.0431329, 0.000513134, -0.0315523, 0.764, 0.115415 )
bind/57/name = "Calf.R"
bind/57/bone = -1
bind/57/pose = Transform( 0.998716, -0.0418957, -0.0284734, -0.0437655, -0.996686, -0.0685669, -0.0255063, 0.069725, -0.99724, 0.115502, 0.411524, -0.00957397 )
bind/58/name = "Ankle.R"
bind/58/bone = -1
bind/58/pose = Transform( 0.0208332, 0.861459, 0.5074, -0.0370382, -0.506497, 0.861446, 0.999097, -0.0367398, 0.021355, -0.055578, 0.0321221, 0.115289 )
bind/59/name = "Toe.R"
bind/59/bone = -1
bind/59/pose = Transform( 0.0273628, 0.999538, 0.0133149, -0.0732303, -0.0112798, 0.997252, 0.99694, -0.0282626, 0.0728878, -0.0223432, -0.0806174, 0.111089 )
bind/60/name = "Dress"
bind/60/bone = -1
bind/60/pose = Transform( 1, 0, 0, 0, 1, 0, 0, 0, 1, 0, -0.220399, 0.0206792 )
bind/61/name = "DressFront.L"
bind/61/bone = -1
bind/61/pose = Transform( 1, 0, -2.38419e-07, 0, 1, 0, 2.38419e-07, 0, 1, -0.103729, -0.149554, -0.165121 )
bind/62/name = "DressSide.L"
bind/62/bone = -1
bind/62/pose = Transform( 1, 0, -2.38419e-07, 0, 1, 0, 2.38419e-07, 0, 1, -0.240437, -0.168148, 0.0244089 )
bind/63/name = "DressBack.L"
bind/63/bone = -1
bind/63/pose = Transform( 1, 0, -2.38419e-07, 0, 1, 0, 2.38419e-07, 0, 1, -0.180691, -0.173598, 0.163269 )
bind/64/name = "DressFront.R"
bind/64/bone = -1
bind/64/pose = Transform( 1, 0, 2.38419e-07, 0, 1, 0, -2.38419e-07, 0, 1, 0.103729, -0.149554, -0.165121 )
bind/65/name = "DressSide.R"
bind/65/bone = -1
bind/65/pose = Transform( 1, 0, 2.38419e-07, 0, 1, 0, -2.38419e-07, 0, 1, 0.240437, -0.168148, 0.0244089 )
bind/66/name = "DressBack.R"
bind/66/bone = -1
bind/66/pose = Transform( 1, 0, 2.38419e-07, 0, 1, 0, -2.38419e-07, 0, 1, 0.180691, -0.173598, 0.163269 )
bind/67/name = "C_Foot.L"
bind/67/bone = -1
bind/67/pose = Transform( -1, 0, 0, 0, 0, 1, 0, 1, 0, 0.118006, 0.0413589, -0.00191915 )
bind/68/name = "C_FootTarget.L"
bind/68/bone = -1
bind/68/pose = Transform( -0.0256426, 0.999671, 0, 0, 0, -1, -0.999671, -0.0256426, 0, -0.0654675, -0.00193321, 0.114554 )
bind/69/name = "C_ToePole.L"
bind/69/bone = -1
bind/69/pose = Transform( 0.0854864, -3.18462e-10, 0.996339, 2.45771e-09, 1, -1.49331e-08, -0.996339, 3.71165e-09, 0.0854864, -0.0822505, -0.0831986, 0.109411 )
bind/70/name = "C_ToeTarget.L"
bind/70/bone = -1
bind/70/pose = Transform( 0.1014, 0, 0.994846, 0, 1, 0, -0.994846, 0, 0.1014, -0.177205, -0.0235112, 0.105446 )
bind/71/name = "C_KneePole.L"
bind/71/bone = -1
bind/71/pose = Transform( 0.0676166, -0.997711, 0, 0, 0, 1, -0.997711, -0.0676166, 0, 0.407772, -0.248776, 0.130552 )
bind/72/name = "C_HandTarget.L"
bind/72/bone = -1
bind/72/pose = Transform( 0.677693, 0.246822, 0.692684, 0.326829, -0.944932, 0.0169491, 0.658723, 0.214903, -0.721042, -0.348135, 0.629704, -0.323205 )
bind/73/name = "C_ElbowPole.L"
bind/73/bone = -1
bind/73/pose = Transform( 0.973675, -0.227941, 0, 0, 0, -1, 0.227941, 0.973675, 0, 0.0517184, -0.192924, -0.91283 )
bind/74/name = "C_Foot.R"
bind/74/bone = -1
bind/74/pose = Transform( -1, 0, 0, 0, 0, 1, 0, 1, 0, -0.118006, 0.0413589, -0.00191915 )
bind/75/name = "C_FootTarget.R"
bind/75/bone = -1
bind/75/pose = Transform( -0.0256426, -0.999671, 0, 0, 0, -1, 0.999671, -0.0256426, 0, 0.0654675, -0.00193321, 0.114554 )
bind/76/name = "C_ToePole.R"
bind/76/bone = -1
bind/76/pose = Transform( 0.0854864, 3.18462e-10, -0.996339, -2.45771e-09, 1, -1.49331e-08, 0.996339, 3.71165e-09, 0.0854864, 0.0822505, -0.0831986, 0.109411 )
bind/77/name = "C_ToeTarget.R"
bind/77/bone = -1
bind/77/pose = Transform( 0.1014, 0, -0.994846, 0, 1, 0, 0.994846, 0, 0.1014, 0.177205, -0.0235112, 0.105446 )
bind/78/name = "C_KneePole.R"
bind/78/bone = -1
bind/78/pose = Transform( 0.0676166, 0.997711, 0, 0, 0, 1, 0.997711, -0.0676166, 0, -0.407772, -0.248776, 0.130552 )
bind/79/name = "C_HandTarget.R"
bind/79/bone = -1
bind/79/pose = Transform( 0.902028, -0.323402, -0.28593, -0.332862, -0.942835, 0.0163103, -0.27486, 0.0804628, -0.958112, 0.461165, 0.626662, -0.12964 )
bind/80/name = "C_ElbowPole.R"
bind/80/bone = -1
bind/80/pose = Transform( 0.973675, 0.227941, 0, 0, 0, -1, -0.227941, 0.973675, 0, -0.0517184, -0.192924, -0.91283 )

[sub_resource type="Animation" id=47]
length = 0.001

[sub_resource type="Animation" id=52]
length = 4.0
tracks/0/type = "value"
tracks/0/path = NodePath(".:real_visible")
tracks/0/interp = 1
tracks/0/loop_wrap = true
tracks/0/imported = false
tracks/0/enabled = true
tracks/0/keys = {
"times": PoolRealArray( 0, 1.4 ),
"transitions": PoolRealArray( 1, 1 ),
"update": 1,
"values": [ true, false ]
}
tracks/1/type = "value"
tracks/1/path = NodePath(".:hologram_material:shader_param/realness")
tracks/1/interp = 1
tracks/1/loop_wrap = true
tracks/1/imported = false
tracks/1/enabled = true
tracks/1/keys = {
"times": PoolRealArray( 0, 1.4, 4 ),
"transitions": PoolRealArray( 0.435275, 1.62451, 1 ),
"update": 0,
"values": [ 0.0, 1.0, 0.0 ]
}
tracks/2/type = "value"
tracks/2/path = NodePath(".:visible")
tracks/2/interp = 1
tracks/2/loop_wrap = true
tracks/2/imported = false
tracks/2/enabled = true
tracks/2/keys = {
"times": PoolRealArray( 0, 4 ),
"transitions": PoolRealArray( 1, 1 ),
"update": 1,
"values": [ true, false ]
}

[sub_resource type="Animation" id=51]
length = 3.5
tracks/0/type = "value"
tracks/0/path = NodePath(".:real_visible")
tracks/0/interp = 1
tracks/0/loop_wrap = true
tracks/0/imported = false
tracks/0/enabled = true
tracks/0/keys = {
"times": PoolRealArray( 0 ),
"transitions": PoolRealArray( 1 ),
"update": 1,
"values": [ false ]
}
tracks/1/type = "value"
tracks/1/path = NodePath(".:visible")
tracks/1/interp = 1
tracks/1/loop_wrap = true
tracks/1/imported = false
tracks/1/enabled = true
tracks/1/keys = {
"times": PoolRealArray( 0, 3.5 ),
"transitions": PoolRealArray( 1, 1 ),
"update": 1,
"values": [ true, false ]
}
tracks/2/type = "value"
tracks/2/path = NodePath(".:hologram_material:shader_param/realness")
tracks/2/interp = 1
tracks/2/loop_wrap = true
tracks/2/imported = false
tracks/2/enabled = true
tracks/2/keys = {
"times": PoolRealArray( 0, 3.5 ),
"transitions": PoolRealArray( 1, 1 ),
"update": 0,
"values": [ 1.0, 0.0 ]
}

[sub_resource type="Animation" id=43]
length = 0.001
tracks/0/type = "value"
tracks/0/path = NodePath(".:hologram_material:shader_param/realness")
tracks/0/interp = 1
tracks/0/loop_wrap = true
tracks/0/imported = false
tracks/0/enabled = true
tracks/0/keys = {
"times": PoolRealArray( 0 ),
"transitions": PoolRealArray( 1 ),
"update": 0,
"values": [ 0.0 ]
}
tracks/1/type = "value"
tracks/1/path = NodePath(".:real_visible")
tracks/1/interp = 1
tracks/1/loop_wrap = true
tracks/1/imported = false
tracks/1/enabled = true
tracks/1/keys = {
"times": PoolRealArray( 0 ),
"transitions": PoolRealArray( 1 ),
"update": 0,
"values": [ false ]
}
tracks/2/type = "value"
tracks/2/path = NodePath(".:visible")
tracks/2/interp = 1
tracks/2/loop_wrap = true
tracks/2/imported = false
tracks/2/enabled = true
tracks/2/keys = {
"times": PoolRealArray( 0 ),
"transitions": PoolRealArray( 1 ),
"update": 0,
"values": [ false ]
}
tracks/3/type = "value"
tracks/3/path = NodePath(".:hologram_material")
tracks/3/interp = 1
tracks/3/loop_wrap = true
tracks/3/imported = false
tracks/3/enabled = true
tracks/3/keys = {
"times": PoolRealArray( 0 ),
"transitions": PoolRealArray( 1 ),
"update": 0,
"values": [ SubResource( 2 ) ]
}

[sub_resource type="Animation" id=44]
length = 1.6
tracks/0/type = "value"
tracks/0/path = NodePath(".:hologram_material:shader_param/realness")
tracks/0/interp = 1
tracks/0/loop_wrap = true
tracks/0/imported = false
tracks/0/enabled = true
tracks/0/keys = {
"times": PoolRealArray( 0, 0.8, 1.6 ),
"transitions": PoolRealArray( 1, 1, 1 ),
"update": 0,
"values": [ 0.0, 1.0, 0.0 ]
}
tracks/1/type = "value"
tracks/1/path = NodePath(".:real_visible")
tracks/1/interp = 1
tracks/1/loop_wrap = true
tracks/1/imported = false
tracks/1/enabled = true
tracks/1/keys = {
"times": PoolRealArray( 0, 0.8 ),
"transitions": PoolRealArray( 1, 1 ),
"update": 1,
"values": [ false, true ]
}
tracks/2/type = "value"
tracks/2/path = NodePath(".:visible")
tracks/2/interp = 1
tracks/2/loop_wrap = true
tracks/2/imported = false
tracks/2/enabled = true
tracks/2/keys = {
"times": PoolRealArray( 0 ),
"transitions": PoolRealArray( 1 ),
"update": 1,
"values": [ true ]
}

[sub_resource type="Animation" id=45]
tracks/0/type = "value"
tracks/0/path = NodePath(".:hologram_material:shader_param/realness")
tracks/0/interp = 1
tracks/0/loop_wrap = true
tracks/0/imported = false
tracks/0/enabled = true
tracks/0/keys = {
"times": PoolRealArray( 0, 1 ),
"transitions": PoolRealArray( 1, 1 ),
"update": 0,
"values": [ 0.0, 1.0 ]
}
tracks/1/type = "value"
tracks/1/path = NodePath(".:real_visible")
tracks/1/interp = 1
tracks/1/loop_wrap = true
tracks/1/imported = false
tracks/1/enabled = true
tracks/1/keys = {
"times": PoolRealArray( 0 ),
"transitions": PoolRealArray( 1 ),
"update": 1,
"values": [ false ]
}
tracks/2/type = "value"
tracks/2/path = NodePath(".:visible")
tracks/2/interp = 1
tracks/2/loop_wrap = true
tracks/2/imported = false
tracks/2/enabled = true
tracks/2/keys = {
"times": PoolRealArray( 0 ),
"transitions": PoolRealArray( 1 ),
"update": 1,
"values": [ true ]
}

[sub_resource type="Animation" id=29]
length = 0.001
tracks/0/type = "value"
tracks/0/path = NodePath("Armature/Skeleton:blink_frame")
tracks/0/interp = 1
tracks/0/loop_wrap = true
tracks/0/imported = false
tracks/0/enabled = true
tracks/0/keys = {
"times": PoolRealArray( 0 ),
"transitions": PoolRealArray( 1 ),
"update": 1,
"values": [ 0 ]
}

[sub_resource type="Animation" id=28]
resource_name = "blink"
length = 0.2
step = 0.02
tracks/0/type = "value"
tracks/0/path = NodePath("Armature/Skeleton:blink_frame")
tracks/0/interp = 1
tracks/0/loop_wrap = true
tracks/0/imported = false
tracks/0/enabled = true
tracks/0/keys = {
"times": PoolRealArray( 0, 0.04, 0.08, 0.14, 0.2 ),
"transitions": PoolRealArray( 1, 1, 1, 1, 1 ),
"update": 1,
"values": [ 0, 1, 2, 3, 0 ]
}

[sub_resource type="AnimationNodeAnimation" id=31]
animation = "ScaleChange"

[sub_resource type="AnimationNodeAdd2" id=30]

[sub_resource type="AnimationNodeAnimation" id=32]
animation = "00_RESET"

[sub_resource type="AnimationNodeAnimation" id=59]
animation = "Sit"

[sub_resource type="AnimationNodeAnimation" id=60]
animation = "Walk-loop"

[sub_resource type="AnimationNodeAnimation" id=61]
animation = "WalkLookLeft-loop"

[sub_resource type="AnimationNodeAnimation" id=66]
animation = "WalkLookRight-loop"

[sub_resource type="AnimationNodeBlendSpace1D" id=62]
blend_point_0/node = SubResource( 60 )
blend_point_0/pos = 0.0
blend_point_1/node = SubResource( 61 )
blend_point_1/pos = -1.0
blend_point_2/node = SubResource( 66 )
blend_point_2/pos = 1.0

[sub_resource type="AnimationNodeStateMachineTransition" id=63]
xfade_time = 0.1

[sub_resource type="AnimationNodeStateMachineTransition" id=64]
xfade_time = 0.1

[sub_resource type="AnimationNodeStateMachineTransition" id=65]
xfade_time = 0.1

[sub_resource type="AnimationNodeStateMachine" id=35]
states/00_RESET/node = SubResource( 32 )
states/00_RESET/position = Vector2( 346, 110 )
states/CustomNode/node = SubResource( 59 )
states/CustomNode/position = Vector2( 528, 110 )
states/Walk/node = SubResource( 62 )
states/Walk/position = Vector2( 346, 196 )
transitions = [ "00_RESET", "Walk", SubResource( 63 ), "Walk", "CustomNode", SubResource( 64 ), "CustomNode", "Walk", SubResource( 65 ) ]
start_node = "00_RESET"
graph_offset = Vector2( -78, 43 )

[sub_resource type="AnimationNodeBlendTree" id=36]
graph_offset = Vector2( -58, 39 )
nodes/Animation/node = SubResource( 31 )
nodes/Animation/position = Vector2( -80, 220 )
nodes/Big/node = SubResource( 30 )
nodes/Big/position = Vector2( 140, 120 )
nodes/StateMachine/node = SubResource( 35 )
nodes/StateMachine/position = Vector2( -80, 60 )
nodes/output/position = Vector2( 380, 140 )
node_connections = [ "Big", 0, "StateMachine", "Big", 1, "Animation", "output", 0, "Big" ]

[sub_resource type="AnimationNodeStateMachinePlayback" id=37]

[node name="mum" instance=ExtResource( 1 )]
visible = false
script = ExtResource( 5 )
hologram_material = SubResource( 2 )
hidden_material = SubResource( 8 )

[node name="Armature" parent="." index="0"]
script = ExtResource( 9 )
outfit = {
"eyebrows": null,
"eyes": ExtResource( 13 ),
"face_texture": ExtResource( 24 ),
"fullbody": ExtResource( 26 ),
"hair": ExtResource( 21 ),
"hat": null,
"head": ExtResource( 23 ),
"iris": null,
"mouth": ExtResource( 16 ),
"pants": null,
"shirt": null,
"skin_color": Color( 0.862745, 0.67451, 0.682353, 1 ),
"skin_texture": ExtResource( 24 )
}
eye_set = ExtResource( 11 )
skin_material = SubResource( 49 )
eye_material = SubResource( 39 )
hair_material = SubResource( 18 )
mouth_material = SubResource( 57 )
face_material = SubResource( 58 )

[node name="eyebrows" parent="Armature/Skeleton" index="0"]
layers = 65536
material_overlay = SubResource( 2 )

[node name="fullbody" parent="Armature/Skeleton" index="1"]
layers = 65536
material_overlay = SubResource( 2 )

[node name="hat" parent="Armature/Skeleton" index="2"]
layers = 65536
material_overlay = SubResource( 2 )

[node name="head" parent="Armature/Skeleton" index="3"]
layers = 65536
material_overlay = SubResource( 2 )

[node name="pants" type="MeshInstance" parent="Armature/Skeleton" index="4"]
visible = false
layers = 65536
material_overlay = SubResource( 2 )
skin = SubResource( 54 )

[node name="shirt" type="MeshInstance" parent="Armature/Skeleton" index="5"]
visible = false
layers = 65536
material_overlay = SubResource( 2 )
skin = SubResource( 54 )

[node name="head_attach" type="BoneAttachment" parent="Armature/Skeleton" index="6"]
transform = Transform( 1.08, 1.98952e-13, 7.72478e-07, 7.56241e-07, 0.220271, -1.0573, -1.5755e-07, 1.0573, 0.220271, -2.10913e-14, 1.38066, -0.00689602 )
bone_name = "Head"

[node name="eyes" type="Position3D" parent="Armature/Skeleton/head_attach" index="0"]
transform = Transform( 1, 7.00222e-07, -1.4588e-07, 1.21835e-14, 0.203954, 0.978981, 7.15257e-07, -0.97898, 0.203954, 3.30068e-08, 0.143721, -0.046147 )

[node name="head_riotation_ref" type="Position3D" parent="Armature/Skeleton/head_attach" index="1"]
transform = Transform( 1, 7.00223e-07, -1.4588e-07, 1.21835e-14, 0.203954, 0.97898, 7.15258e-07, -0.97898, 0.203954, 0, 0, 0 )

[node name="hair" type="Spatial" parent="Armature/Skeleton/head_attach" index="2"]
transform = Transform( 1, 0, 0, 0, 0.203954, 0.97898, 0, -0.97898, 0.203954, 0, 0, 0 )

[node name="AnimationPlayer" parent="." index="1"]
anims/00_RESET = ExtResource( 20 )
anims/RESET = SubResource( 47 )
anims/ScaleChange = ExtResource( 18 )
anims/Sit = ExtResource( 4 )
anims/Walk-loop = ExtResource( 7 )
anims/WalkLookLeft-loop = ExtResource( 10 )
anims/WalkLookRight-loop = ExtResource( 19 )
script = ExtResource( 17 )
search_path = "res://_glb/characters/mum/anim"

[node name="vis_anim" type="AnimationPlayer" parent="." index="2"]
anims/Hide = SubResource( 52 )
anims/Hide_Partial = SubResource( 51 )
anims/RESET = SubResource( 43 )
anims/Show = SubResource( 44 )
anims/Show_Partial = SubResource( 45 )

[node name="blink" type="AnimationPlayer" parent="." index="3"]
anims/RESET = SubResource( 29 )
anims/blink = SubResource( 28 )

[node name="blink_timer" type="Timer" parent="." index="4"]
wait_time = 6.0
one_shot = true
autostart = true

[node name="AnimationTree" type="AnimationTree" parent="." index="5"]
tree_root = SubResource( 36 )
anim_player = NodePath("../AnimationPlayer")
active = true
parameters/Big/add_amount = 1.0
parameters/StateMachine/playback = SubResource( 37 )
parameters/StateMachine/Walk/blend_position = 0

[connection signal="timeout" from="blink_timer" to="." method="_on_blink_timer_timeout"]
