[gd_scene load_steps=60 format=2]

[ext_resource path="res://_glb/player/jackie.glb" type="PackedScene" id=1]
[ext_resource path="res://player/materials/jackie_base.tres" type="Material" id=2]
[ext_resource path="res://player/animator.gd" type="Script" id=3]
[ext_resource path="res://material/coat.shader" type="Shader" id=4]
[ext_resource path="res://material/coat/gradient.jpg" type="Texture" id=5]
[ext_resource path="res://audio/player/stepdirt1.wav" type="AudioStream" id=6]
[ext_resource path="res://material/gem_transparent.shader" type="Shader" id=7]
[ext_resource path="res://player/particles/kick_stars.png" type="Texture" id=8]
[ext_resource path="res://player/gun.gd" type="Script" id=9]
[ext_resource path="res://entities/visual/laser.gd" type="Script" id=10]
[ext_resource path="res://addons/np_trail/trail.gd" type="Script" id=11]
[ext_resource path="res://entities/visual/follow.gd" type="Script" id=12]
[ext_resource path="res://audio/player/crouch_jump1.wav" type="AudioStream" id=13]
[ext_resource path="res://audio/player/roll_jump.wav" type="AudioStream" id=14]
[ext_resource path="res://audio/player/lunge_kick1.wav" type="AudioStream" id=15]
[ext_resource path="res://audio/player/roll.wav" type="AudioStream" id=16]
[ext_resource path="res://audio/player/spin_kick1.wav" type="AudioStream" id=17]
[ext_resource path="res://player/anim/jackie_animator.tres" type="AnimationNodeBlendTree" id=18]
[ext_resource path="res://items/usable/lantern.tscn" type="PackedScene" id=19]
[ext_resource path="res://material/coat/detail_fabric.bmp" type="Texture" id=20]
[ext_resource path="res://player/ik_target.gd" type="Script" id=21]
[ext_resource path="res://player/hair/jackie_hair.tscn" type="PackedScene" id=22]

[sub_resource type="Gradient" id=64]
offsets = PoolRealArray( 0.126437, 0.475096, 0.858238 )
colors = PoolColorArray( 0.703125, 0.0796509, 0.0796509, 1, 1, 0.617188, 0.940186, 1, 0, 0.273438, 1, 1 )

[sub_resource type="GradientTexture" id=65]
gradient = SubResource( 64 )

[sub_resource type="ShaderMaterial" id=66]
shader = ExtResource( 4 )
shader_param/light_bias = null
shader_param/softness = 1.0
shader_param/specularity = 1.0
shader_param/palette = ExtResource( 5 )
shader_param/gradient = SubResource( 65 )
shader_param/detail = ExtResource( 20 )

[sub_resource type="Curve" id=70]
_data = [ Vector2( 0, 1 ), 0.0, 0.121963, 0, 0, Vector2( 1, 0 ), -4.03178, 0.0, 0, 0 ]

[sub_resource type="CurveTexture" id=71]
width = 32
curve = SubResource( 70 )

[sub_resource type="ParticlesMaterial" id=67]
spread = 20.0
gravity = Vector3( 0, 0.5, 0 )
initial_velocity = 2.0
scale_curve = SubResource( 71 )

[sub_resource type="SpatialMaterial" id=90]
flags_transparent = true
flags_unshaded = true
params_billboard_mode = 3
particles_anim_h_frames = 1
particles_anim_v_frames = 1
particles_anim_loop = false
albedo_color = Color( 1.4, 1, 1.2, 1 )
albedo_texture = ExtResource( 8 )

[sub_resource type="QuadMesh" id=91]
material = SubResource( 90 )
size = Vector2( 0.1, 0.1 )

[sub_resource type="ParticlesMaterial" id=89]
spread = 20.0
gravity = Vector3( 0, 0.5, 0 )
initial_velocity = 2.0
scale = 2.0
scale_curve = SubResource( 71 )

[sub_resource type="SpatialMaterial" id=88]
flags_transparent = true
flags_unshaded = true
params_billboard_mode = 3
particles_anim_h_frames = 1
particles_anim_v_frames = 1
particles_anim_loop = false
albedo_color = Color( 4.05, 1, 1, 1 )
albedo_texture = ExtResource( 8 )

[sub_resource type="QuadMesh" id=69]
material = SubResource( 88 )
size = Vector2( 0.1, 0.1 )

[sub_resource type="ShaderMaterial" id=169]
shader = ExtResource( 7 )
shader_param/albedo = Color( 0.988235, 0.996078, 1, 1 )
shader_param/refraction = 0.0
shader_param/brightness = null

[sub_resource type="Gradient" id=76]
offsets = PoolRealArray( 0, 0.47479, 1 )
colors = PoolColorArray( 1, 1, 1, 1, 0.0743922, 0.0756836, 0.0570583, 1, 0, 0, 0, 1 )

[sub_resource type="GradientTexture" id=77]
gradient = SubResource( 76 )
width = 32

[sub_resource type="Curve" id=78]
_data = [ Vector2( 0, 1 ), 0.0, 0.0, 0, 0, Vector2( 1, 0 ), 0.0, 0.0, 0, 0 ]

[sub_resource type="CurveTexture" id=79]
width = 32
curve = SubResource( 78 )

[sub_resource type="ParticlesMaterial" id=73]
direction = Vector3( 0, 0, 1 )
spread = 8.0
gravity = Vector3( 0, 0, 0 )
initial_velocity = 12.0
scale = 4.0
scale_curve = SubResource( 79 )
color_ramp = SubResource( 77 )

[sub_resource type="SpatialMaterial" id=74]
flags_transparent = true
flags_unshaded = true
vertex_color_use_as_albedo = true
params_billboard_mode = 3
particles_anim_h_frames = 1
particles_anim_v_frames = 1
particles_anim_loop = false
albedo_color = Color( 13.0902, 1.93333, 1, 1 )

[sub_resource type="QuadMesh" id=75]
material = SubResource( 74 )
size = Vector2( 0.05, 0.05 )

[sub_resource type="ParticlesMaterial" id=85]
lifetime_randomness = 0.23
direction = Vector3( 0, 0.2, 1 )
spread = 137.26
flatness = 0.86
gravity = Vector3( 0, 2, 0 )
initial_velocity = 5.0
radial_accel = -30.0
scale = 0.5
scale_curve = SubResource( 79 )

[sub_resource type="SpatialMaterial" id=86]
flags_transparent = true
flags_unshaded = true
params_billboard_mode = 3
particles_anim_h_frames = 1
particles_anim_v_frames = 1
particles_anim_loop = false
albedo_color = Color( 1.10588, 1.95686, 1, 1 )
albedo_texture = ExtResource( 8 )

[sub_resource type="QuadMesh" id=87]
material = SubResource( 86 )
size = Vector2( 0.1, 0.1 )

[sub_resource type="SphereMesh" id=171]
radius = 0.2
height = 0.4
radial_segments = 12
rings = 12

[sub_resource type="SpatialMaterial" id=172]
flags_transparent = true
flags_unshaded = true
params_cull_mode = 1

[sub_resource type="Animation" id=173]
length = 0.001
tracks/0/type = "value"
tracks/0/path = NodePath(".:visible")
tracks/0/interp = 1
tracks/0/loop_wrap = true
tracks/0/imported = false
tracks/0/enabled = true
tracks/0/keys = {
"times": PoolRealArray( 0 ),
"transitions": PoolRealArray( 1 ),
"update": 0,
"values": [ false ]
}
tracks/1/type = "value"
tracks/1/path = NodePath(".:material/0:albedo_color")
tracks/1/interp = 1
tracks/1/loop_wrap = true
tracks/1/imported = false
tracks/1/enabled = true
tracks/1/keys = {
"times": PoolRealArray( 0 ),
"transitions": PoolRealArray( 1 ),
"update": 0,
"values": [ Color( 1, 1, 1, 1 ) ]
}

[sub_resource type="Animation" id=174]
resource_name = "dodged"
length = 0.6
tracks/0/type = "value"
tracks/0/path = NodePath(".:visible")
tracks/0/interp = 1
tracks/0/loop_wrap = true
tracks/0/imported = false
tracks/0/enabled = true
tracks/0/keys = {
"times": PoolRealArray( 0 ),
"transitions": PoolRealArray( 1 ),
"update": 1,
"values": [ true ]
}
tracks/1/type = "value"
tracks/1/path = NodePath(".:material/0:albedo_color")
tracks/1/interp = 1
tracks/1/loop_wrap = true
tracks/1/imported = false
tracks/1/enabled = true
tracks/1/keys = {
"times": PoolRealArray( 0, 0.2, 0.6 ),
"transitions": PoolRealArray( 1, 1, 1 ),
"update": 0,
"values": [ Color( 1, 0.862745, 0.533333, 1 ), Color( 2, 1.7, 1.06, 1 ), Color( 1, 1, 1, 0 ) ]
}

[sub_resource type="SpatialMaterial" id=106]
flags_transparent = true
flags_unshaded = true
params_blend_mode = 1
params_cull_mode = 2
albedo_color = Color( 3, 0.2, 0.2, 1 )

[sub_resource type="ArrayMesh" id=1]
surfaces/0 = {
"aabb": AABB( -0.00866025, -0.00500004, -2.18557e-10, 0.0173205, 0.01501, 1 ),
"array_data": PoolByteArray( 0, 0, 0, 0, 10, 215, 35, 60, 79, 78, 240, 47, 176, 46, 210, 23, 0, 0, 0, 56, 0, 0, 0, 0, 10, 215, 35, 60, 79, 78, 240, 47, 126, 127, 126, 193, 0, 58, 20, 56, 0, 0, 0, 0, 10, 215, 35, 60, 79, 78, 240, 47, 80, 46, 210, 103, 0, 60, 0, 56, 0, 0, 0, 0, 219, 214, 35, 60, 0, 0, 128, 63, 176, 46, 210, 23, 0, 0, 0, 0, 0, 0, 0, 0, 219, 214, 35, 60, 0, 0, 128, 63, 0, 0, 126, 63, 0, 52, 20, 56, 0, 0, 0, 0, 219, 214, 35, 60, 0, 0, 128, 63, 80, 46, 210, 103, 0, 60, 0, 0, 189, 227, 13, 60, 11, 215, 163, 187, 80, 78, 112, 175, 0, 130, 126, 63, 85, 57, 0, 56, 189, 227, 13, 60, 11, 215, 163, 187, 80, 78, 112, 175, 126, 127, 126, 193, 169, 59, 245, 58, 189, 227, 13, 60, 11, 215, 163, 187, 80, 78, 112, 175, 80, 46, 210, 103, 85, 57, 0, 56, 189, 227, 13, 60, 105, 215, 163, 187, 0, 0, 128, 63, 0, 130, 126, 63, 85, 57, 0, 0, 189, 227, 13, 60, 105, 215, 163, 187, 0, 0, 128, 63, 0, 0, 126, 63, 83, 55, 245, 58, 189, 227, 13, 60, 105, 215, 163, 187, 0, 0, 128, 63, 80, 46, 210, 103, 85, 57, 0, 0, 189, 227, 13, 188, 8, 215, 163, 187, 76, 78, 112, 175, 176, 46, 210, 23, 85, 53, 0, 56, 189, 227, 13, 188, 8, 215, 163, 187, 76, 78, 112, 175, 0, 130, 126, 63, 85, 53, 0, 56, 189, 227, 13, 188, 8, 215, 163, 187, 76, 78, 112, 175, 126, 127, 126, 193, 86, 56, 245, 58, 189, 227, 13, 188, 102, 215, 163, 187, 0, 0, 128, 63, 176, 46, 210, 23, 85, 53, 0, 0, 189, 227, 13, 188, 102, 215, 163, 187, 0, 0, 128, 63, 0, 130, 126, 63, 85, 53, 0, 0, 189, 227, 13, 188, 102, 215, 163, 187, 0, 0, 128, 63, 0, 0, 126, 63, 101, 41, 245, 58 ),
"array_index_data": PoolByteArray( 2, 0, 11, 0, 5, 0, 2, 0, 8, 0, 11, 0, 6, 0, 16, 0, 9, 0, 6, 0, 13, 0, 16, 0, 10, 0, 17, 0, 4, 0, 12, 0, 3, 0, 15, 0, 12, 0, 0, 0, 3, 0, 1, 0, 14, 0, 7, 0 ),
"blend_shape_data": [  ],
"format": 2194711,
"index_count": 24,
"primitive": 4,
"skeleton_aabb": [  ],
"vertex_count": 18
}

[sub_resource type="SphereMesh" id=107]
radius = 0.07
height = 0.14
radial_segments = 5
rings = 5

[sub_resource type="SpatialMaterial" id=170]
flags_transparent = true
flags_unshaded = true
params_blend_mode = 1
params_cull_mode = 2
albedo_color = Color( 3, 0.2, 0.2, 1 )

[sub_resource type="CubeMesh" id=175]

[sub_resource type="SpatialMaterial" id=176]
flags_no_depth_test = true
emission_enabled = true
emission = Color( 0.168627, 0.203922, 0.917647, 1 )
emission_energy = 1.0
emission_operator = 0
emission_on_uv2 = false

[sub_resource type="AnimationNodeStateMachinePlayback" id=8]

[sub_resource type="Curve" id=80]
_data = [ Vector2( 0, 1 ), 0.0, 0.0, 0, 0, Vector2( 1, 0 ), -5.14673, 0.0, 0, 0 ]

[sub_resource type="CurveTexture" id=81]
width = 32
curve = SubResource( 80 )

[sub_resource type="ParticlesMaterial" id=72]
direction = Vector3( 0, 0, 1 )
spread = 180.0
flatness = 1.0
gravity = Vector3( 0, 9, 0 )
initial_velocity = 8.0
radial_accel = -25.0
scale_curve = SubResource( 81 )

[sub_resource type="ParticlesMaterial" id=92]
direction = Vector3( 0, 0, 1 )
spread = 180.0
flatness = 1.0
gravity = Vector3( 0, 9, 0 )
initial_velocity = 10.0
radial_accel = -30.0
scale = 2.0
scale_curve = SubResource( 81 )

[node name="jackie" instance=ExtResource( 1 )]
time_scale_response = false
script = ExtResource( 3 )
sound_roll = ExtResource( 16 )
sound_roll_jump = ExtResource( 14 )
sound_lunge_kick = ExtResource( 15 )
sound_spin_kick = ExtResource( 17 )
sound_uppercut = ExtResource( 13 )

[node name="Armature" parent="." index="0"]
time_scale_response = false

[node name="Skeleton" parent="Armature" index="0"]
time_scale_response = false

[node name="coat" parent="Armature/Skeleton" index="0"]
time_scale_response = false
layers = 2
material/0 = SubResource( 66 )

[node name="hover_board" parent="Armature/Skeleton" index="1"]
time_scale_response = false
visible = false
layers = 2

[node name="jackie" parent="Armature/Skeleton" index="2"]
time_scale_response = false
layers = 2
material_override = ExtResource( 2 )

[node name="pants" parent="Armature/Skeleton" index="3"]
time_scale_response = false
layers = 2
material_override = ExtResource( 2 )

[node name="footLeft" type="BoneAttachment" parent="Armature/Skeleton" index="4"]
time_scale_response = false
transform = Transform( 0.0491746, 0.0419749, -0.997907, -0.761837, -0.644533, -0.0646524, -0.645898, 0.763422, 0.000283325, 0.118641, 0.108787, -0.00267667 )
bone_name = "Ankle.L"

[node name="kick_particles" type="Particles" parent="Armature/Skeleton/footLeft" index="0"]
time_scale_response = false
transform = Transform( -0.219695, -0.97557, 0.000233511, 0.975569, -0.219695, 0.000691413, -0.000623196, 0.000379671, 1, 0.0792832, 0.0698495, 0.00689854 )
emitting = false
amount = 12
lifetime = 0.3
local_coords = false
process_material = SubResource( 67 )
draw_pass_1 = SubResource( 91 )

[node name="max_kick_particles" type="Particles" parent="Armature/Skeleton/footLeft" index="1"]
time_scale_response = false
transform = Transform( -0.219695, -0.97557, 0.000233511, 0.975569, -0.219695, 0.000691416, -0.000623198, 0.000379683, 1, 0.0094922, 0.156585, 0.00685497 )
emitting = false
amount = 12
lifetime = 0.4
local_coords = false
process_material = SubResource( 89 )
draw_pass_1 = SubResource( 69 )

[node name="footRight" type="BoneAttachment" parent="Armature/Skeleton" index="5"]
time_scale_response = false
transform = Transform( 0.049006, -0.0414382, 0.997939, 0.761399, -0.645098, -0.0641772, 0.646427, 0.762975, -6.27991e-05, -0.118677, 0.108847, -0.00227838 )
bone_name = "Ankle.R"

[node name="max_kick_particles" type="Particles" parent="Armature/Skeleton/footRight" index="0"]
time_scale_response = false
transform = Transform( 0.222719, 0.969865, -0.0987868, 0.973008, -0.214865, 0.0841961, 0.060433, -0.114873, -0.991539, -0.0208296, 0.166308, 0.0125393 )
emitting = false
amount = 12
lifetime = 0.4
local_coords = false
process_material = SubResource( 89 )
draw_pass_1 = SubResource( 69 )

[node name="kick_particles" type="Particles" parent="Armature/Skeleton/footRight" index="1"]
time_scale_response = false
transform = Transform( 0.215962, 0.971355, -0.0991552, 0.974529, -0.208147, 0.0834676, 0.0604379, -0.114656, -0.991564, -0.0816975, 0.0667774, 0.0070541 )
emitting = false
amount = 12
lifetime = 0.3
local_coords = false
process_material = SubResource( 67 )
draw_pass_1 = SubResource( 91 )

[node name="chest" type="BoneAttachment" parent="Armature/Skeleton" index="6"]
time_scale_response = false
transform = Transform( 1, 4.87807e-07, -0.000108013, 1.60356e-05, 0.988238, 0.152923, 0.000106817, -0.152923, 0.988238, -0.00235558, 1.01889, 0.000728145 )
bone_name = "BackUpper"

[node name="time_trail" type="ImmediateGeometry" parent="Armature/Skeleton/chest" index="0"]
transform = Transform( 1, -4.47035e-08, 2.23517e-08, 7.45058e-09, 1, 2.98023e-08, 2.98023e-08, 1.19209e-07, 1, 5.05149e-06, 7.98702e-06, -0.0713171 )
visible = false
material_override = SubResource( 169 )
script = ExtResource( 11 )
segments = 8
width = 0.3

[node name="damage_particles" type="Particles" parent="Armature/Skeleton/chest" index="1"]
time_scale_response = false
transform = Transform( 1, 3.55271e-15, -2.84217e-14, 3.55271e-15, 1, 0, 1.42109e-14, 0, 1, 1.73858e-09, 0.0544889, -0.00340463 )
emitting = false
lifetime = 0.25
local_coords = false
process_material = SubResource( 73 )
draw_pass_1 = SubResource( 75 )

[node name="damage_emit_timer" type="Timer" parent="Armature/Skeleton/chest" index="2"]
time_scale_response = false
wait_time = 0.2
one_shot = true

[node name="chest_target" type="Spatial" parent="Armature/Skeleton/chest" index="3"]
transform = Transform( 1, -3.65645e-08, 1.91011e-06, 3.29026e-07, 0.988174, -0.153337, -1.88191e-06, 0.153337, 0.988174, -2.70084e-08, 0.00871766, 0.112154 )

[node name="head" type="BoneAttachment" parent="Armature/Skeleton" index="7"]
time_scale_response = false
transform = Transform( 0.999995, -0.00245875, -0.00197262, -0.00150187, 0.178564, -0.983927, 0.00277147, 0.983925, 0.17856, -0.0022617, 1.21068, 0.00326921 )
bone_name = "Head"

[node name="heal_particles" type="Particles" parent="Armature/Skeleton/head" index="0"]
time_scale_response = false
transform = Transform( 1, -8.40217e-13, 1.42109e-14, -3.2685e-13, 0.258819, 0.965926, 7.10543e-15, -0.965925, 0.258819, 4.20022e-09, 0.03219, -0.120134 )
emitting = false
amount = 70
lifetime = 0.75
local_coords = false
process_material = SubResource( 85 )
draw_pass_1 = SubResource( 87 )

[node name="heal_emit_timer" type="Timer" parent="Armature/Skeleton/head" index="1"]
time_scale_response = false
one_shot = true

[node name="perfect_dodge" type="MeshInstance" parent="Armature/Skeleton/head" index="2"]
transform = Transform( 1, -7.10543e-14, 2.59348e-13, -4.26326e-14, 1, 0, -4.44089e-13, 0, 1, -3.13806e-08, 0.0707452, -0.102417 )
visible = false
mesh = SubResource( 171 )
skeleton = NodePath("")
material/0 = SubResource( 172 )

[node name="AnimationPlayer" type="AnimationPlayer" parent="Armature/Skeleton/head/perfect_dodge" index="0"]
anims/RESET = SubResource( 173 )
anims/dodged = SubResource( 174 )

[node name="hair" parent="Armature/Skeleton/head" index="3" instance=ExtResource( 22 )]
transform = Transform( 1, 0, 0, 0, 0.225302, 0.974289, 0, -0.974289, 0.225302, 0, 0, 0 )

[node name="gun" type="BoneAttachment" parent="Armature/Skeleton" index="8"]
time_scale_response = false
transform = Transform( 0.738608, -0.11624, 0.664038, -0.158113, -0.987417, 0.00302064, 0.655331, -0.107224, -0.747693, 0.209831, 0.704372, -0.0232431 )
bone_name = "Gun.R"
script = ExtResource( 9 )
holder_path = NodePath("../../..")

[node name="debug" type="PanelContainer" parent="Armature/Skeleton/gun" index="0"]
visible = false
anchor_top = 0.5
anchor_bottom = 0.5
margin_top = -41.0
margin_right = 96.0
margin_bottom = 41.0

[node name="list" type="VBoxContainer" parent="Armature/Skeleton/gun/debug" index="0"]
margin_left = 7.0
margin_top = 7.0
margin_right = 89.0
margin_bottom = 75.0

[node name="d1" type="Label" parent="Armature/Skeleton/gun/debug/list" index="0"]
margin_right = 82.0
margin_bottom = 14.0
text = "debug data 1"

[node name="d2" type="Label" parent="Armature/Skeleton/gun/debug/list" index="1"]
margin_top = 18.0
margin_right = 82.0
margin_bottom = 32.0

[node name="d3" type="Label" parent="Armature/Skeleton/gun/debug/list" index="2"]
margin_top = 36.0
margin_right = 82.0
margin_bottom = 50.0

[node name="d4" type="Label" parent="Armature/Skeleton/gun/debug/list" index="3"]
margin_top = 54.0
margin_right = 82.0
margin_bottom = 68.0

[node name="base_reference" type="Spatial" parent="Armature/Skeleton/gun" index="1"]
time_scale_response = false
transform = Transform( 0.766044, 0.642788, 2.80971e-08, 0, -4.37114e-08, 1, 0.642788, -0.766045, -3.34849e-08, 0.019, 0.00561577, -0.01722 )

[node name="reference" type="Spatial" parent="Armature/Skeleton/gun" index="2"]
time_scale_response = false
transform = Transform( 0.766044, 0.642788, 2.80971e-08, 0, -4.37114e-08, 1, 0.642788, -0.766045, -3.34849e-08, 0.019, 0.00561577, -0.01722 )

[node name="laser" type="Spatial" parent="Armature/Skeleton/gun/reference" index="0"]
transform = Transform( 1, 0, 9.96806e-10, 0, 1, 1.16415e-10, -1.60799e-09, -4.07454e-10, 1, 0, 0, 0 )

[node name="geometry" type="MeshInstance" parent="Armature/Skeleton/gun/reference/laser" index="0"]
transform = Transform( 1, -1.49012e-08, -3.72529e-09, 0, 1, -1.49012e-08, 1.86265e-09, 5.96046e-08, 1, 0, 0, 0 )
material_override = SubResource( 106 )
mesh = SubResource( 1 )
skeleton = NodePath("../..")

[node name="cast" type="SpringArm" parent="Armature/Skeleton/gun/reference/laser" index="1"]
time_scale_response = false
transform = Transform( 1, 1.49012e-08, 3.1665e-08, -5.96046e-08, 1, -5.96046e-08, 1.67638e-08, -5.96046e-08, 1, -0.00650012, 0.014, 0.0600001 )
collision_mask = 536870949
spring_length = 30.0
script = ExtResource( 10 )
laser_geometry = NodePath("../geometry")

[node name="end" type="MeshInstance" parent="Armature/Skeleton/gun/reference/laser/cast" index="0"]
time_scale_response = false
transform = Transform( 1, 1.49012e-08, 0, 0, 1, 1.49012e-08, 8.9407e-08, 1.49012e-08, 1, 0, 0, 0 )
mesh = SubResource( 107 )
skeleton = NodePath("")
material/0 = SubResource( 170 )

[node name="gun_ik" type="Node" parent="Armature/Skeleton/gun" index="3"]
time_scale_response = false

[node name="target" type="Spatial" parent="Armature/Skeleton/gun/gun_ik" index="0"]
time_scale_response = false

[node name="Tween" type="Tween" parent="Armature/Skeleton/gun" index="4"]

[node name="gun_ik" type="SkeletonIK" parent="Armature/Skeleton" index="9"]
time_scale_response = false
process_priority = 1
root_bone = "Hand.L"
tip_bone = "Gun.R.001"
interpolation = 0.15
target_node = NodePath("../gun/gun_ik/target")

[node name="chest_ik" type="SkeletonIK" parent="Armature/Skeleton" index="10"]
time_scale_response = false
process_priority = 1
root_bone = "Booba"
tip_bone = "C_Booba"
target_node = NodePath("../ik_break/chest_ik_target")
max_iterations = 1

[node name="ik_break" type="Node" parent="Armature/Skeleton" index="11"]
time_scale_response = false

[node name="chest_ik_target" type="Spatial" parent="Armature/Skeleton/ik_break" index="0"]
transform = Transform( 1, -8.96888e-05, -0.000640743, 8.94204e-05, 1, -0.000419021, 0.00064078, 0.000418931, 1, -0.00229578, 1.04475, 0.105182 )
script = ExtResource( 21 )
target_node = NodePath("../../chest/chest_target")
max_distance = 0.06
damp = 0.568
acceleration = 25.0
player_velocity_match = 0.9

[node name="MeshInstance" type="MeshInstance" parent="Armature/Skeleton/ik_break/chest_ik_target" index="0"]
transform = Transform( 0.03, 0, 0, 0, 0.03, 0, 0, 0, 0.03, 0, 0, 0 )
visible = false
mesh = SubResource( 175 )
material/0 = SubResource( 176 )

[node name="handRight" type="BoneAttachment" parent="Armature/Skeleton" index="12"]
time_scale_response = false
transform = Transform( 0.724172, 0.0873147, -0.684069, 0.0408718, -0.995642, -0.0838165, -0.688407, 0.0327384, -0.724585, -0.208749, 0.715241, 0.00159381 )
bone_name = "Object.R"

[node name="ref" type="Spatial" parent="Armature/Skeleton/handRight" index="0"]
time_scale_response = false
transform = Transform( 0.707107, -0.707107, -2.23517e-08, -8.61473e-09, -4.47035e-08, 1, -0.707107, -0.707107, -2.23517e-08, 0, 0, 0 )

[node name="knee_left" type="BoneAttachment" parent="Armature/Skeleton" index="13"]
time_scale_response = false
transform = Transform( -0.0319707, 0.0562159, -0.997907, -0.0288006, -0.998054, -0.0553015, -0.999074, 0.0269722, 0.0335275, 0.0843144, 0.809224, 0.0211682 )
bone_name = "Thign.L"

[node name="ref_leg_left" type="Spatial" parent="Armature/Skeleton/knee_left" index="0"]
transform = Transform( 1, 0, 0, 0, 1, 0, 0, 0, 1, 0, 0.1, 0 )

[node name="knee_right" type="BoneAttachment" parent="Armature/Skeleton" index="14"]
time_scale_response = false
transform = Transform( -0.02149, -0.0497218, 0.998532, 0.0360151, -0.998153, -0.0489278, 0.99912, 0.0349108, 0.023241, -0.0890287, 0.809247, 0.0211621 )
bone_name = "Thign.R"

[node name="ref_leg_right" type="Spatial" parent="Armature/Skeleton/knee_right" index="0"]
transform = Transform( 1, 0, 0, 0, 1, 0, 0, 0, 1, 0, 0.1, 0 )

[node name="coat_tails" type="BoneAttachment" parent="Armature/Skeleton" index="15"]
time_scale_response = false
transform = Transform( 5.24084e-05, 7.43064e-05, -1, 0.000344127, -1, -7.42771e-05, -1, -0.000344098, -5.24814e-05, -0.00507419, 0.917774, 0.0311354 )
bone_name = "Coat"

[node name="lantern" parent="Armature/Skeleton/coat_tails" index="0" instance=ExtResource( 19 )]
transform = Transform( 0.907347, -0.419767, -0.0227483, -0.395735, -0.834639, -0.383109, 0.14183, 0.356615, -0.923424, 0.120476, 0.0975425, -0.110806 )
visible = false
light_enabled = false

[node name="lumbar" type="BoneAttachment" parent="Armature/Skeleton" index="16"]
time_scale_response = false
transform = Transform( 1, -2.17887e-05, -3.57934e-05, 8.70058e-06, 0.943531, -0.331283, 4.09905e-05, 0.331283, 0.943531, -0.00235314, 0.840886, -0.021344 )
bone_name = "Lumbar"

[node name="body_reference" type="Spatial" parent="Armature/Skeleton/lumbar" index="0"]
transform = Transform( 1, 1.13597e-07, -2.20744e-07, -1.45206e-09, 0.943671, 0.330886, 2.29473e-07, -0.330886, 0.943671, -6.37617e-09, 0.199391, -0.0401937 )

[node name="default_hair" parent="." index="1"]
time_scale_response = false

[node name="AnimationTree" type="AnimationTree" parent="." index="2"]
time_scale_response = false
tree_root = ExtResource( 18 )
anim_player = NodePath("../AnimationPlayer")
active = true
process_mode = 0
parameters/Aim/blend_position = Vector2( -0.0186567, 0 )
parameters/Fire/active = false
parameters/Gun/blend_amount = 0.0
parameters/GunHold/blend_amount = 0
parameters/WholeBody/playback = SubResource( 8 )
parameters/WholeBody/Climb/blend_position = 0.701061
parameters/WholeBody/Climb/0/blend_position = Vector2( 0, 0 )
parameters/WholeBody/Climb/1/blend_position = Vector2( 0, 0 )
parameters/WholeBody/Crouch/blend_position = 0.000964284
parameters/WholeBody/Hover/blend_position = Vector2( 0, 0 )
parameters/WholeBody/LungeKick/blend_position = 0
parameters/WholeBody/Slide/blend_position = 0
parameters/WholeBody/Wading/blend_position = -0.00282753
parameters/WholeBody/Walk/blend_position = 0.000964284

[node name="audio" type="Spatial" parent="." index="3"]
time_scale_response = false

[node name="item_sound0" type="AudioStreamPlayer" parent="audio" index="0"]
time_scale_response = false
volume_db = -10.0
bus = "SFX_Player"

[node name="item_sound1" type="AudioStreamPlayer" parent="audio" index="1"]
time_scale_response = false
volume_db = -10.0
bus = "SFX_Player"

[node name="feet" type="AudioStreamPlayer" parent="audio" index="2"]
time_scale_response = false
stream = ExtResource( 6 )
volume_db = -10.0
bus = "SFX_Player"

[node name="attack" type="AudioStreamPlayer" parent="audio" index="3"]
volume_db = -10.0
bus = "SFX_Player"

[node name="dive_particles" type="Particles" parent="." index="4"]
time_scale_response = false
transform = Transform( 1, 0, 0, 0, 1, 0, 0, 0, 1, 0, 0.0550611, 0.672029 )
emitting = false
amount = 24
lifetime = 0.5
local_coords = false
process_material = SubResource( 72 )
draw_pass_1 = SubResource( 91 )

[node name="max_dive_particles" type="Particles" parent="." index="5"]
time_scale_response = false
transform = Transform( 1, 0, 0, 0, 1, 0, 0, 0, 1, 0, 0.0550611, 0.672029 )
emitting = false
amount = 32
lifetime = 0.5
local_coords = false
process_material = SubResource( 92 )
draw_pass_1 = SubResource( 69 )

[node name="drop_shadow" type="SpotLight" parent="." index="6"]
time_scale_response = false
transform = Transform( 1, 0, 0, 0, -4.37114e-08, 1, 0, -1, -4.37114e-08, 0.102847, 0.706086, -3.0864e-08 )
light_energy = 0.4
light_negative = true
light_cull_mask = 4294967293
spot_range = 2.27177
spot_attenuation = 1.62451
spot_angle = 16.0
spot_angle_attenuation = 0.659755
script = ExtResource( 12 )
target_node = NodePath("../Armature/Skeleton/knee_left/ref_leg_left")
offset = Vector3( 0, 0.3, 0 )

[node name="drop_shadow2" type="SpotLight" parent="." index="7"]
time_scale_response = false
transform = Transform( 1, 0, 0, 0, -4.37114e-08, 1, 0, -1, -4.37114e-08, -0.0936526, 0.706086, -3.0864e-08 )
light_energy = 0.4
light_negative = true
light_cull_mask = 4294967293
spot_range = 2.27177
spot_attenuation = 1.62451
spot_angle = 16.0
spot_angle_attenuation = 0.659755
script = ExtResource( 12 )
target_node = NodePath("../Armature/Skeleton/knee_right/ref_leg_right")
offset = Vector3( 0, 0.3, 0 )

[node name="AnimationPlayer" parent="." index="8"]
time_scale_response = false
playback_process_mode = 0

[node name="ref_light" type="Spatial" parent="." index="9"]
time_scale_response = false
visible = false

[node name="OmniLight2" type="OmniLight" parent="ref_light" index="0"]
time_scale_response = false
transform = Transform( 1, 0, 0, 0, 1, 0, 0, 0, 1, 0.507678, 1.26079, -0.0640909 )
light_color = Color( 0, 0.858824, 1, 1 )
light_energy = 2.0
light_cull_mask = 4293918722

[node name="OmniLight" type="OmniLight" parent="ref_light" index="1"]
time_scale_response = false
transform = Transform( 1, 0, 0, 0, 1, 0, 0, 0, 1, 0.046993, 1.91787, 0.425226 )
light_energy = 0.597
light_cull_mask = 4293918722

[connection signal="timeout" from="Armature/Skeleton/chest/damage_emit_timer" to="." method="_on_damage_emit_timer_timeout"]
[connection signal="timeout" from="Armature/Skeleton/head/heal_emit_timer" to="." method="_on_heal_emit_timer_timeout"]
