[gd_scene load_steps=51 format=2]

[ext_resource path="res://_glb/player/jackie.glb" type="PackedScene" id=1]
[ext_resource path="res://player/materials/jackie_base.tres" type="Material" id=2]
[ext_resource path="res://player/animator.gd" type="Script" id=3]
[ext_resource path="res://material/coat.shader" type="Shader" id=4]
[ext_resource path="res://material/coat/gradient.jpg" type="Texture" id=5]
[ext_resource path="res://audio/player/stepdirt1.wav" type="AudioStream" id=6]
[ext_resource path="res://material/gem_transparent.shader" type="Shader" id=7]
[ext_resource path="res://player/particles/kick_stars.png" type="Texture" id=8]
[ext_resource path="res://player/gun.gd" type="Script" id=9]
[ext_resource path="res://entities/visual/laser.gd" type="Script" id=10]
[ext_resource path="res://addons/np_trail/trail.gd" type="Script" id=11]
[ext_resource path="res://entities/visual/follow.gd" type="Script" id=12]
[ext_resource path="res://audio/player/crouch_jump1.wav" type="AudioStream" id=13]
[ext_resource path="res://audio/player/roll_jump.wav" type="AudioStream" id=14]
[ext_resource path="res://audio/player/lunge_kick1.wav" type="AudioStream" id=15]
[ext_resource path="res://audio/player/roll.wav" type="AudioStream" id=16]
[ext_resource path="res://audio/player/spin_kick1.wav" type="AudioStream" id=17]
[ext_resource path="res://player/anim/jackie_animator.tres" type="AnimationNodeBlendTree" id=18]
[ext_resource path="res://items/usable/lantern.tscn" type="PackedScene" id=19]

[sub_resource type="Gradient" id=64]
offsets = PoolRealArray( 0.126437, 0.475096, 0.858238 )
colors = PoolColorArray( 0.703125, 0.0796509, 0.0796509, 1, 1, 0.617188, 0.940186, 1, 0, 0.273438, 1, 1 )

[sub_resource type="GradientTexture" id=65]
gradient = SubResource( 64 )

[sub_resource type="ShaderMaterial" id=66]
shader = ExtResource( 4 )
shader_param/light_bias = null
shader_param/softness = 1.0
shader_param/specularity = 1.0
shader_param/palette = ExtResource( 5 )
shader_param/gradient = SubResource( 65 )

[sub_resource type="Curve" id=70]
_data = [ Vector2( 0, 1 ), 0.0, 0.121963, 0, 0, Vector2( 1, 0 ), -4.03178, 0.0, 0, 0 ]

[sub_resource type="CurveTexture" id=71]
width = 32
curve = SubResource( 70 )

[sub_resource type="ParticlesMaterial" id=67]
spread = 20.0
gravity = Vector3( 0, 0.5, 0 )
initial_velocity = 2.0
scale_curve = SubResource( 71 )

[sub_resource type="SpatialMaterial" id=90]
flags_transparent = true
flags_unshaded = true
params_billboard_mode = 3
particles_anim_h_frames = 1
particles_anim_v_frames = 1
particles_anim_loop = false
albedo_color = Color( 1.4, 1, 1.2, 1 )
albedo_texture = ExtResource( 8 )

[sub_resource type="QuadMesh" id=91]
material = SubResource( 90 )
size = Vector2( 0.1, 0.1 )

[sub_resource type="ParticlesMaterial" id=89]
spread = 20.0
gravity = Vector3( 0, 0.5, 0 )
initial_velocity = 2.0
scale = 2.0
scale_curve = SubResource( 71 )

[sub_resource type="SpatialMaterial" id=88]
flags_transparent = true
flags_unshaded = true
params_billboard_mode = 3
particles_anim_h_frames = 1
particles_anim_v_frames = 1
particles_anim_loop = false
albedo_color = Color( 4.05, 1, 1, 1 )
albedo_texture = ExtResource( 8 )

[sub_resource type="QuadMesh" id=69]
material = SubResource( 88 )
size = Vector2( 0.1, 0.1 )

[sub_resource type="ShaderMaterial" id=169]
shader = ExtResource( 7 )
shader_param/albedo = Color( 0.988235, 0.996078, 1, 1 )
shader_param/refraction = 0.0
shader_param/brightness = null

[sub_resource type="Gradient" id=76]
offsets = PoolRealArray( 0, 0.47479, 1 )
colors = PoolColorArray( 1, 1, 1, 1, 0.0743922, 0.0756836, 0.0570583, 1, 0, 0, 0, 1 )

[sub_resource type="GradientTexture" id=77]
gradient = SubResource( 76 )
width = 32

[sub_resource type="Curve" id=78]
_data = [ Vector2( 0, 1 ), 0.0, 0.0, 0, 0, Vector2( 1, 0 ), 0.0, 0.0, 0, 0 ]

[sub_resource type="CurveTexture" id=79]
width = 32
curve = SubResource( 78 )

[sub_resource type="ParticlesMaterial" id=73]
direction = Vector3( 0, 0, 1 )
spread = 8.0
gravity = Vector3( 0, 0, 0 )
initial_velocity = 12.0
scale = 4.0
scale_curve = SubResource( 79 )
color_ramp = SubResource( 77 )

[sub_resource type="SpatialMaterial" id=74]
flags_transparent = true
flags_unshaded = true
vertex_color_use_as_albedo = true
params_billboard_mode = 3
particles_anim_h_frames = 1
particles_anim_v_frames = 1
particles_anim_loop = false
albedo_color = Color( 13.0902, 1.93333, 1, 1 )

[sub_resource type="QuadMesh" id=75]
material = SubResource( 74 )
size = Vector2( 0.05, 0.05 )

[sub_resource type="ParticlesMaterial" id=85]
lifetime_randomness = 0.23
direction = Vector3( 0, 0.2, 1 )
spread = 137.26
flatness = 0.86
gravity = Vector3( 0, 2, 0 )
initial_velocity = 5.0
radial_accel = -30.0
scale = 0.5
scale_curve = SubResource( 79 )

[sub_resource type="SpatialMaterial" id=86]
flags_transparent = true
flags_unshaded = true
params_billboard_mode = 3
particles_anim_h_frames = 1
particles_anim_v_frames = 1
particles_anim_loop = false
albedo_color = Color( 1.10588, 1.95686, 1, 1 )
albedo_texture = ExtResource( 8 )

[sub_resource type="QuadMesh" id=87]
material = SubResource( 86 )
size = Vector2( 0.1, 0.1 )

[sub_resource type="SpatialMaterial" id=106]
flags_transparent = true
flags_unshaded = true
params_blend_mode = 1
params_cull_mode = 2
albedo_color = Color( 3, 0.2, 0.2, 1 )

[sub_resource type="ArrayMesh" id=1]
resource_name = "laser_Cylinder"
surfaces/0 = {
"aabb": AABB( -0.00866025, -0.00500004, -2.18557e-10, 0.0173205, 0.01501, 1 ),
"array_data": PoolByteArray( 0, 0, 0, 0, 10, 215, 35, 60, 79, 78, 240, 47, 176, 46, 210, 23, 0, 0, 0, 56, 0, 0, 0, 0, 10, 215, 35, 60, 79, 78, 240, 47, 126, 127, 126, 193, 0, 58, 20, 56, 0, 0, 0, 0, 10, 215, 35, 60, 79, 78, 240, 47, 80, 46, 210, 103, 0, 60, 0, 56, 0, 0, 0, 0, 219, 214, 35, 60, 0, 0, 128, 63, 176, 46, 210, 23, 0, 0, 0, 0, 0, 0, 0, 0, 219, 214, 35, 60, 0, 0, 128, 63, 0, 0, 126, 63, 0, 52, 20, 56, 0, 0, 0, 0, 219, 214, 35, 60, 0, 0, 128, 63, 80, 46, 210, 103, 0, 60, 0, 0, 189, 227, 13, 60, 11, 215, 163, 187, 80, 78, 112, 175, 0, 130, 126, 63, 85, 57, 0, 56, 189, 227, 13, 60, 11, 215, 163, 187, 80, 78, 112, 175, 126, 127, 126, 193, 169, 59, 245, 58, 189, 227, 13, 60, 11, 215, 163, 187, 80, 78, 112, 175, 80, 46, 210, 103, 85, 57, 0, 56, 189, 227, 13, 60, 105, 215, 163, 187, 0, 0, 128, 63, 0, 130, 126, 63, 85, 57, 0, 0, 189, 227, 13, 60, 105, 215, 163, 187, 0, 0, 128, 63, 0, 0, 126, 63, 83, 55, 245, 58, 189, 227, 13, 60, 105, 215, 163, 187, 0, 0, 128, 63, 80, 46, 210, 103, 85, 57, 0, 0, 189, 227, 13, 188, 8, 215, 163, 187, 76, 78, 112, 175, 176, 46, 210, 23, 85, 53, 0, 56, 189, 227, 13, 188, 8, 215, 163, 187, 76, 78, 112, 175, 0, 130, 126, 63, 85, 53, 0, 56, 189, 227, 13, 188, 8, 215, 163, 187, 76, 78, 112, 175, 126, 127, 126, 193, 86, 56, 245, 58, 189, 227, 13, 188, 102, 215, 163, 187, 0, 0, 128, 63, 176, 46, 210, 23, 85, 53, 0, 0, 189, 227, 13, 188, 102, 215, 163, 187, 0, 0, 128, 63, 0, 130, 126, 63, 85, 53, 0, 0, 189, 227, 13, 188, 102, 215, 163, 187, 0, 0, 128, 63, 0, 0, 126, 63, 101, 41, 245, 58 ),
"array_index_data": PoolByteArray( 2, 0, 11, 0, 5, 0, 2, 0, 8, 0, 11, 0, 6, 0, 16, 0, 9, 0, 6, 0, 13, 0, 16, 0, 10, 0, 17, 0, 4, 0, 12, 0, 3, 0, 15, 0, 12, 0, 0, 0, 3, 0, 1, 0, 14, 0, 7, 0 ),
"blend_shape_data": [  ],
"format": 2194711,
"index_count": 24,
"primitive": 4,
"skeleton_aabb": [  ],
"vertex_count": 18
}

[sub_resource type="SphereMesh" id=107]
radius = 0.07
height = 0.14
radial_segments = 5
rings = 5

[sub_resource type="SpatialMaterial" id=170]
flags_transparent = true
flags_unshaded = true
params_blend_mode = 1
params_cull_mode = 2
albedo_color = Color( 3, 0.2, 0.2, 1 )

[sub_resource type="AnimationNodeStateMachinePlayback" id=8]

[sub_resource type="Curve" id=80]
_data = [ Vector2( 0, 1 ), 0.0, 0.0, 0, 0, Vector2( 1, 0 ), -5.14673, 0.0, 0, 0 ]

[sub_resource type="CurveTexture" id=81]
width = 32
curve = SubResource( 80 )

[sub_resource type="ParticlesMaterial" id=72]
direction = Vector3( 0, 0, 1 )
spread = 180.0
flatness = 1.0
gravity = Vector3( 0, 9, 0 )
initial_velocity = 8.0
radial_accel = -25.0
scale_curve = SubResource( 81 )

[sub_resource type="ParticlesMaterial" id=92]
direction = Vector3( 0, 0, 1 )
spread = 180.0
flatness = 1.0
gravity = Vector3( 0, 9, 0 )
initial_velocity = 10.0
radial_accel = -30.0
scale = 2.0
scale_curve = SubResource( 81 )

[node name="jackie" instance=ExtResource( 1 )]
time_scale_response = false
script = ExtResource( 3 )
sound_roll = ExtResource( 16 )
sound_roll_jump = ExtResource( 14 )
sound_lunge_kick = ExtResource( 15 )
sound_spin_kick = ExtResource( 17 )
sound_uppercut = ExtResource( 13 )

[node name="Armature" parent="." index="0"]
time_scale_response = false

[node name="Skeleton" parent="Armature" index="0"]
time_scale_response = false
bones/4/bound_children = [ NodePath("chest") ]
bones/6/bound_children = [ NodePath("head") ]
bones/31/bound_children = [ NodePath("gun") ]
bones/50/bound_children = [ NodePath("handRight") ]
bones/52/bound_children = [ NodePath("coat_tails") ]
bones/58/bound_children = [ NodePath("knee_left") ]
bones/60/bound_children = [ NodePath("footLeft") ]
bones/62/bound_children = [ NodePath("knee_right") ]
bones/64/bound_children = [ NodePath("footRight") ]

[node name="coat" parent="Armature/Skeleton" index="0"]
time_scale_response = false
layers = 2
material/0 = SubResource( 66 )

[node name="hair" parent="Armature/Skeleton" index="1"]
time_scale_response = false
layers = 2
material_override = ExtResource( 2 )

[node name="hover_board" parent="Armature/Skeleton" index="2"]
time_scale_response = false
visible = false
layers = 2

[node name="jackie" parent="Armature/Skeleton" index="3"]
time_scale_response = false
layers = 2
material_override = ExtResource( 2 )

[node name="pants" parent="Armature/Skeleton" index="4"]
time_scale_response = false
layers = 2
material_override = ExtResource( 2 )

[node name="footLeft" type="BoneAttachment" parent="Armature/Skeleton" index="5"]
time_scale_response = false
transform = Transform( 0.0494726, 0.041872, -0.997897, -0.763101, -0.643019, -0.0648134, -0.644381, 0.764703, 0.000140622, 0.118813, 0.10887, -0.000979703 )
bone_name = "Ankle.L"

[node name="kick_particles" type="Particles" parent="Armature/Skeleton/footLeft" index="0"]
time_scale_response = false
transform = Transform( -0.219695, -0.97557, 0.000233511, 0.975569, -0.219695, 0.000691413, -0.000623196, 0.000379671, 1, 0.0792832, 0.0698495, 0.00689854 )
emitting = false
amount = 12
lifetime = 0.3
local_coords = false
process_material = SubResource( 67 )
draw_pass_1 = SubResource( 91 )

[node name="max_kick_particles" type="Particles" parent="Armature/Skeleton/footLeft" index="1"]
time_scale_response = false
transform = Transform( -0.219695, -0.97557, 0.000233511, 0.975569, -0.219695, 0.000691416, -0.000623198, 0.000379683, 1, 0.0094922, 0.156585, 0.00685497 )
emitting = false
amount = 12
lifetime = 0.4
local_coords = false
process_material = SubResource( 89 )
draw_pass_1 = SubResource( 69 )

[node name="footRight" type="BoneAttachment" parent="Armature/Skeleton" index="6"]
time_scale_response = false
transform = Transform( 0.0494269, -0.0418554, 0.997901, 0.76282, -0.643357, -0.0647681, 0.644717, 0.764421, 0.000129409, -0.118792, 0.108879, -0.00115104 )
bone_name = "Ankle.R"

[node name="max_kick_particles" type="Particles" parent="Armature/Skeleton/footRight" index="0"]
time_scale_response = false
transform = Transform( 0.222719, 0.969865, -0.0987868, 0.973008, -0.214865, 0.0841961, 0.060433, -0.114873, -0.991539, -0.0208296, 0.166308, 0.0125393 )
emitting = false
amount = 12
lifetime = 0.4
local_coords = false
process_material = SubResource( 89 )
draw_pass_1 = SubResource( 69 )

[node name="kick_particles" type="Particles" parent="Armature/Skeleton/footRight" index="1"]
time_scale_response = false
transform = Transform( 0.215962, 0.971355, -0.0991552, 0.974529, -0.208147, 0.0834676, 0.0604379, -0.114656, -0.991564, -0.0816975, 0.0667774, 0.0070541 )
emitting = false
amount = 12
lifetime = 0.3
local_coords = false
process_material = SubResource( 67 )
draw_pass_1 = SubResource( 91 )

[node name="chest" type="BoneAttachment" parent="Armature/Skeleton" index="7"]
time_scale_response = false
transform = Transform( 1, -2.88473e-09, 2.69982e-07, -3.44775e-08, 0.988174, 0.153337, -2.47201e-07, -0.153337, 0.988174, -1.56579e-09, 1.01891, -0.0221551 )
bone_name = "BackUpper"

[node name="time_trail" type="ImmediateGeometry" parent="Armature/Skeleton/chest" index="0"]
transform = Transform( 1, -4.47035e-08, 2.23517e-08, 7.45058e-09, 1, 2.98023e-08, 2.98023e-08, 1.19209e-07, 1, 5.05149e-06, 7.98702e-06, -0.0713171 )
visible = false
material_override = SubResource( 169 )
script = ExtResource( 11 )
segments = 8
width = 0.3

[node name="damage_particles" type="Particles" parent="Armature/Skeleton/chest" index="1"]
time_scale_response = false
transform = Transform( 1, 3.55271e-15, -2.84217e-14, 3.55271e-15, 1, 0, 1.42109e-14, 0, 1, 1.73858e-09, 0.0544889, -0.00340463 )
emitting = false
lifetime = 0.25
local_coords = false
process_material = SubResource( 73 )
draw_pass_1 = SubResource( 75 )

[node name="damage_emit_timer" type="Timer" parent="Armature/Skeleton/chest" index="2"]
time_scale_response = false
wait_time = 0.2
one_shot = true

[node name="head" type="BoneAttachment" parent="Armature/Skeleton" index="8"]
time_scale_response = false
transform = Transform( 0.999992, -0.00312117, -0.00249371, -0.00191955, 0.17204, -0.985088, 0.00350363, 0.985085, 0.172032, 0.000121318, 1.21057, -0.0190268 )
bone_name = "Head"

[node name="heal_particles" type="Particles" parent="Armature/Skeleton/head" index="0"]
time_scale_response = false
transform = Transform( 1, -8.40217e-13, 1.42109e-14, -3.2685e-13, 0.258819, 0.965926, 7.10543e-15, -0.965925, 0.258819, 4.20022e-09, 0.03219, -0.120134 )
emitting = false
amount = 70
lifetime = 0.75
local_coords = false
process_material = SubResource( 85 )
draw_pass_1 = SubResource( 87 )

[node name="heal_emit_timer" type="Timer" parent="Armature/Skeleton/head" index="1"]
time_scale_response = false
one_shot = true

[node name="gun" type="BoneAttachment" parent="Armature/Skeleton" index="9"]
time_scale_response = false
transform = Transform( 0.673245, -0.111191, 0.731012, 0.0427352, -0.981125, -0.188593, 0.738184, 0.15821, -0.655785, 0.212083, 0.709138, 0.0582501 )
bone_name = "Gun.R"
script = ExtResource( 9 )

[node name="debug" type="PanelContainer" parent="Armature/Skeleton/gun" index="0"]
visible = false
anchor_top = 0.5
anchor_bottom = 0.5
margin_top = -41.0
margin_right = 96.0
margin_bottom = 41.0

[node name="list" type="VBoxContainer" parent="Armature/Skeleton/gun/debug" index="0"]
margin_left = 7.0
margin_top = 7.0
margin_right = 89.0
margin_bottom = 75.0

[node name="d1" type="Label" parent="Armature/Skeleton/gun/debug/list" index="0"]
margin_right = 82.0
margin_bottom = 14.0
text = "debug data 1"

[node name="d2" type="Label" parent="Armature/Skeleton/gun/debug/list" index="1"]
margin_top = 18.0
margin_right = 82.0
margin_bottom = 32.0

[node name="d3" type="Label" parent="Armature/Skeleton/gun/debug/list" index="2"]
margin_top = 36.0
margin_right = 82.0
margin_bottom = 50.0

[node name="d4" type="Label" parent="Armature/Skeleton/gun/debug/list" index="3"]
margin_top = 54.0
margin_right = 82.0
margin_bottom = 68.0

[node name="base_reference" type="Spatial" parent="Armature/Skeleton/gun" index="1"]
time_scale_response = false
transform = Transform( 0.766044, 0.642788, 2.80971e-08, 0, -4.37114e-08, 1, 0.642788, -0.766045, -3.34849e-08, 0.019, 0.00561577, -0.01722 )

[node name="reference" type="Spatial" parent="Armature/Skeleton/gun" index="2"]
time_scale_response = false
transform = Transform( 0.766044, 0.642788, 2.80971e-08, 0, -4.37114e-08, 1, 0.642788, -0.766045, -3.34849e-08, 0.019, 0.00561577, -0.01722 )

[node name="laser" type="Spatial" parent="Armature/Skeleton/gun/reference" index="0"]
transform = Transform( 1, 0, 9.96806e-10, 0, 1, 1.16415e-10, -1.60799e-09, -4.07454e-10, 1, 0, 0, 0 )

[node name="geometry" type="MeshInstance" parent="Armature/Skeleton/gun/reference/laser" index="0"]
transform = Transform( 1, -1.49012e-08, -3.72529e-09, 0, 1, -1.49012e-08, 1.86265e-09, 5.96046e-08, 1, 0, 0, 0 )
material_override = SubResource( 106 )
mesh = SubResource( 1 )
skeleton = NodePath("../..")

[node name="cast" type="SpringArm" parent="Armature/Skeleton/gun/reference/laser" index="1"]
time_scale_response = false
transform = Transform( 1, 1.49012e-08, 3.1665e-08, -5.96046e-08, 1, -5.96046e-08, 1.67638e-08, -5.96046e-08, 1, -0.00650012, 0.014, 0.0600001 )
collision_mask = 536870917
spring_length = 30.0
script = ExtResource( 10 )
laser_geometry = NodePath("../geometry")

[node name="end" type="MeshInstance" parent="Armature/Skeleton/gun/reference/laser/cast" index="0"]
time_scale_response = false
transform = Transform( 1, 1.49012e-08, 0, 0, 1, 1.49012e-08, 8.9407e-08, 1.49012e-08, 1, 0, 0, 0 )
mesh = SubResource( 107 )
skeleton = NodePath("")
material/0 = SubResource( 170 )

[node name="gun_ik" type="Node" parent="Armature/Skeleton/gun" index="3"]
time_scale_response = false

[node name="target" type="Spatial" parent="Armature/Skeleton/gun/gun_ik" index="0"]
time_scale_response = false

[node name="gun_ik" type="SkeletonIK" parent="Armature/Skeleton" index="10"]
time_scale_response = false
process_priority = 1
root_bone = "Hand.L"
tip_bone = "Gun.R.001"
interpolation = 0.15
target_node = NodePath("../gun/gun_ik/target")

[node name="handRight" type="BoneAttachment" parent="Armature/Skeleton" index="11"]
time_scale_response = false
transform = Transform( 0.68123, 0.0881074, -0.726748, -0.0577862, -0.983162, -0.17336, -0.729785, 0.160094, -0.664668, -0.208609, 0.717036, 0.0439306 )
bone_name = "Object.R"

[node name="ref" type="Spatial" parent="Armature/Skeleton/handRight" index="0"]
time_scale_response = false
transform = Transform( 0.707107, -0.707107, -2.23517e-08, -8.61473e-09, -4.47035e-08, 1, -0.707107, -0.707107, -2.23517e-08, 0, 0, 0 )

[node name="knee_left" type="BoneAttachment" parent="Armature/Skeleton" index="12"]
transform = Transform( -0.0232378, 0.0542526, -0.998257, -0.0778635, -0.995592, -0.0522952, -0.996693, 0.0765125, 0.0273595, 0.0866715, 0.809257, -0.00162998 )
bone_name = "Thign.L"

[node name="ref_leg_left" type="Spatial" parent="Armature/Skeleton/knee_left" index="0"]
transform = Transform( 1, 0, 0, 0, 1, 0, 0, 0, 1, 0, 0.1, 0 )

[node name="knee_right" type="BoneAttachment" parent="Armature/Skeleton" index="13"]
transform = Transform( -0.0232373, -0.0542533, 0.998257, 0.0778731, -0.995591, -0.0522956, 0.996692, 0.0765222, 0.0273597, -0.0866715, 0.809257, -0.00162999 )
bone_name = "Thign.R"

[node name="ref_leg_right" type="Spatial" parent="Armature/Skeleton/knee_right" index="0"]
transform = Transform( 1, 0, 0, 0, 1, 0, 0, 0, 1, 0, 0.1, 0 )

[node name="coat_tails" type="BoneAttachment" parent="Armature/Skeleton" index="14"]
transform = Transform( 1.95605e-07, -4.1992e-08, -1, -8.9407e-08, -1, 4.8722e-08, -1, 8.9407e-08, -2.31391e-07, -0.00271823, 0.9178, 0.00829513 )
bone_name = "Coat"

[node name="lantern" parent="Armature/Skeleton/coat_tails" index="0" instance=ExtResource( 19 )]
transform = Transform( 0.907347, -0.419767, -0.0227483, -0.395735, -0.834639, -0.383109, 0.14183, 0.356615, -0.923424, 0.120476, 0.0975425, -0.110806 )
visible = false
light_enabled = false

[node name="AnimationPlayer" parent="." index="1"]
time_scale_response = false
playback_process_mode = 0

[node name="AnimationTree" type="AnimationTree" parent="." index="2"]
time_scale_response = false
tree_root = ExtResource( 18 )
anim_player = NodePath("../AnimationPlayer")
active = true
process_mode = 0
parameters/Aim/blend_position = Vector2( -0.0186567, 0 )
parameters/Fire/active = false
parameters/Gun/blend_amount = 0.0
parameters/GunHold/blend_amount = 0
parameters/WholeBody/playback = SubResource( 8 )
parameters/WholeBody/Climb/blend_position = Vector2( -0.00294983, 0 )
parameters/WholeBody/Crouch/blend_position = 0
parameters/WholeBody/Hover/blend_position = Vector2( 0, 0 )
parameters/WholeBody/LungeKick/blend_position = 0
parameters/WholeBody/Slide/blend_position = 0
parameters/WholeBody/Walk/blend_position = 0

[node name="audio" type="Spatial" parent="." index="3"]
time_scale_response = false

[node name="item_sound0" type="AudioStreamPlayer" parent="audio" index="0"]
time_scale_response = false
volume_db = -10.0
bus = "SFX_Player"

[node name="item_sound1" type="AudioStreamPlayer" parent="audio" index="1"]
time_scale_response = false
volume_db = -10.0
bus = "SFX_Player"

[node name="feet" type="AudioStreamPlayer" parent="audio" index="2"]
time_scale_response = false
stream = ExtResource( 6 )
volume_db = -10.0
bus = "SFX_Player"

[node name="attack" type="AudioStreamPlayer" parent="audio" index="3"]
volume_db = -10.0
bus = "SFX_Player"

[node name="dive_particles" type="Particles" parent="." index="4"]
time_scale_response = false
transform = Transform( 1, 0, 0, 0, 1, 0, 0, 0, 1, 0, 0.0550611, 0.672029 )
emitting = false
amount = 24
lifetime = 0.5
local_coords = false
process_material = SubResource( 72 )
draw_pass_1 = SubResource( 91 )

[node name="max_dive_particles" type="Particles" parent="." index="5"]
time_scale_response = false
transform = Transform( 1, 0, 0, 0, 1, 0, 0, 0, 1, 0, 0.0550611, 0.672029 )
emitting = false
amount = 32
lifetime = 0.5
local_coords = false
process_material = SubResource( 92 )
draw_pass_1 = SubResource( 69 )

[node name="drop_shadow" type="SpotLight" parent="." index="6"]
transform = Transform( 1, 0, 0, 0, -4.37114e-08, 1, 0, -1, -4.37114e-08, 0.102847, 0.706086, -3.0864e-08 )
light_energy = 0.4
light_negative = true
light_cull_mask = 4294967293
spot_range = 2.27177
spot_attenuation = 1.62451
spot_angle = 16.0
spot_angle_attenuation = 0.659755
script = ExtResource( 12 )
target_node = NodePath("../Armature/Skeleton/knee_left/ref_leg_left")
offset = Vector3( 0, 0.3, 0 )

[node name="drop_shadow2" type="SpotLight" parent="." index="7"]
transform = Transform( 1, 0, 0, 0, -4.37114e-08, 1, 0, -1, -4.37114e-08, -0.0936526, 0.706086, -3.0864e-08 )
light_energy = 0.4
light_negative = true
light_cull_mask = 4294967293
spot_range = 2.27177
spot_attenuation = 1.62451
spot_angle = 16.0
spot_angle_attenuation = 0.659755
script = ExtResource( 12 )
target_node = NodePath("../Armature/Skeleton/knee_right/ref_leg_right")
offset = Vector3( 0, 0.3, 0 )

[connection signal="timeout" from="Armature/Skeleton/chest/damage_emit_timer" to="." method="_on_damage_emit_timer_timeout"]
[connection signal="timeout" from="Armature/Skeleton/head/heal_emit_timer" to="." method="_on_heal_emit_timer_timeout"]
