[gd_scene load_steps=4 format=2]

[ext_resource path="res://player/jackie.tscn" type="PackedScene" id=1]
[ext_resource path="res://material/env/ancient/white_metal.material" type="Material" id=2]

[sub_resource type="AnimationNodeStateMachinePlayback" id=1]

[node name="doppleganger" instance=ExtResource( 1 )]

[node name="coat" parent="Armature/Skeleton" index="0"]
material_override = ExtResource( 2 )
material/0 = null

[node name="hair" parent="Armature/Skeleton" index="1"]
material_override = ExtResource( 2 )

[node name="hover_board" parent="Armature/Skeleton" index="2"]
material_override = ExtResource( 2 )

[node name="jackie" parent="Armature/Skeleton" index="3"]
material_override = ExtResource( 2 )

[node name="pants" parent="Armature/Skeleton" index="4"]
material_override = ExtResource( 2 )

[node name="footLeft" parent="Armature/Skeleton" index="5"]
transform = Transform( 0.04926, 0.0415522, -0.997921, -0.761508, -0.644943, -0.0644446, -0.64628, 0.763099, -0.000127306, 0.118736, 0.108814, -0.00271865 )

[node name="footRight" parent="Armature/Skeleton" index="6"]
transform = Transform( 0.0494437, -0.0417979, 0.997903, 0.762638, -0.643576, -0.0647433, 0.644931, 0.764239, 5.55757e-05, -0.118557, 0.10882, -0.00239712 )

[node name="chest" parent="Armature/Skeleton" index="7"]
transform = Transform( 1, -9.49708e-06, -0.000146772, 3.18199e-05, 0.988238, 0.152922, 0.000143541, -0.152922, 0.988238, -0.00109612, 1.01887, -0.00285356 )

[node name="head" parent="Armature/Skeleton" index="8"]
transform = Transform( 0.999999, -0.00104405, -0.000733731, -0.000517919, 0.193468, -0.981106, 0.00116622, 0.981106, 0.193467, -0.00106205, 1.21091, -0.00176893 )

[node name="gun" parent="Armature/Skeleton" index="9"]
transform = Transform( 0.720942, -0.116358, 0.683157, -0.109844, -0.992528, -0.0531328, 0.684235, -0.036735, -0.728336, 0.210003, 0.702603, -2.41483e-05 )

[node name="handRight" parent="Armature/Skeleton" index="11"]
transform = Transform( 0.710051, 0.0822811, -0.699326, 0.000697435, -0.993231, -0.116153, -0.70415, 0.0819865, -0.705302, -0.210326, 0.715725, 0.0209749 )

[node name="knee_left" parent="Armature/Skeleton" index="12"]
transform = Transform( -0.0287858, 0.0550995, -0.998066, -0.0397897, -0.997751, -0.0539345, -0.998794, 0.03816, 0.0309136, 0.0855745, 0.809199, 0.0175856 )

[node name="knee_right" parent="Armature/Skeleton" index="13"]
transform = Transform( -0.0234592, -0.0516433, 0.998391, 0.0424519, -0.997816, -0.0506157, 0.998823, 0.0411962, 0.0255999, -0.0877686, 0.809226, 0.0175819 )

[node name="coat_tails" parent="Armature/Skeleton" index="14"]
transform = Transform( -0.000200869, 0.000178015, -1, 0.000486106, -1, -0.000178088, -1, -0.000486076, 0.000200737, -0.00381434, 0.917751, 0.0275537 )

[node name="AnimationTree" parent="." index="2"]
parameters/WholeBody/playback = SubResource( 1 )
